5     53    45000 60    25    30   
0     40    50    0     40    50    1236  0     
1 58 57 40 27 17 40 9863 2 32 5 15 0 25 6 12 1 4.0
2 29 47 40 50 18 40 1696 1 26 9 18 0 6.0
3 47 59 40 25 45 40 3441 2 32 11 12 0 20 14 15 0 6.0
4 69 83 40 21 68 40 45000 3 34 11 8 0 17 14 8 0 21 12 14 1 4.0
5 55 46 40 39 77 40 1893 3 16 15 11 0 14 5 15 0 25 13 14 1 6.0
6 56 18 40 23 62 40 2924 1 19 12 18 0 6.0
7 55 24 40 67 56 40 22246 2 35 14 18 0 33 7 17 0 5.0
8 22 35 40 29 44 40 32402 3 18 13 16 0 28 14 15 1 28 14 10 1 4.0
9 27 71 40 45 82 40 13425 3 33 15 6 0 32 7 12 0 17 8 18 1 5.0
10 28 70 40 48 48 40 14750 1 31 9 15 0 4.0
11 36 16 40 11 84 40 5807 1 25 9 18 0 5.0
12 46 34 40 66 41 40 5215 1 32 12 11 0 5.0
13 26 15 40 33 36 40 39209 3 32 13 15 0 28 10 14 0 26 8 15 0 4.0
14 55 81 40 45 36 40 3200 1 32 8 16 0 6.0
15 46 61 40 19 43 40 9051 2 14 9 16 0 35 13 14 1 5.0
16 62 41 40 39 63 40 9047 1 29 12 12 0 4.0
17 57 34 40 37 62 40 12975 2 35 11 13 0 25 9 15 0 5.0
18 42 67 40 18 71 40 7422 3 34 12 17 0 36 13 8 0 18 5 18 0 6.0
19 22 77 40 60 59 40 45000 3 32 13 16 0 32 9 6 0 33 14 12 1 4.0
20 28 16 40 45 30 40 16959 2 32 11 17 0 20 9 14 0 4.0
21 60 23 40 51 17 40 10827 2 20 14 16 0 30 11 11 1 5.0
22 13 56 40 59 82 40 6007 3 25 8 8 0 30 5 10 1 12 10 8 1 5.0
23 58 47 40 66 84 40 23283 3 16 12 17 0 34 6 12 0 15 14 13 1 4.0
24 43 62 40 11 33 40 7507 1 18 15 15 0 5.0
25 14 83 40 22 28 40 45000 3 21 14 12 0 12 6 15 0 34 14 16 1 4.0
26 15 63 40 56 67 40 780 1 26 10 16 0 6.0
27 45 83 40 20 84 40 2555 1 26 12 13 0 6.0
28 66 20 40 47 32 40 23920 1 30 14 10 0 4.0
29 26 42 40 29 67 40 7153 3 23 14 16 0 29 10 16 1 32 10 12 1 6.0
30 13 42 40 29 36 40 1989 2 32 7 13 0 19 11 6 0 6.0
31 22 50 40 47 71 40 45000 3 29 12 10 0 33 7 14 0 32 13 17 1 4.0
32 45 68 40 29 54 40 9867 3 29 10 13 0 36 6 17 0 12 7 11 0 5.0
33 44 48 40 55 21 40 8094 3 25 5 14 0 33 7 6 0 12 5 17 0 5.0
34 32 71 40 67 32 40 30899 2 36 10 12 0 27 11 14 0 4.0
35 66 72 40 58 81 40 9216 3 32 12 14 0 31 11 14 0 31 12 11 0 6.0
36 23 77 40 20 52 40 2226 1 19 13 17 1 6.0
37 44 69 40 56 80 40 2811 3 16 10 12 0 22 5 7 0 15 13 7 1 6.0
38 39 19 40 21 56 40 6166 3 33 13 9 0 29 12 10 0 22 7 6 0 6.0
39 39 31 40 13 59 40 17746 3 32 13 13 0 32 13 12 0 18 13 16 1 5.0
40 52 29 40 39 41 40 5761 1 29 8 18 0 5.0
41 28 48 40 66 61 40 10628 2 31 15 12 0 14 14 14 1 5.0
42 19 18 40 23 67 40 1072 1 31 8 17 0 6.0
43 35 23 40 45 43 40 45000 2 36 13 18 0 31 8 17 1 4.0
44 70 44 40 61 39 40 6912 2 35 15 10 1 31 8 12 1 5.0
45 64 20 40 37 35 40 10904 1 25 12 14 0 4.0
46 37 58 40 38 26 40 13702 1 29 11 13 0 4.0
47 17 19 40 42 47 40 6544 2 21 14 11 0 31 10 17 1 6.0
48 29 62 40 30 82 40 1550 1 24 11 16 0 6.0
49 20 38 40 23 38 40 30750 3 25 14 10 0 32 14 13 1 23 10 17 1 4.0
50 60 35 40 44 82 40 5399 1 32 10 13 0 5.0
51 25 51 40 60 30 40 3945 2 20 10 12 0 16 8 14 0 5.0
52 34 42 40 49 36 40 23330 2 28 13 18 0 15 8 16 0 4.0
53 68 64 40 45 25 40 8411 1 35 8 15 0 4.0
