5     53    45000 60    25    30   
0     40    50    0     40    50    1236  0     
1 42 23 40 57 47 40 6437 1 28 13 9 0 4.0
2 22 55 40 54 44 40 4125 1 29 11 10 0 5.0
3 47 19 40 14 57 40 2716 1 24 15 9 0 6.0
4 22 56 40 46 20 40 45000 4 24 10 10 0 22 13 8 0 13 10 9 0 17 6 7 0 4.0
5 20 52 40 38 30 40 1955 5 36 7 11 0 12 7 10 0 12 6 6 0 12 10 12 1 14 7 9 1 6.0
6 20 46 40 47 20 40 5681 5 23 9 10 0 19 9 10 0 13 10 11 0 13 5 6 0 21 7 7 1 6.0
7 60 57 40 16 52 40 7621 5 33 14 6 0 26 7 13 0 30 6 12 0 23 7 6 0 16 5 16 1 6.0
8 46 24 40 23 49 40 5927 5 25 13 11 0 33 6 15 0 36 7 9 0 20 7 15 0 20 11 10 1 6.0
9 38 31 40 56 53 40 16627 3 33 5 16 0 21 9 11 0 17 11 9 0 4.0
10 39 24 40 43 30 40 21928 5 27 9 8 0 23 5 8 0 13 5 14 0 25 10 6 1 26 5 8 1 4.0
11 37 82 40 43 72 40 4574 1 24 8 17 0 5.0
12 45 74 40 56 49 40 5590 2 31 9 8 0 15 7 9 0 4.0
13 24 50 40 39 78 40 8597 1 32 9 11 0 4.0
14 38 75 40 61 44 40 3097 1 23 11 13 0 5.0
15 42 25 40 41 32 40 4543 3 35 7 12 0 27 9 11 0 14 7 9 0 6.0
16 55 49 40 44 29 40 4503 1 30 12 9 1 5.0
17 40 29 40 23 56 40 3524 4 29 12 7 0 27 10 6 0 21 9 6 0 19 6 10 1 6.0
18 45 19 40 22 47 40 9397 5 31 8 14 0 14 11 15 0 14 11 10 0 15 8 12 0 25 5 9 0 5.0
19 62 46 40 61 45 40 45000 3 21 11 7 0 19 11 7 0 32 6 17 1 4.0
20 24 44 40 36 78 40 11269 4 35 9 14 0 26 5 15 0 12 12 11 0 17 10 9 0 5.0
21 62 50 40 65 54 40 7954 4 16 12 14 0 20 8 10 0 16 7 6 0 13 13 8 1 5.0
22 16 53 40 14 49 40 1580 1 33 9 11 0 6.0
23 39 26 40 60 54 40 1388 3 19 12 16 0 13 12 9 0 26 8 6 1 6.0
24 47 25 40 56 54 40 2392 1 35 7 13 0 6.0
25 26 47 40 43 20 40 10875 1 21 11 14 0 4.0
26 40 75 40 39 75 40 17389 5 12 14 9 0 13 9 12 0 20 11 18 1 25 12 7 1 19 7 7 1 4.0
27 26 53 40 41 81 40 4051 1 33 9 11 0 5.0
28 58 51 40 64 54 40 19201 1 13 14 18 0 4.0
29 45 75 40 43 76 40 10661 4 13 14 13 0 28 10 14 1 20 11 16 1 27 13 9 1 6.0
30 39 76 40 19 49 40 3614 2 22 14 6 0 17 6 14 0 5.0
31 40 76 40 60 53 40 31636 4 33 10 16 0 17 11 13 0 33 6 12 0 22 8 17 1 4.0
32 36 20 40 27 50 40 15390 4 27 12 14 0 15 14 8 0 16 7 10 0 16 8 18 1 4.0
33 63 53 40 60 56 40 7012 4 36 6 7 0 14 6 14 0 13 13 14 1 25 5 12 1 5.0
34 67 52 40 66 45 40 18247 5 27 10 16 0 36 13 7 0 27 6 15 0 22 9 6 0 23 15 6 1 5.0
35 40 69 40 41 75 40 3319 1 23 10 14 0 5.0
36 41 28 40 37 71 40 1895 1 20 10 16 0 6.0
37 20 50 40 60 55 40 4348 1 26 14 9 0 5.0
38 40 71 40 41 25 40 10707 5 27 10 7 0 30 5 9 0 13 6 10 0 13 5 9 0 12 8 18 1 4.0
39 18 54 40 34 81 40 13033 5 33 11 12 0 24 8 12 0 16 6 6 0 21 11 15 1 12 14 14 1 5.0
40 15 55 40 40 22 40 5843 2 24 5 10 0 15 11 12 1 4.0
41 59 56 40 35 75 40 3387 3 20 8 15 0 21 7 15 0 24 7 11 0 6.0
42 38 71 40 17 48 40 6500 1 19 12 14 1 4.0
43 60 47 40 24 52 40 41114 4 25 13 9 0 14 13 14 1 26 8 11 1 30 7 9 1 4.0
44 35 76 40 37 69 40 3797 5 19 9 9 0 25 6 10 0 21 5 10 0 22 5 9 0 14 6 18 1 6.0
45 36 23 40 20 51 40 751 2 30 6 10 0 27 6 9 0 6.0
46 22 57 40 27 56 40 20787 5 20 8 9 0 16 12 7 0 14 5 12 0 16 12 7 1 32 7 6 1 4.0
47 43 23 40 38 22 40 8187 5 13 13 18 0 17 10 12 0 15 10 11 0 14 11 10 0 18 9 10 1 6.0
48 55 52 40 37 74 40 3592 1 25 7 18 0 5.0
49 47 26 40 19 56 40 38545 4 33 15 11 0 25 12 13 0 12 14 16 0 13 5 15 0 4.0
50 60 44 40 44 20 40 8835 5 22 11 7 0 16 13 8 0 31 11 9 1 22 13 7 1 28 7 6 1 5.0
51 38 82 40 39 81 40 2874 1 31 7 15 1 6.0
52 64 44 40 44 74 40 26938 4 28 11 14 0 16 11 12 0 30 5 11 0 16 7 14 0 4.0
53 34 70 40 58 50 40 5906 4 18 12 15 0 28 9 6 0 27 5 7 0 25 5 7 0 5.0
