5     52    45000 60    25    30   
0     40    50    0     40    50    1236  0     
1 53 58 40 62 47 40 9440 2 31 7 7 0 12 9 18 1 4.0
2 20 57 40 17 39 40 6627 2 28 9 7 0 18 5 18 0 5.0
3 26 57 40 41 75 40 2031 1 16 12 18 0 6.0
4 56 57 40 28 45 40 4047 2 29 12 7 0 12 6 14 1 5.0
5 47 21 40 34 70 40 1469 1 33 14 15 0 6.0
6 56 66 40 40 76 40 7122 1 19 15 12 0 4.0
7 21 60 40 16 34 40 45000 3 23 15 17 0 17 13 11 0 24 7 11 0 4.0
8 39 31 40 59 35 40 12979 3 35 11 16 0 25 15 14 0 28 13 6 0 5.0
9 43 28 40 64 40 40 8300 3 28 11 12 0 17 9 8 0 28 12 6 1 5.0
10 37 30 40 22 40 40 13276 3 27 12 10 0 36 7 10 0 27 7 6 0 5.0
11 28 65 40 40 71 40 4559 2 14 10 14 0 18 6 14 0 5.0
12 54 54 40 63 35 40 29617 1 29 13 18 1 4.0
13 44 27 40 23 40 40 45000 3 32 8 15 0 27 14 16 1 17 15 16 1 4.0
14 27 60 40 64 42 40 22704 1 19 15 12 0 4.0
15 19 62 40 47 69 40 1078 1 36 12 8 0 6.0
16 65 56 40 56 46 40 1821 1 15 15 15 0 6.0
17 16 57 40 17 43 40 17819 2 34 6 18 0 21 13 12 0 4.0
18 40 26 40 34 77 40 3459 3 18 14 16 0 30 6 12 0 35 12 10 1 6.0
19 40 29 40 20 44 40 11773 1 35 10 10 0 4.0
20 21 57 40 65 47 40 3034 1 33 8 13 0 5.0
21 54 67 40 26 43 40 1635 3 15 5 13 0 30 9 15 1 12 12 14 1 6.0
22 21 67 40 56 37 40 20418 2 20 10 8 0 18 7 15 1 4.0
23 59 60 40 36 79 40 975 1 31 7 16 0 6.0
24 55 67 40 42 75 40 1757 2 29 10 13 0 22 15 10 0 6.0
25 22 63 40 21 37 40 45000 2 36 10 6 0 35 6 6 0 4.0
26 65 67 40 35 79 40 2454 1 17 13 16 1 6.0
27 15 54 40 59 39 40 13898 3 33 11 15 0 36 7 8 0 18 12 14 1 5.0
28 62 60 40 39 71 40 3866 2 13 11 14 0 17 5 17 1 5.0
29 21 58 40 21 39 40 21139 3 29 13 15 0 15 10 16 0 34 13 13 1 5.0
30 53 66 40 39 81 40 4418 1 29 9 13 0 5.0
31 38 19 40 20 46 40 43571 2 34 15 15 0 35 14 12 0 4.0
32 27 58 40 39 73 40 3109 3 34 11 15 0 18 8 12 0 32 6 16 1 6.0
33 66 60 40 46 70 40 6787 2 33 5 12 0 18 14 6 0 5.0
34 40 30 40 65 41 40 14965 2 21 12 15 1 12 15 17 1 4.0
35 35 23 40 26 36 40 3222 2 18 7 16 0 18 12 7 0 5.0
36 28 67 40 59 40 40 1656 1 34 6 17 1 6.0
37 61 55 40 15 39 40 45000 3 35 5 17 0 24 15 6 0 31 11 15 1 4.0
38 56 59 40 23 35 40 4055 3 16 5 18 0 14 6 17 0 27 9 17 1 6.0
39 57 64 40 63 42 40 9583 2 27 12 6 1 14 7 16 1 4.0
40 37 23 40 44 74 40 1876 2 21 9 11 0 24 6 9 0 6.0
41 17 64 40 38 75 40 7936 2 17 13 6 0 30 5 14 1 4.0
42 38 20 40 40 79 40 9365 2 29 15 18 0 15 13 14 0 5.0
43 27 62 40 17 41 40 5292 2 25 10 8 0 19 5 15 0 5.0
44 65 61 40 55 40 40 20356 3 23 13 17 0 27 7 18 0 32 7 8 0 4.0
45 40 24 40 53 39 40 1795 2 19 7 17 0 20 5 12 1 6.0
46 34 20 40 63 46 40 45000 2 33 13 9 0 26 15 8 0 4.0
47 45 23 40 59 37 40 4032 2 12 14 11 0 14 12 10 0 5.0
48 28 64 40 43 75 40 11769 3 32 13 17 0 21 14 14 0 24 10 10 0 6.0
49 44 25 40 18 40 40 8035 1 29 12 10 1 4.0
50 63 57 40 16 45 40 545 2 19 8 18 0 14 9 6 0 6.0
51 37 20 40 64 38 40 14515 3 26 15 11 0 31 11 11 0 19 8 15 1 5.0
52 59 66 40 36 73 40 5455 1 31 13 17 0 6.0
