5     53    45000 60    25    30   
0     40    50    0     40    50    1236  0     
1 58 57 40 27 17 40 9891 2 18 14 12 0 22 9 6 1 4.0
2 29 47 40 50 18 40 1698 3 16 11 10 0 18 12 7 0 15 9 7 0 6.0
3 47 59 40 25 45 40 3445 4 34 6 17 0 24 11 9 0 17 12 6 0 15 7 13 1 6.0
4 69 83 40 21 68 40 45000 5 32 7 11 0 17 8 18 0 19 8 11 0 17 10 7 0 16 6 7 1 4.0
5 55 46 40 39 77 40 1896 4 25 13 11 0 24 14 7 0 15 8 9 0 26 6 8 1 6.0
6 56 18 40 23 62 40 2932 1 21 14 14 0 6.0
7 55 24 40 67 56 40 22288 5 34 8 18 0 20 6 17 0 15 11 11 0 35 6 7 0 25 6 17 1 5.0
8 22 35 40 29 44 40 32445 4 33 10 14 0 25 11 10 0 34 10 12 1 32 6 11 1 4.0
9 27 71 40 45 82 40 13455 5 16 9 9 0 18 6 10 0 18 9 15 1 23 10 9 1 12 13 8 1 5.0
10 28 70 40 48 48 40 14753 1 23 13 14 1 4.0
11 36 16 40 11 84 40 5821 2 35 10 9 0 26 5 7 1 5.0
12 46 34 40 66 41 40 5215 2 32 8 9 0 15 8 16 1 5.0
13 26 15 40 33 36 40 39277 5 26 9 16 0 35 7 14 0 28 9 7 0 12 9 12 0 31 9 11 1 4.0
14 55 81 40 45 36 40 3207 1 19 12 18 0 6.0
15 46 61 40 19 43 40 9071 4 32 13 7 0 31 13 7 0 32 5 9 0 14 8 11 1 5.0
16 62 41 40 39 63 40 9047 2 33 12 7 0 18 6 13 0 4.0
17 57 34 40 37 62 40 12996 4 33 7 17 0 21 9 10 0 18 11 7 1 34 5 7 1 5.0
18 42 67 40 18 71 40 7434 5 23 6 18 0 24 6 17 0 27 12 7 0 12 5 6 0 28 10 17 1 6.0
19 22 77 40 60 59 40 45000 4 30 14 15 0 21 13 16 0 16 14 9 0 16 5 16 0 4.0
20 28 16 40 45 30 40 17001 5 18 11 13 0 36 6 10 0 13 13 11 0 17 6 10 0 19 8 6 0 4.0
21 60 23 40 51 17 40 10849 5 20 10 17 0 24 8 8 0 12 11 10 0 13 10 10 0 19 5 6 0 5.0
22 13 56 40 59 82 40 6007 1 29 14 10 0 5.0
23 58 47 40 66 84 40 23336 4 31 15 7 0 27 14 7 0 15 7 16 1 22 5 8 1 4.0
24 43 62 40 11 33 40 7526 1 29 10 14 0 5.0
25 14 83 40 22 28 40 45000 4 29 15 13 0 26 12 6 0 32 8 10 1 36 5 12 1 4.0
26 15 63 40 56 67 40 780 1 32 10 13 0 6.0
27 45 83 40 20 84 40 2563 2 26 13 9 1 19 6 9 1 6.0
28 66 20 40 47 32 40 23920 1 35 12 10 1 4.0
29 26 42 40 29 67 40 7158 4 29 10 17 0 30 10 11 0 22 13 12 1 18 11 10 1 6.0
30 13 42 40 29 36 40 1994 1 29 8 18 0 6.0
31 22 50 40 47 71 40 45000 5 28 14 12 0 31 7 14 0 18 11 13 0 21 6 16 0 14 13 8 1 4.0
32 45 68 40 29 54 40 9886 5 30 8 9 0 30 5 14 0 16 7 15 0 18 7 11 0 16 11 6 0 5.0
33 44 48 40 55 21 40 8112 2 25 7 15 0 22 5 14 0 5.0
34 32 71 40 67 32 40 30935 4 32 14 6 0 19 10 11 0 30 9 7 0 14 10 13 1 4.0
35 66 72 40 58 81 40 9221 5 23 15 13 0 26 12 13 0 14 15 16 0 33 5 9 0 12 9 8 0 6.0
36 23 77 40 20 52 40 2226 1 25 14 12 0 6.0
37 44 69 40 56 80 40 2814 1 29 14 10 0 6.0
38 39 19 40 21 56 40 6181 4 28 6 17 0 25 11 8 1 24 5 15 1 13 11 10 1 6.0
39 39 31 40 13 59 40 17769 4 33 5 14 0 34 14 18 1 24 6 16 1 14 5 14 1 5.0
40 52 29 40 39 41 40 5766 2 14 10 17 0 12 15 10 0 5.0
41 28 48 40 66 61 40 10640 5 28 10 8 0 20 10 9 0 16 8 17 1 17 13 7 1 19 5 6 1 5.0
42 19 18 40 23 67 40 1074 1 33 8 16 0 6.0
43 35 23 40 45 43 40 45000 4 33 11 16 0 34 13 6 0 16 9 17 0 21 12 7 1 4.0
44 70 44 40 61 39 40 6924 4 29 8 15 0 36 5 14 0 12 9 12 0 15 9 7 0 5.0
45 64 20 40 37 35 40 10904 1 28 15 10 0 4.0
46 37 58 40 38 26 40 13712 2 20 10 16 0 19 5 10 0 4.0
47 17 19 40 42 47 40 6550 5 22 15 10 0 27 7 8 0 13 15 7 0 15 8 11 0 13 6 13 0 6.0
48 29 62 40 30 82 40 1550 1 32 11 12 0 6.0
49 20 38 40 23 38 40 30815 4 34 15 17 0 28 11 7 0 15 10 10 0 13 12 6 0 4.0
50 60 35 40 44 82 40 5399 1 20 13 16 0 5.0
51 25 51 40 60 30 40 3953 1 28 10 15 0 5.0
52 34 42 40 49 36 40 23330 4 24 9 16 0 15 12 17 0 13 6 17 0 15 6 7 0 4.0
53 68 64 40 45 25 40 8411 1 28 10 15 0 4.0
