5     52    45000 60    25    30   
0     40    50    0     40    50    1236  0     
1 26 48 40 64 38 40 6805 2 31 7 7 0 12 9 18 1 4.0
2 34 70 40 17 45 40 4376 2 28 9 7 0 18 5 18 0 5.0
3 15 40 40 30 84 40 2897 1 16 12 18 0 6.0
4 21 42 40 52 73 40 45000 2 29 12 7 0 12 6 14 1 4.0
5 64 62 40 23 58 40 2128 1 33 14 15 0 6.0
6 69 67 40 20 29 40 2931 1 19 15 12 0 6.0
7 49 68 40 43 28 40 8100 3 23 15 17 0 17 13 11 0 24 7 11 0 6.0
8 19 74 40 14 76 40 6144 3 35 11 16 0 25 15 14 0 28 13 6 0 6.0
9 15 41 40 17 16 40 18014 3 28 11 12 0 17 9 8 0 28 12 6 1 4.0
10 20 83 40 44 17 40 23942 3 27 12 10 0 36 7 10 0 27 7 6 0 4.0
11 55 62 40 64 26 40 4865 2 14 10 14 0 18 6 14 0 5.0
12 12 16 40 68 18 40 11940 1 29 13 18 1 4.0
13 30 28 40 32 42 40 37904 3 32 8 15 0 27 14 16 1 17 15 16 1 4.0
14 14 34 40 54 31 40 3221 1 19 15 12 0 5.0
15 46 24 40 16 43 40 2417 1 36 12 8 0 6.0
16 67 38 40 27 50 40 4690 1 15 15 15 0 5.0
17 51 21 40 26 34 40 3868 2 34 6 18 0 21 13 12 0 6.0
18 33 56 40 52 42 40 9877 3 18 14 16 0 30 6 12 0 35 12 10 1 5.0
19 42 42 40 68 35 40 31552 1 35 10 10 0 4.0
20 11 36 40 64 40 40 4082 1 33 8 13 0 5.0
21 60 69 40 38 63 40 8873 3 15 5 13 0 30 9 15 1 12 12 14 1 5.0
22 18 25 40 19 42 40 1688 2 20 10 8 0 18 7 15 1 6.0
23 52 60 40 69 84 40 765 1 31 7 16 0 6.0
24 46 80 40 62 32 40 5310 2 29 10 13 0 22 15 10 0 6.0
25 11 53 40 16 72 40 11501 2 36 10 6 0 35 6 6 0 4.0
26 64 56 40 51 15 40 6206 1 17 13 16 1 4.0
27 11 45 40 43 57 40 13001 3 33 11 15 0 36 7 8 0 18 12 14 1 5.0
28 23 23 40 70 62 40 20203 2 13 11 14 0 17 5 17 1 4.0
29 50 74 40 46 38 40 11349 3 29 13 15 0 15 10 16 0 34 13 13 1 6.0
30 19 50 40 10 74 40 3743 1 29 9 13 0 5.0
31 65 23 40 20 38 40 32727 2 34 15 15 0 35 14 12 0 4.0
32 13 20 40 59 83 40 16619 3 34 11 15 0 18 8 12 0 32 6 16 1 4.0
33 59 30 40 61 72 40 3736 2 33 5 12 0 18 14 6 0 5.0
34 39 17 40 37 64 40 9395 2 21 12 15 1 12 15 17 1 5.0
35 23 77 40 10 60 40 3636 2 18 7 16 0 18 12 7 0 5.0
36 24 62 40 54 15 40 2054 1 34 6 17 1 6.0
37 24 19 40 67 53 40 13603 3 35 5 17 0 24 15 6 0 31 11 15 1 5.0
38 51 73 40 36 44 40 11833 3 16 5 18 0 14 6 17 0 27 9 17 1 4.0
39 12 78 40 46 51 40 3507 2 27 12 6 1 14 7 16 1 5.0
40 44 54 40 61 47 40 6201 2 21 9 11 0 24 6 9 0 4.0
41 39 67 40 30 54 40 1798 2 17 13 6 0 30 5 14 1 6.0
42 45 83 40 17 23 40 21503 2 29 15 18 0 15 13 14 0 4.0
43 51 84 40 65 67 40 14591 2 25 10 8 0 19 5 15 0 4.0
44 17 60 40 57 78 40 5920 3 23 13 17 0 27 7 18 0 32 7 8 0 6.0
45 41 52 40 42 23 40 798 2 19 7 17 0 20 5 12 1 6.0
46 18 44 40 22 71 40 22990 2 33 13 9 0 26 15 8 0 4.0
47 43 44 40 42 34 40 2920 2 12 14 11 0 14 12 10 0 6.0
48 23 19 40 23 41 40 15494 3 32 13 17 0 21 14 14 0 24 10 10 0 5.0
49 26 74 40 25 36 40 10312 1 29 12 10 1 4.0
50 69 40 40 55 53 40 3212 2 19 8 18 0 14 9 6 0 5.0
51 16 38 40 19 61 40 9113 3 26 15 11 0 31 11 11 0 19 8 15 1 6.0
52 36 52 40 40 80 40 6380 1 31 13 17 0 5.0
