5     53    45000 60    25    30   
0     40    50    0     40    50    1236  0     
1 16 46 40 17 49 40 10289 2 18 14 12 0 22 9 6 1 4.0
2 63 47 40 45 23 40 7496 3 16 11 10 0 18 12 7 0 15 9 7 0 5.0
3 22 47 40 56 46 40 3671 4 34 6 17 0 24 11 9 0 17 12 6 0 15 7 13 1 6.0
4 37 28 40 24 47 40 29441 5 32 7 11 0 17 8 18 0 19 8 11 0 17 10 7 0 16 6 7 1 4.0
5 57 56 40 34 28 40 3466 4 25 13 11 0 24 14 7 0 15 8 9 0 26 6 8 1 6.0
6 40 75 40 14 50 40 2678 1 21 14 14 0 6.0
7 45 75 40 43 23 40 17011 5 34 8 18 0 20 6 17 0 15 11 11 0 35 6 7 0 25 6 17 1 5.0
8 66 49 40 22 44 40 13260 4 33 10 14 0 25 11 10 0 34 10 12 1 32 6 11 1 5.0
9 21 44 40 46 25 40 14489 5 16 9 9 0 18 6 10 0 18 9 15 1 23 10 9 1 12 13 8 1 5.0
10 44 76 40 25 52 40 21727 1 23 13 14 1 4.0
11 64 53 40 63 50 40 9583 2 35 10 9 0 26 5 7 1 4.0
12 42 79 40 55 48 40 1403 2 32 8 9 0 15 8 16 1 6.0
13 42 73 40 43 32 40 45000 5 26 9 16 0 35 7 14 0 28 9 7 0 12 9 12 0 31 9 11 1 4.0
14 60 52 40 42 69 40 4510 1 19 12 18 0 5.0
15 16 52 40 42 81 40 5342 4 32 13 7 0 31 13 7 0 32 5 9 0 14 8 11 1 6.0
16 37 80 40 40 73 40 22479 2 33 12 7 0 18 6 13 0 4.0
17 47 72 40 44 73 40 1884 4 33 7 17 0 21 9 10 0 18 11 7 1 34 5 7 1 6.0
18 59 50 40 37 26 40 25181 5 23 6 18 0 24 6 17 0 27 12 7 0 12 5 6 0 28 10 17 1 4.0
19 34 79 40 54 46 40 45000 4 30 14 15 0 21 13 16 0 16 14 9 0 16 5 16 0 4.0
20 43 29 40 36 30 40 11869 5 18 11 13 0 36 6 10 0 13 13 11 0 17 6 10 0 19 8 6 0 5.0
21 47 19 40 26 52 40 5104 5 20 10 17 0 24 8 8 0 12 11 10 0 13 10 10 0 19 5 6 0 6.0
22 46 75 40 20 56 40 7232 1 29 14 10 0 5.0
23 45 76 40 42 77 40 19261 4 31 15 7 0 27 14 7 0 15 7 16 1 22 5 8 1 4.0
24 40 81 40 44 78 40 3052 1 29 10 14 0 6.0
25 24 56 40 42 26 40 22064 4 29 15 13 0 26 12 6 0 32 8 10 1 36 5 12 1 5.0
26 22 50 40 43 25 40 3409 1 32 10 13 0 6.0
27 67 50 40 55 55 40 3064 2 26 13 9 1 19 6 9 1 6.0
28 34 22 40 18 55 40 10543 1 35 12 10 1 4.0
29 43 81 40 44 26 40 9544 4 29 10 17 0 30 10 11 0 22 13 12 1 18 11 10 1 6.0
30 60 50 40 59 44 40 1512 1 29 8 18 0 6.0
31 44 82 40 44 20 40 45000 5 28 14 12 0 31 7 14 0 18 11 13 0 21 6 16 0 14 13 8 1 4.0
32 24 49 40 37 82 40 2054 5 30 8 9 0 30 5 14 0 16 7 15 0 18 7 11 0 16 11 6 0 6.0
33 35 25 40 67 48 40 2296 2 25 7 15 0 22 5 14 0 6.0
34 43 78 40 59 53 40 39116 4 32 14 6 0 19 10 11 0 30 9 7 0 14 10 13 1 4.0
35 60 53 40 60 48 40 6186 5 23 15 13 0 26 12 13 0 14 15 16 0 33 5 9 0 12 9 8 0 6.0
36 34 21 40 45 74 40 2560 1 25 14 12 0 6.0
37 63 48 40 43 77 40 9120 1 29 14 10 0 4.0
38 56 54 40 38 27 40 7035 4 28 6 17 0 25 11 8 1 24 5 15 1 13 11 10 1 6.0
39 66 52 40 46 24 40 16741 4 33 5 14 0 34 14 18 1 24 6 16 1 14 5 14 1 5.0
40 45 71 40 39 79 40 9366 2 14 10 17 0 12 15 10 0 4.0
41 64 46 40 40 24 40 9963 5 28 10 8 0 20 10 9 0 16 8 17 1 17 13 7 1 19 5 6 1 5.0
42 35 19 40 47 25 40 3614 1 33 8 16 0 5.0
43 55 53 40 34 31 40 45000 4 33 11 16 0 34 13 6 0 16 9 17 0 21 12 7 1 4.0
44 16 49 40 15 46 40 21291 4 29 8 15 0 36 5 14 0 12 9 12 0 15 9 7 0 4.0
45 46 31 40 46 21 40 4518 1 28 15 10 0 5.0
46 25 44 40 19 46 40 8929 2 20 10 16 0 19 5 10 0 4.0
47 24 48 40 44 21 40 10963 5 22 15 10 0 27 7 8 0 13 15 7 0 15 8 11 0 13 6 13 0 5.0
48 19 50 40 21 51 40 6634 1 32 11 12 0 5.0
49 64 48 40 25 50 40 45000 4 34 15 17 0 28 11 7 0 15 10 10 0 13 12 6 0 4.0
50 38 79 40 24 50 40 4843 1 20 13 16 0 5.0
51 15 55 40 63 54 40 3836 1 28 10 15 0 5.0
52 57 50 40 37 81 40 7343 4 24 9 16 0 15 12 17 0 13 6 17 0 15 6 7 0 5.0
53 20 46 40 55 47 40 8568 1 28 10 15 0 4.0
