5     52    45000 60    25    30   
0     40    50    0     40    50    1236  0     
1 44 70 40 34 24 40 9445 2 35 12 6 0 15 9 7 1 4.0
2 36 21 40 14 47 40 6644 2 15 13 9 0 13 14 9 0 5.0
3 57 56 40 45 75 40 2034 2 19 15 9 0 14 8 8 1 6.0
4 41 80 40 40 19 40 4055 2 20 12 10 0 14 5 15 0 5.0
5 46 78 40 55 49 40 1472 5 33 8 10 0 16 14 6 0 19 7 6 0 14 9 10 1 12 5 15 1 6.0
6 23 51 40 45 20 40 7133 2 33 5 11 0 23 7 10 1 4.0
7 16 50 40 57 46 40 45000 5 24 13 12 0 18 9 8 0 19 6 6 0 25 10 13 1 21 7 8 1 4.0
8 21 52 40 56 50 40 12995 4 35 14 9 0 16 10 14 0 30 5 14 0 30 9 18 1 5.0
9 39 70 40 25 48 40 8316 5 13 11 10 0 22 6 9 0 25 6 11 1 23 7 9 1 22 8 7 1 5.0
10 60 45 40 38 26 40 13299 4 23 12 10 0 15 7 10 0 18 7 8 0 29 8 9 1 5.0
11 20 46 40 43 70 40 4569 1 29 15 8 1 5.0
12 47 31 40 42 24 40 29704 3 26 11 14 0 27 10 7 0 19 6 8 0 4.0
13 56 48 40 64 57 40 45000 5 33 13 16 0 15 5 15 0 36 8 12 1 19 7 12 1 12 10 8 1 4.0
14 40 82 40 36 23 40 22724 2 21 9 11 0 24 7 8 0 4.0
15 37 32 40 18 53 40 1078 2 32 7 12 0 14 5 11 0 6.0
16 57 49 40 56 57 40 1822 2 23 6 13 0 18 8 11 0 6.0
17 45 30 40 36 29 40 17819 5 13 14 11 0 20 7 13 0 18 6 15 0 12 6 11 0 17 6 7 0 4.0
18 37 76 40 39 74 40 3469 4 28 8 13 0 31 14 6 0 20 7 18 0 31 7 11 1 6.0
19 54 54 40 27 49 40 11807 2 18 13 8 1 13 14 9 1 4.0
20 66 51 40 55 47 40 3034 1 33 13 8 0 5.0
21 38 70 40 64 45 40 1636 5 19 11 15 0 18 9 6 0 12 7 9 0 16 6 7 0 12 7 18 1 6.0
22 42 78 40 18 49 40 20441 2 16 9 16 0 17 5 14 0 4.0
23 45 77 40 66 46 40 975 2 34 8 8 0 36 6 6 0 6.0
24 66 44 40 45 78 40 1758 5 18 7 11 0 15 5 15 0 17 8 8 0 20 8 16 1 19 8 6 1 6.0
25 34 32 40 40 72 40 45000 1 19 10 18 1 4.0
26 39 25 40 45 32 40 2454 2 19 8 13 0 13 15 8 0 6.0
27 18 50 40 45 25 40 13918 5 18 7 18 0 15 13 9 0 14 6 9 0 31 9 11 1 34 13 6 1 5.0
28 54 50 40 44 24 40 3869 1 23 15 10 0 5.0
29 63 55 40 17 47 40 21197 5 29 12 13 0 35 9 9 0 15 8 10 0 12 5 16 0 24 10 18 1 5.0
30 41 73 40 46 32 40 4427 2 15 10 18 0 20 5 7 0 5.0
31 20 53 40 38 71 40 43649 4 27 12 16 0 27 8 10 0 29 12 10 1 26 7 15 1 4.0
32 21 57 40 23 44 40 3113 5 27 11 10 0 16 12 11 0 13 7 11 0 22 9 14 1 16 14 7 1 6.0
33 40 73 40 54 49 40 6800 2 19 7 18 0 13 5 17 0 5.0
34 55 46 40 25 51 40 15004 3 36 8 12 0 33 7 10 0 26 6 7 0 4.0
35 14 52 40 44 71 40 3222 2 26 10 9 0 22 6 9 0 5.0
36 36 25 40 67 44 40 1659 2 23 13 6 0 35 6 8 0 6.0
37 20 50 40 65 51 40 45000 5 22 10 14 0 34 5 12 0 18 6 15 0 24 7 14 1 12 14 7 1 4.0
38 40 77 40 37 74 40 4060 3 27 14 8 0 26 6 14 0 30 10 6 1 6.0
39 54 51 40 43 74 40 9605 1 20 11 16 0 4.0
40 34 69 40 38 24 40 1879 1 26 13 10 0 6.0
41 37 20 40 34 81 40 7950 1 22 12 13 1 4.0
42 46 22 40 66 52 40 9366 5 31 15 6 0 30 5 18 0 25 7 14 0 27 6 11 0 15 7 8 0 5.0
43 25 54 40 34 72 40 5302 2 18 11 14 0 12 5 11 0 5.0
44 23 46 40 20 45 40 20369 5 31 13 8 0 28 11 8 0 27 13 6 0 17 6 10 0 15 14 7 1 4.0
45 43 27 40 63 48 40 1798 2 12 11 11 0 14 8 18 1 6.0
46 37 21 40 39 71 40 45000 4 19 10 12 0 24 5 15 0 12 9 16 0 13 7 13 0 4.0
47 39 19 40 57 47 40 4032 1 21 12 14 1 5.0
48 35 25 40 25 57 40 11803 5 23 11 15 0 17 14 14 0 28 10 11 0 12 15 10 0 15 6 18 1 6.0
49 18 44 40 24 50 40 8053 2 19 8 13 0 14 9 12 0 4.0
50 14 50 40 46 20 40 546 2 33 6 13 0 14 6 11 0 6.0
51 36 72 40 27 50 40 14517 4 29 14 13 0 16 14 11 0 22 5 12 0 18 7 10 1 5.0
52 64 55 40 26 57 40 5465 5 13 13 13 0 14 6 17 0 13 9 12 0 14 11 6 0 13 7 10 0 6.0
