5     53    45000 60    25    30   
0     40    50    0     40    50    1236  0     
1 51 37 40 15 63 40 9146 2 36 15 6 0 12 7 6 0 4.0
2 32 81 40 27 63 40 6655 2 18 13 9 0 21 6 13 0 5.0
3 61 38 40 27 33 40 3176 3 35 6 16 0 23 8 15 0 14 12 7 0 6.0
4 10 81 40 52 16 40 25753 3 19 8 7 0 28 12 14 1 18 6 15 1 4.0
5 19 68 40 38 27 40 1522 2 29 14 6 0 14 5 17 1 6.0
6 45 21 40 38 19 40 2389 1 18 12 17 0 6.0
7 27 78 40 67 67 40 14416 3 35 9 17 0 33 6 16 1 23 10 10 1 5.0
8 48 59 40 54 60 40 14282 3 31 15 16 0 28 8 9 0 23 14 16 1 5.0
9 20 40 40 48 57 40 12955 3 23 8 13 0 17 14 9 0 13 15 14 1 5.0
10 16 24 40 12 25 40 19521 2 23 15 8 0 13 7 11 0 4.0
11 49 33 40 55 16 40 8776 1 26 11 13 0 4.0
12 70 28 40 13 67 40 1242 1 34 11 10 0 6.0
13 66 22 40 18 22 40 45000 3 35 14 17 0 35 6 16 1 15 13 15 1 4.0
14 37 37 40 38 84 40 8191 3 29 11 13 0 23 6 7 0 12 13 15 1 5.0
15 57 65 40 18 76 40 2380 2 16 9 18 0 12 6 16 1 6.0
16 64 25 40 52 84 40 20079 2 15 9 14 0 23 10 8 0 4.0
17 22 85 40 30 39 40 2430 2 28 14 17 0 32 10 13 0 6.0
18 42 26 40 30 45 40 29986 3 31 13 17 0 34 13 10 0 34 10 10 0 4.0
19 49 35 40 64 16 40 28841 2 23 5 6 0 25 10 12 1 4.0
20 64 52 40 52 73 40 5098 2 15 9 18 0 16 11 7 0 5.0
21 16 63 40 11 45 40 6840 2 21 15 18 1 29 12 15 1 6.0
22 43 82 40 54 73 40 13035 3 17 13 18 0 20 7 15 1 31 5 8 1 5.0
23 11 57 40 18 49 40 8264 1 30 11 11 0 4.0
24 14 41 40 20 65 40 2796 2 30 13 6 0 23 6 10 0 6.0
25 30 29 40 34 24 40 6540 1 30 11 11 1 5.0
26 69 85 40 55 31 40 3047 1 26 11 13 0 6.0
27 23 83 40 67 33 40 2725 2 18 15 10 0 17 9 6 0 6.0
28 13 26 40 56 35 40 9188 2 25 7 12 0 20 13 6 0 4.0
29 56 17 40 68 77 40 5188 3 32 8 15 0 18 7 16 0 20 6 13 0 6.0
30 37 75 40 40 39 40 5394 2 36 13 15 0 35 15 15 1 6.0
31 14 35 40 20 26 40 45000 2 34 15 18 0 36 6 10 0 4.0
32 29 68 40 68 43 40 3615 3 28 14 17 0 33 15 12 0 15 11 13 1 6.0
33 59 45 40 61 77 40 4067 1 31 14 17 0 6.0
34 70 45 40 25 19 40 45000 3 26 14 16 0 20 12 16 0 30 14 10 1 4.0
35 21 30 40 65 18 40 1604 2 35 5 17 0 15 6 8 0 6.0
36 10 84 40 43 84 40 2298 1 29 13 10 0 6.0
37 62 17 40 17 24 40 8167 2 18 13 10 0 16 9 9 0 4.0
38 18 84 40 12 53 40 3204 2 27 10 9 0 32 7 6 1 6.0
39 28 17 40 21 16 40 8681 1 36 12 17 1 5.0
40 61 76 40 70 72 40 8335 1 31 12 10 0 4.0
41 37 66 40 36 51 40 8708 2 33 10 18 0 24 7 8 0 5.0
42 23 81 40 28 16 40 3203 2 20 12 9 0 12 11 12 0 5.0
43 64 75 40 27 28 40 45000 3 32 12 14 0 21 11 15 0 29 6 14 0 4.0
44 48 60 40 19 23 40 19297 2 21 11 11 0 22 14 16 1 4.0
45 54 69 40 50 68 40 8054 1 32 13 18 1 5.0
46 49 73 40 19 19 40 7983 2 20 14 8 0 21 7 10 0 4.0
47 12 58 40 25 41 40 9686 2 35 14 8 0 24 15 10 0 5.0
48 59 25 40 46 18 40 5906 2 16 10 6 0 35 10 8 1 5.0
49 40 29 40 66 52 40 38986 2 24 10 16 0 16 12 18 0 4.0
50 39 69 40 55 64 40 4313 1 19 15 13 0 5.0
51 35 34 40 16 37 40 10146 3 32 15 16 0 34 9 7 0 13 9 11 0 5.0
52 49 23 40 41 17 40 6552 1 30 14 18 0 5.0
53 47 54 40 45 41 40 15422 1 35 12 18 1 4.0
