5     53    45000 60    25    30   
0     40    50    0     40    50    1236  0     
1 24 69 40 33 32 40 6437 1 28 13 9 0 4.0
2 12 53 40 46 16 40 4125 1 29 11 10 0 5.0
3 31 51 40 40 79 40 2716 1 24 15 9 0 6.0
4 54 81 40 67 29 40 45000 4 24 10 10 0 22 13 8 0 13 10 9 0 17 6 7 0 4.0
5 57 56 40 57 67 40 1955 5 36 7 11 0 12 7 10 0 12 6 6 0 12 10 12 1 14 7 9 1 6.0
6 51 77 40 53 17 40 5681 5 23 9 10 0 19 9 10 0 13 10 11 0 13 5 6 0 21 7 7 1 6.0
7 43 28 40 28 79 40 7621 5 33 14 6 0 26 7 13 0 30 6 12 0 23 7 6 0 16 5 16 1 6.0
8 40 24 40 23 76 40 5927 5 25 13 11 0 33 6 15 0 36 7 9 0 20 7 15 0 20 11 10 1 6.0
9 15 73 40 38 77 40 16627 3 33 5 16 0 21 9 11 0 17 11 9 0 4.0
10 28 71 40 50 54 40 21928 5 27 9 8 0 23 5 8 0 13 5 14 0 25 10 6 1 26 5 8 1 4.0
11 37 67 40 40 82 40 4574 1 24 8 17 0 5.0
12 58 49 40 28 51 40 5590 2 31 9 8 0 15 7 9 0 4.0
13 66 43 40 21 74 40 8597 1 32 9 11 0 4.0
14 68 50 40 61 37 40 3097 1 23 11 13 0 5.0
15 63 44 40 23 19 40 4543 3 35 7 12 0 27 9 11 0 14 7 9 0 6.0
16 43 15 40 39 21 40 4503 1 30 12 9 1 5.0
17 14 28 40 45 23 40 3524 4 29 12 7 0 27 10 6 0 21 9 6 0 19 6 10 1 6.0
18 34 23 40 45 39 40 9397 5 31 8 14 0 14 11 15 0 14 11 10 0 15 8 12 0 25 5 9 0 5.0
19 65 23 40 17 46 40 45000 3 21 11 7 0 19 11 7 0 32 6 17 1 4.0
20 44 49 40 43 25 40 11269 4 35 9 14 0 26 5 15 0 12 12 11 0 17 10 9 0 5.0
21 13 38 40 33 75 40 7954 4 16 12 14 0 20 8 10 0 16 7 6 0 13 13 8 1 5.0
22 42 72 40 66 51 40 1580 1 33 9 11 0 6.0
23 57 38 40 64 28 40 1388 3 19 12 16 0 13 12 9 0 26 8 6 1 6.0
24 13 34 40 22 55 40 2392 1 35 7 13 0 6.0
25 52 62 40 64 74 40 10875 1 21 11 14 0 4.0
26 46 81 40 27 82 40 17389 5 12 14 9 0 13 9 12 0 20 11 18 1 25 12 7 1 19 7 7 1 4.0
27 62 76 40 19 58 40 4051 1 33 9 11 0 5.0
28 13 43 40 41 29 40 19201 1 13 14 18 0 4.0
29 27 26 40 15 42 40 10661 4 13 14 13 0 28 10 14 1 20 11 16 1 27 13 9 1 6.0
30 42 58 40 36 54 40 3614 2 22 14 6 0 17 6 14 0 5.0
31 43 54 40 43 21 40 31636 4 33 10 16 0 17 11 13 0 33 6 12 0 22 8 17 1 4.0
32 23 33 40 15 80 40 15390 4 27 12 14 0 15 14 8 0 16 7 10 0 16 8 18 1 4.0
33 58 55 40 14 23 40 7012 4 36 6 7 0 14 6 14 0 13 13 14 1 25 5 12 1 5.0
34 57 36 40 29 31 40 18247 5 27 10 16 0 36 13 7 0 27 6 15 0 22 9 6 0 23 15 6 1 5.0
35 36 49 40 21 41 40 3319 1 23 10 14 0 5.0
36 42 59 40 27 54 40 1895 1 20 10 16 0 6.0
37 40 84 40 25 34 40 4348 1 26 14 9 0 5.0
38 41 68 40 30 31 40 10707 5 27 10 7 0 30 5 9 0 13 6 10 0 13 5 9 0 12 8 18 1 4.0
39 16 47 40 11 61 40 13033 5 33 11 12 0 24 8 12 0 16 6 6 0 21 11 15 1 12 14 14 1 5.0
40 32 33 40 10 40 40 5843 2 24 5 10 0 15 11 12 1 4.0
41 55 60 40 49 28 40 3387 3 20 8 15 0 21 7 15 0 24 7 11 0 6.0
42 25 15 40 34 31 40 6500 1 19 12 14 1 4.0
43 30 79 40 65 81 40 41114 4 25 13 9 0 14 13 14 1 26 8 11 1 30 7 9 1 4.0
44 43 73 40 54 40 40 3797 5 19 9 9 0 25 6 10 0 21 5 10 0 22 5 9 0 14 6 18 1 6.0
45 18 64 40 13 25 40 751 2 30 6 10 0 27 6 9 0 6.0
46 62 71 40 34 55 40 20787 5 20 8 9 0 16 12 7 0 14 5 12 0 16 12 7 1 32 7 6 1 4.0
47 13 81 40 35 28 40 8187 5 13 13 18 0 17 10 12 0 15 10 11 0 14 11 10 0 18 9 10 1 6.0
48 52 48 40 13 16 40 3592 1 25 7 18 0 5.0
49 62 26 40 37 50 40 38545 4 33 15 11 0 25 12 13 0 12 14 16 0 13 5 15 0 4.0
50 66 76 40 40 25 40 8835 5 22 11 7 0 16 13 8 0 31 11 9 1 22 13 7 1 28 7 6 1 5.0
51 39 84 40 31 73 40 2874 1 31 7 15 1 6.0
52 40 56 40 30 17 40 26938 4 28 11 14 0 16 11 12 0 30 5 11 0 16 7 14 0 4.0
53 30 74 40 11 25 40 5906 4 18 12 15 0 28 9 6 0 27 5 7 0 25 5 7 0 5.0
