5     53    45000 60    25    30   
0     40    50    0     40    50    1236  0     
1 39 30 40 35 71 40 30779 2 33 14 18 0 21 12 17 1 4.0
2 62 61 40 60 44 40 7310 2 12 15 10 0 17 8 17 1 5.0
3 39 31 40 38 72 40 1766 1 26 12 13 1 6.0
4 62 64 40 66 39 40 29511 3 36 15 7 0 18 11 13 0 16 11 12 0 4.0
5 20 59 40 65 41 40 1700 3 24 5 17 0 15 6 11 0 17 5 12 1 6.0
6 23 66 40 46 75 40 5272 3 21 14 18 0 15 9 13 0 22 6 8 0 6.0
7 46 29 40 23 35 40 16556 3 33 14 17 0 29 8 16 0 18 6 8 0 5.0
8 56 56 40 40 80 40 4065 3 12 14 14 0 15 10 7 0 21 6 6 0 5.0
9 56 61 40 23 36 40 15169 2 28 15 13 0 29 15 7 0 5.0
10 20 62 40 58 40 40 21021 3 12 5 14 0 22 9 9 1 34 7 6 1 4.0
11 53 64 40 23 42 40 10029 2 14 13 17 0 33 5 7 0 4.0
12 63 65 40 43 70 40 1381 1 21 11 18 1 6.0
13 45 32 40 22 43 40 25117 2 24 14 9 0 13 5 16 0 4.0
14 44 20 40 62 44 40 4629 1 26 9 18 0 5.0
15 62 65 40 24 40 40 5207 2 29 15 16 0 14 11 8 0 6.0
16 26 58 40 46 82 40 22689 3 14 10 12 0 17 5 15 0 18 5 14 0 4.0
17 16 57 40 44 69 40 1873 3 26 10 14 0 36 14 6 0 14 10 12 0 6.0
18 64 60 40 47 76 40 25263 3 33 11 14 0 35 15 8 0 19 9 18 0 4.0
19 19 67 40 46 69 40 45000 3 22 13 13 0 33 12 17 1 32 10 10 1 4.0
20 38 19 40 16 40 40 5881 1 32 12 11 0 5.0
21 28 61 40 64 37 40 2668 2 36 5 10 0 18 8 17 1 6.0
22 41 24 40 21 47 40 7455 1 31 15 9 0 5.0
23 39 21 40 64 45 40 18740 2 28 11 18 0 32 14 6 1 4.0
24 21 67 40 56 36 40 3049 2 25 13 8 0 13 7 16 1 6.0
25 62 57 40 21 34 40 7296 1 18 15 15 0 5.0
26 57 66 40 53 39 40 3388 3 36 7 9 0 16 9 8 0 17 6 7 0 6.0
27 16 60 40 47 80 40 3133 2 31 5 16 0 12 14 10 1 6.0
28 35 25 40 25 45 40 10245 2 21 9 13 0 29 8 7 0 4.0
29 38 30 40 25 43 40 5667 2 24 10 18 0 18 14 15 0 6.0
30 34 24 40 53 46 40 1521 1 30 14 10 1 6.0
31 59 56 40 34 75 40 45000 3 34 14 14 0 31 10 14 0 27 9 10 0 4.0
32 18 58 40 59 38 40 3086 2 31 15 15 0 36 12 13 0 6.0
33 20 64 40 36 73 40 2249 1 17 15 16 0 6.0
34 15 63 40 39 73 40 38121 3 31 8 13 0 13 7 18 0 31 10 11 1 4.0
35 60 55 40 54 40 40 1764 2 13 12 16 1 14 7 16 1 6.0
36 65 56 40 15 41 40 2487 1 34 12 10 0 6.0
37 54 63 40 28 35 40 9461 1 27 12 13 0 4.0
38 40 25 40 42 75 40 6928 2 32 15 12 0 30 10 8 0 6.0
39 22 65 40 40 71 40 4915 1 33 7 18 0 5.0
40 40 32 40 35 75 40 9465 1 24 11 16 0 4.0
41 20 54 40 56 35 40 9720 3 12 15 17 1 25 10 12 1 23 15 6 1 5.0
42 58 64 40 63 42 40 3491 1 30 8 17 0 5.0
43 28 57 40 21 36 40 45000 2 33 15 12 0 36 11 16 1 4.0
44 43 22 40 65 36 40 21547 3 18 15 16 0 17 15 12 0 16 5 12 1 4.0
45 16 56 40 16 35 40 4518 1 20 15 14 0 5.0
46 41 25 40 59 40 40 27324 2 34 13 18 0 31 9 17 0 4.0
47 59 64 40 44 81 40 5451 3 16 6 18 0 17 11 8 0 18 8 7 1 5.0
48 46 31 40 18 41 40 6408 1 34 12 10 1 5.0
49 24 63 40 17 43 40 44548 2 33 7 17 0 35 9 14 1 4.0
50 39 32 40 20 47 40 4862 1 29 12 12 0 5.0
51 21 56 40 62 34 40 11121 2 33 13 18 0 33 15 9 0 5.0
52 57 64 40 43 69 40 10577 2 31 13 18 0 30 15 11 1 5.0
53 63 64 40 26 40 40 16694 2 36 8 18 0 25 12 10 0 4.0
