5     53    45000 60    25    30   
0     40    50    0     40    50    1236  0     
1 16 46 40 17 49 40 27605 2 18 14 12 0 22 9 6 1 4.0
2 63 47 40 45 23 40 2460 3 16 11 10 0 18 12 7 0 15 9 7 0 6.0
3 22 47 40 56 46 40 3329 4 34 6 17 0 24 11 9 0 17 12 6 0 15 7 13 1 6.0
4 37 28 40 24 47 40 18332 5 32 7 11 0 17 8 18 0 19 8 11 0 17 10 7 0 16 6 7 1 4.0
5 57 56 40 34 28 40 6456 4 25 13 11 0 24 14 7 0 15 8 9 0 26 6 8 1 6.0
6 40 75 40 14 50 40 15476 1 21 14 14 0 4.0
7 45 75 40 43 23 40 45000 5 34 8 18 0 20 6 17 0 15 11 11 0 35 6 7 0 25 6 17 1 4.0
8 66 49 40 22 44 40 3942 4 33 10 14 0 25 11 10 0 34 10 12 1 32 6 11 1 6.0
9 21 44 40 46 25 40 16266 5 16 9 9 0 18 6 10 0 18 9 15 1 23 10 9 1 12 13 8 1 5.0
10 44 76 40 25 52 40 9014 1 23 13 14 1 4.0
11 64 53 40 63 50 40 4767 2 35 10 9 0 26 5 7 1 5.0
12 42 79 40 55 48 40 5067 2 32 8 9 0 15 8 16 1 5.0
13 42 73 40 43 32 40 31511 5 26 9 16 0 35 7 14 0 28 9 7 0 12 9 12 0 31 9 11 1 4.0
14 60 52 40 42 69 40 2451 1 19 12 18 0 6.0
15 16 52 40 42 81 40 11994 4 32 13 7 0 31 13 7 0 32 5 9 0 14 8 11 1 5.0
16 37 80 40 40 73 40 7503 2 33 12 7 0 18 6 13 0 5.0
17 47 72 40 44 73 40 2791 4 33 7 17 0 21 9 10 0 18 11 7 1 34 5 7 1 6.0
18 59 50 40 37 26 40 7497 5 23 6 18 0 24 6 17 0 27 12 7 0 12 5 6 0 28 10 17 1 6.0
19 34 79 40 54 46 40 19780 4 30 14 15 0 21 13 16 0 16 14 9 0 16 5 16 0 5.0
20 43 29 40 36 30 40 9789 5 18 11 13 0 36 6 10 0 13 13 11 0 17 6 10 0 19 8 6 0 5.0
21 47 19 40 26 52 40 29266 5 20 10 17 0 24 8 8 0 12 11 10 0 13 10 10 0 19 5 6 0 4.0
22 46 75 40 20 56 40 13127 1 29 14 10 0 4.0
23 45 76 40 42 77 40 6815 4 31 15 7 0 27 14 7 0 15 7 16 1 22 5 8 1 6.0
24 40 81 40 44 78 40 2165 1 29 10 14 0 6.0
25 24 56 40 42 26 40 42888 4 29 15 13 0 26 12 6 0 32 8 10 1 36 5 12 1 4.0
26 22 50 40 43 25 40 4695 1 32 10 13 0 5.0
27 67 50 40 55 55 40 5813 2 26 13 9 1 19 6 9 1 5.0
28 34 22 40 18 55 40 3702 1 35 12 10 1 6.0
29 43 81 40 44 26 40 20351 4 29 10 17 0 30 10 11 0 22 13 12 1 18 11 10 1 5.0
30 60 50 40 59 44 40 14013 1 29 8 18 0 4.0
31 44 82 40 44 20 40 45000 5 28 14 12 0 31 7 14 0 18 11 13 0 21 6 16 0 14 13 8 1 4.0
32 24 49 40 37 82 40 12347 5 30 8 9 0 30 5 14 0 16 7 15 0 18 7 11 0 16 11 6 0 5.0
33 35 25 40 67 48 40 2250 2 25 7 15 0 22 5 14 0 6.0
34 43 78 40 59 53 40 24859 4 32 14 6 0 19 10 11 0 30 9 7 0 14 10 13 1 4.0
35 60 53 40 60 48 40 19075 5 23 15 13 0 26 12 13 0 14 15 16 0 33 5 9 0 12 9 8 0 5.0
36 34 21 40 45 74 40 8585 1 25 14 12 0 4.0
37 63 48 40 43 77 40 28915 1 29 14 10 0 4.0
38 56 54 40 38 27 40 6308 4 28 6 17 0 25 11 8 1 24 5 15 1 13 11 10 1 6.0
39 66 52 40 46 24 40 38376 4 33 5 14 0 34 14 18 1 24 6 16 1 14 5 14 1 4.0
40 45 71 40 39 79 40 25007 2 14 10 17 0 12 15 10 0 4.0
41 64 46 40 40 24 40 4038 5 28 10 8 0 20 10 9 0 16 8 17 1 17 13 7 1 19 5 6 1 6.0
42 35 19 40 47 25 40 2252 1 33 8 16 0 6.0
43 55 53 40 34 31 40 20772 4 33 11 16 0 34 13 6 0 16 9 17 0 21 12 7 1 5.0
44 16 49 40 15 46 40 9988 4 29 8 15 0 36 5 14 0 12 9 12 0 15 9 7 0 5.0
45 46 31 40 46 21 40 4373 1 28 15 10 0 6.0
46 25 44 40 19 46 40 14417 2 20 10 16 0 19 5 10 0 4.0
47 24 48 40 44 21 40 45000 5 22 15 10 0 27 7 8 0 13 15 7 0 15 8 11 0 13 6 13 0 4.0
48 19 50 40 21 51 40 3321 1 32 11 12 0 6.0
49 64 48 40 25 50 40 24949 4 34 15 17 0 28 11 7 0 15 10 10 0 13 12 6 0 5.0
50 38 79 40 24 50 40 4714 1 20 13 16 0 5.0
51 15 55 40 63 54 40 3646 1 28 10 15 0 6.0
52 57 50 40 37 81 40 35149 4 24 9 16 0 15 12 17 0 13 6 17 0 15 6 7 0 4.0
53 20 46 40 55 47 40 5491 1 28 10 15 0 5.0
