5     53    45000 60    25    30   
0     40    50    0     40    50    1236  0     
1 39 30 40 35 71 40 30816 4 35 15 12 0 31 15 7 0 30 6 12 0 15 5 12 1 4.0
2 62 61 40 60 44 40 7313 1 22 11 17 1 5.0
3 39 31 40 38 72 40 1766 3 15 10 12 0 18 10 6 0 12 14 7 1 6.0
4 62 64 40 66 39 40 29532 4 32 6 14 0 17 13 12 0 27 8 10 0 18 6 9 1 4.0
5 20 59 40 65 41 40 1704 1 29 10 14 0 6.0
6 23 66 40 46 75 40 5285 4 26 11 14 0 12 9 16 0 26 5 11 1 20 8 6 1 6.0
7 46 29 40 23 35 40 16591 4 27 15 16 0 18 8 16 0 25 8 9 0 26 9 8 1 5.0
8 56 56 40 40 80 40 4069 2 28 5 17 0 22 9 9 0 5.0
9 56 61 40 23 36 40 15206 4 20 14 17 0 15 14 8 0 16 7 13 0 18 5 7 0 5.0
10 20 62 40 58 40 40 21052 2 29 6 14 0 30 9 6 0 4.0
11 53 64 40 23 42 40 10046 2 35 12 8 0 14 8 8 1 4.0
12 63 65 40 43 70 40 1381 3 17 9 12 0 23 6 9 0 15 6 12 1 6.0
13 45 32 40 22 43 40 25154 2 17 11 14 0 12 11 11 0 4.0
14 44 20 40 62 44 40 4629 3 13 9 18 0 33 6 7 0 15 6 8 0 5.0
15 62 65 40 24 40 40 5208 5 35 7 12 0 35 11 6 0 17 10 7 0 13 7 8 0 19 6 9 1 6.0
16 26 58 40 46 82 40 22738 3 15 8 10 0 21 7 6 0 21 6 17 1 4.0
17 16 57 40 44 69 40 1874 5 27 13 6 0 27 7 8 0 28 7 7 0 12 5 12 0 33 8 10 1 6.0
18 64 60 40 47 76 40 25281 5 26 11 10 0 30 8 9 0 15 10 9 0 35 11 11 1 14 9 14 1 4.0
19 19 67 40 46 69 40 45000 4 29 14 11 0 24 14 12 1 18 8 18 1 18 9 16 1 4.0
20 38 19 40 16 40 40 5889 2 18 7 15 0 15 13 12 1 5.0
21 28 61 40 64 37 40 2676 2 23 12 11 0 17 12 6 0 6.0
22 41 24 40 21 47 40 7467 2 32 5 16 0 17 12 8 0 5.0
23 39 21 40 64 45 40 18754 4 33 10 10 0 36 6 10 0 15 8 6 0 21 14 7 1 4.0
24 21 67 40 56 36 40 3049 2 14 15 12 0 32 6 8 0 6.0
25 62 57 40 21 34 40 7304 3 17 13 8 0 26 6 9 0 18 7 7 0 5.0
26 57 66 40 53 39 40 3393 1 23 15 12 0 6.0
27 16 60 40 47 80 40 3134 2 29 8 11 0 23 10 7 1 6.0
28 35 25 40 25 45 40 10272 1 31 12 11 0 4.0
29 38 30 40 25 43 40 5674 5 25 11 9 0 30 6 10 0 27 5 10 0 29 5 7 0 15 14 7 1 6.0
30 34 24 40 53 46 40 1523 2 29 6 17 0 13 8 12 0 6.0
31 59 56 40 34 75 40 45000 4 24 12 16 0 34 9 14 0 17 15 12 0 23 6 11 0 4.0
32 18 58 40 59 38 40 3088 4 26 12 17 0 19 11 8 0 13 8 7 0 34 9 16 1 6.0
33 20 64 40 36 73 40 2249 2 12 10 12 0 33 8 10 1 6.0
34 15 63 40 39 73 40 38231 4 20 5 10 0 32 10 11 1 33 8 8 1 16 8 13 1 4.0
35 60 55 40 54 40 40 1769 2 31 6 14 0 21 7 10 0 6.0
36 65 56 40 15 41 40 2488 2 24 13 9 0 14 13 7 0 6.0
37 54 63 40 28 35 40 9488 3 31 14 6 0 16 5 9 0 15 5 12 1 4.0
38 40 25 40 42 75 40 6935 4 25 10 12 0 14 7 16 0 16 10 9 0 24 10 9 1 6.0
39 22 65 40 40 71 40 4927 3 21 8 13 0 13 11 8 0 12 7 10 1 5.0
40 40 32 40 35 75 40 9465 1 22 12 16 0 4.0
41 20 54 40 56 35 40 9744 4 25 7 14 0 30 6 12 0 12 13 13 0 24 9 7 0 5.0
42 58 64 40 63 42 40 3494 3 21 5 11 0 16 8 6 0 18 15 8 1 5.0
43 28 57 40 21 36 40 45000 5 33 11 14 0 12 12 17 0 13 10 14 0 24 10 7 0 14 7 13 0 4.0
44 43 22 40 65 36 40 21583 4 32 11 6 0 34 8 7 0 15 6 11 0 31 6 18 1 4.0
45 16 56 40 16 35 40 4518 1 35 10 12 1 5.0
46 41 25 40 59 40 40 27391 5 19 13 16 0 28 14 10 0 18 14 8 0 19 8 11 0 26 5 9 1 4.0
47 59 64 40 44 81 40 5455 1 35 11 11 0 5.0
48 46 31 40 18 41 40 6408 1 17 15 16 0 5.0
49 24 63 40 17 43 40 44671 5 35 6 16 0 26 6 8 0 13 5 16 0 17 15 8 1 12 8 7 1 4.0
50 39 32 40 20 47 40 4862 1 29 12 12 1 5.0
51 21 56 40 62 34 40 11146 4 26 15 14 0 36 8 9 0 32 9 9 1 12 13 10 1 5.0
52 57 64 40 43 69 40 10592 4 28 8 18 0 29 10 13 0 23 9 13 0 16 9 12 0 5.0
53 63 64 40 26 40 40 16703 5 15 11 18 0 22 10 7 0 12 13 8 0 33 5 6 0 24 5 12 1 4.0
