7     75    45000 60    25    30   
0     40    50    0     40    50    1236  0     
1 57 19 40 39 26 40 15978 1 27 14 18 0 4.0
2 58 36 40 48 60 40 4237 2 30 15 18 1 22 10 11 1 6.0
3 25 80 40 12 31 40 1402 1 26 12 11 0 6.0
4 13 69 40 61 47 40 43556 3 23 13 12 0 20 7 8 0 35 8 8 1 4.0
5 26 63 40 51 57 40 778 1 28 11 11 0 6.0
6 13 43 40 55 29 40 9746 2 36 15 18 0 24 15 11 0 6.0
7 70 70 40 14 79 40 12311 3 33 8 11 0 34 5 16 0 13 11 10 1 5.0
8 52 58 40 37 49 40 16507 3 20 9 17 0 19 12 10 0 12 10 13 0 4.0
9 30 64 40 70 15 40 5843 2 12 14 12 1 36 6 7 1 5.0
10 59 34 40 10 30 40 12497 2 31 6 11 0 15 10 10 0 4.0
11 32 73 40 15 45 40 9789 2 36 10 12 0 19 12 11 1 5.0
12 39 52 40 63 84 40 4267 1 32 12 9 1 5.0
13 55 52 40 49 77 40 30529 3 24 12 17 0 26 11 14 0 15 8 12 1 4.0
14 26 36 40 61 84 40 5319 2 25 11 8 0 32 12 12 1 6.0
15 69 65 40 54 26 40 11342 3 35 15 12 0 34 6 16 0 21 5 9 1 5.0
16 43 69 40 16 19 40 7401 2 32 7 10 0 12 14 7 1 4.0
17 46 77 40 23 30 40 10687 1 29 14 17 0 5.0
18 58 79 40 43 76 40 6421 3 31 14 15 0 26 10 7 0 33 10 7 1 6.0
19 34 54 40 32 43 40 11521 2 13 11 15 0 31 7 6 0 4.0
20 32 29 40 57 18 40 14103 1 32 13 17 0 5.0
21 16 52 40 50 38 40 9148 3 32 13 12 0 12 10 10 0 22 5 6 0 5.0
22 17 17 40 19 30 40 5114 1 36 12 8 1 5.0
23 45 41 40 51 51 40 28744 3 31 10 18 0 30 15 9 0 22 6 6 0 4.0
24 25 35 40 68 85 40 6521 2 19 12 8 0 14 11 11 0 5.0
25 16 23 40 57 15 40 35828 1 31 13 17 1 4.0
26 56 36 40 43 32 40 1958 2 33 12 14 0 34 8 18 0 6.0
27 28 16 40 61 62 40 2177 1 24 12 12 1 6.0
28 47 19 40 14 52 40 20041 1 23 9 17 0 4.0
29 11 72 40 57 52 40 3661 3 36 15 6 0 26 13 6 0 19 5 18 0 6.0
30 47 46 40 15 39 40 3312 1 34 12 17 0 6.0
31 13 84 40 10 68 40 25466 3 19 14 10 0 15 6 10 0 17 14 14 1 4.0
32 31 63 40 12 44 40 12398 3 30 14 13 0 30 12 11 0 13 14 6 0 5.0
33 41 75 40 38 83 40 13470 2 18 14 15 0 16 14 14 0 5.0
34 63 56 40 49 50 40 12894 2 29 6 7 0 29 8 10 1 4.0
35 25 52 40 54 76 40 6594 3 33 7 17 0 35 8 12 0 33 8 11 0 6.0
36 67 85 40 47 33 40 1838 2 28 7 12 0 31 6 6 0 6.0
37 51 82 40 33 51 40 4902 1 32 13 17 0 6.0
38 67 62 40 15 22 40 2567 2 33 5 13 0 27 6 8 0 6.0
39 63 71 40 44 76 40 4286 2 25 7 10 0 17 7 14 0 5.0
40 62 52 40 59 25 40 14170 2 28 8 18 0 32 13 15 1 5.0
41 61 65 40 42 17 40 17459 3 33 10 17 0 24 15 12 0 32 13 9 0 5.0
42 62 71 40 12 70 40 877 1 29 7 17 1 6.0
43 21 34 40 40 63 40 19059 1 34 8 13 1 4.0
44 42 64 40 46 36 40 5962 3 15 14 7 0 13 5 9 0 21 15 16 1 6.0
45 59 67 40 20 51 40 18174 2 17 14 10 0 33 10 14 1 4.0
46 45 63 40 34 65 40 22837 2 24 12 15 0 27 12 8 0 4.0
47 16 28 40 55 54 40 5421 2 17 8 17 0 26 14 13 1 6.0
48 49 35 40 53 60 40 2580 3 25 10 12 0 18 10 14 0 14 9 12 1 6.0
49 69 81 40 19 79 40 16162 3 22 7 18 0 29 8 14 1 26 6 6 1 4.0
50 55 17 40 60 81 40 8857 3 32 9 10 0 28 6 13 0 22 8 10 0 5.0
51 46 29 40 21 16 40 9703 3 25 13 18 0 19 14 10 0 15 8 15 0 5.0
52 14 26 40 53 49 40 28348 3 24 11 15 0 23 14 7 0 34 10 12 1 4.0
53 51 38 40 27 73 40 7081 1 17 13 16 0 4.0
54 41 17 40 17 27 40 992 2 34 12 14 0 18 11 6 0 6.0
55 53 24 40 32 15 40 6841 1 23 14 11 0 5.0
56 11 41 40 14 21 40 2646 2 19 8 17 0 16 6 9 1 6.0
57 37 26 40 24 56 40 1673 2 26 15 6 0 26 6 7 0 6.0
58 51 70 40 50 54 40 22459 2 36 15 12 0 30 15 9 0 4.0
59 48 83 40 70 43 40 2138 2 23 11 10 0 21 6 7 0 6.0
60 68 36 40 51 34 40 7709 2 18 7 18 0 18 10 7 0 4.0
61 45 54 40 47 22 40 9461 2 18 15 8 0 36 6 6 0 4.0
62 62 72 40 41 81 40 6018 2 31 12 13 0 27 9 9 0 6.0
63 31 71 40 67 81 40 10309 1 36 12 16 1 5.0
64 47 45 40 22 81 40 28025 3 12 6 17 0 34 14 15 1 21 7 15 1 4.0
65 38 37 40 32 30 40 12526 3 14 12 16 0 32 5 15 0 16 13 8 0 5.0
66 19 53 40 56 24 40 3593 1 28 14 9 0 5.0
67 35 28 40 12 52 40 14687 2 21 9 14 0 12 9 7 0 4.0
68 59 80 40 69 67 40 12163 3 19 15 9 0 25 11 6 0 16 15 12 1 5.0
69 35 49 40 40 70 40 6259 2 20 14 17 0 36 7 9 0 5.0
70 48 79 40 39 65 40 37962 1 29 13 18 0 4.0
71 26 46 40 13 73 40 3817 1 32 11 10 1 5.0
72 36 82 40 53 50 40 1564 2 26 14 14 0 34 6 9 1 6.0
73 18 77 40 16 30 40 6415 1 19 13 14 1 5.0
74 36 69 40 67 61 40 2991 1 33 13 8 0 6.0
75 48 22 40 43 35 40 15377 2 12 12 14 0 20 6 12 1 4.0
