7     75    45000 60    25    30   
0     40    50    0     40    50    1236  0     
1 10 16 40 50 18 40 45000 2 17 9 13 0 28 10 18 1 4.0
2 12 65 40 18 63 40 6081 2 26 12 15 0 26 13 17 1 6.0
3 45 24 40 15 53 40 1368 1 21 11 15 0 6.0
4 69 59 40 52 21 40 15250 3 34 14 6 0 26 5 17 0 14 14 10 0 4.0
5 63 52 40 50 36 40 2766 1 26 8 17 0 6.0
6 33 55 40 46 51 40 45000 2 35 15 18 0 23 12 17 0 4.0
7 21 27 40 33 31 40 31067 3 27 14 12 0 24 6 9 0 16 6 12 1 4.0
8 17 34 40 27 53 40 1969 3 14 13 18 0 16 7 13 0 12 10 17 1 6.0
9 26 44 40 57 49 40 7028 1 30 13 9 1 5.0
10 68 25 40 12 34 40 15117 1 36 13 15 1 4.0
11 39 57 40 66 36 40 3978 1 28 11 11 1 5.0
12 68 50 40 23 35 40 8426 3 23 12 18 0 13 5 6 0 14 7 17 1 5.0
13 31 60 40 27 26 40 24256 2 32 5 15 0 35 14 16 1 4.0
14 56 74 40 54 60 40 4214 3 28 9 12 0 32 13 7 0 16 10 7 0 6.0
15 34 28 40 65 74 40 4966 1 29 12 10 0 5.0
16 48 75 40 37 58 40 19136 2 27 15 15 0 22 13 16 1 5.0
17 47 24 40 44 85 40 1128 2 24 7 14 0 13 10 8 0 6.0
18 20 22 40 26 81 40 6214 2 32 12 18 0 30 10 11 0 6.0
19 15 73 40 68 36 40 9751 3 19 13 13 0 31 8 11 1 15 7 9 1 5.0
20 57 64 40 65 59 40 7837 3 25 9 11 0 13 14 15 1 18 10 9 1 5.0
21 60 23 40 50 42 40 12591 2 12 10 17 0 14 8 13 0 4.0
22 35 49 40 43 74 40 33194 3 34 12 17 0 27 10 11 0 12 5 6 0 4.0
23 29 21 40 67 81 40 2768 2 13 7 7 0 25 8 14 1 6.0
24 33 46 40 25 30 40 3759 3 22 8 15 0 33 8 7 0 16 10 16 1 6.0
25 69 25 40 28 73 40 24765 1 34 13 16 0 4.0
26 69 39 40 36 69 40 8002 2 26 13 17 0 14 6 16 0 5.0
27 11 68 40 39 25 40 4886 2 31 8 7 0 17 11 9 0 5.0
28 18 77 40 57 21 40 6108 3 15 15 11 0 27 10 9 0 15 15 9 1 6.0
29 52 25 40 24 44 40 15353 3 26 15 13 0 26 14 8 0 35 11 6 1 5.0
30 63 70 40 59 61 40 11627 1 33 15 7 0 4.0
31 58 57 40 14 38 40 27277 1 35 15 13 0 4.0
32 47 71 40 46 42 40 15131 2 36 14 18 0 24 5 10 0 5.0
33 61 24 40 11 17 40 1868 2 21 8 11 0 23 7 10 0 6.0
34 69 33 40 29 56 40 10309 1 20 11 16 0 4.0
35 47 15 40 60 53 40 9477 2 33 10 13 0 31 6 15 0 5.0
36 59 71 40 10 40 40 14177 1 34 12 17 0 5.0
37 40 80 40 18 70 40 45000 1 31 15 15 1 4.0
38 10 50 40 28 60 40 2671 1 29 11 11 0 6.0
39 28 20 40 61 65 40 18429 3 15 13 7 0 36 5 17 1 22 12 9 1 4.0
40 60 41 40 26 62 40 40597 1 29 13 18 0 4.0
41 14 54 40 41 18 40 3349 1 36 12 16 1 6.0
42 53 20 40 43 60 40 7547 2 29 14 17 0 31 13 18 1 6.0
43 32 44 40 29 73 40 11199 2 18 14 17 0 14 14 13 1 5.0
44 50 25 40 35 59 40 8595 3 22 9 15 0 18 9 12 0 33 11 6 1 5.0
45 64 67 40 31 72 40 3644 1 35 10 10 1 6.0
46 53 34 40 32 27 40 11881 2 25 9 6 0 23 5 18 1 4.0
47 40 38 40 70 43 40 26932 1 29 15 8 0 4.0
48 18 42 40 46 23 40 5539 3 25 9 13 0 30 14 6 0 25 8 8 0 6.0
49 63 79 40 43 57 40 6488 2 27 5 13 0 22 11 7 0 5.0
50 36 53 40 26 48 40 7833 2 18 14 16 0 24 8 15 1 5.0
51 39 81 40 50 20 40 2953 1 27 14 9 0 6.0
52 16 65 40 32 52 40 14172 2 15 14 12 0 16 7 8 1 4.0
53 53 45 40 16 60 40 8916 3 14 11 16 0 18 12 11 0 22 6 15 0 5.0
54 60 40 40 67 51 40 894 2 33 5 14 0 15 9 9 0 6.0
55 62 50 40 60 48 40 45000 3 22 14 15 0 35 12 11 0 13 7 12 1 4.0
56 50 19 40 40 35 40 5105 2 33 9 6 0 20 8 11 0 5.0
57 14 36 40 34 71 40 1499 2 33 10 7 0 17 12 6 1 6.0
58 19 61 40 19 21 40 43868 3 15 10 17 0 14 11 16 0 27 11 7 1 4.0
59 57 67 40 37 27 40 26850 3 31 14 17 0 28 8 8 0 13 5 15 0 4.0
60 51 70 40 61 42 40 2304 1 35 13 15 0 6.0
61 35 20 40 34 49 40 27261 2 34 5 14 0 23 5 10 0 4.0
62 34 56 40 46 18 40 10016 2 13 10 9 0 18 11 12 1 4.0
63 56 40 40 65 15 40 7144 3 24 12 16 0 28 6 7 0 14 6 12 1 5.0
64 31 24 40 48 58 40 7201 2 32 14 13 0 23 9 6 1 6.0
65 54 33 40 46 54 40 6451 2 19 7 9 0 28 6 14 1 5.0
66 69 75 40 58 44 40 2743 1 21 9 18 0 6.0
67 52 55 40 70 39 40 10052 3 18 13 11 0 16 9 15 0 32 5 13 0 5.0
68 69 69 40 58 63 40 19033 1 32 13 17 0 4.0
69 59 78 40 10 23 40 1288 1 29 13 9 0 6.0
70 10 51 40 70 77 40 3628 2 24 6 6 0 12 12 18 1 5.0
71 46 72 40 13 69 40 4002 1 32 11 10 0 5.0
72 66 61 40 60 19 40 31753 3 27 10 18 0 32 6 6 0 18 7 8 0 4.0
73 58 67 40 62 32 40 16844 3 32 12 12 0 29 15 10 0 17 5 16 0 5.0
74 52 32 40 14 81 40 2154 3 34 13 12 0 20 13 15 0 12 10 9 0 6.0
75 51 44 40 31 71 40 2805 2 13 9 16 0 17 9 10 0 6.0
