7     75    45000 60    25    30   
0     40    50    0     40    50    1236  0     
1 10 16 40 50 18 40 16514 4 22 6 14 0 18 6 13 0 23 6 15 1 19 5 18 1 4.0
2 12 65 40 18 63 40 4220 5 12 10 16 0 27 8 7 0 22 5 13 0 26 12 10 1 12 13 16 1 6.0
3 45 24 40 15 53 40 1418 1 31 7 16 0 6.0
4 69 59 40 52 21 40 44233 3 16 9 16 0 12 9 12 0 32 9 12 1 4.0
5 63 52 40 50 36 40 815 2 21 7 13 0 18 7 13 0 6.0
6 33 55 40 46 51 40 10109 4 21 15 16 0 27 15 12 0 33 9 10 0 12 11 10 0 6.0
7 21 27 40 33 31 40 12189 3 30 11 12 0 21 6 18 0 14 9 6 0 5.0
8 17 34 40 27 53 40 16254 3 35 15 6 0 19 7 14 0 27 6 11 0 4.0
9 26 44 40 57 49 40 5813 1 18 15 13 0 5.0
10 68 25 40 12 34 40 24741 5 16 15 10 0 12 13 8 0 12 11 9 0 18 9 7 0 14 5 15 0 4.0
11 39 57 40 66 36 40 4875 2 15 8 15 0 16 10 10 0 5.0
12 68 50 40 23 35 40 8701 5 28 9 7 0 15 14 8 0 28 8 11 1 14 6 8 1 13 6 6 1 5.0
13 31 60 40 27 26 40 30275 4 27 10 13 0 18 12 13 0 22 6 8 0 30 6 16 1 4.0
14 56 74 40 54 60 40 5538 5 33 7 8 0 36 6 7 0 19 6 12 0 17 10 8 0 25 5 8 1 6.0
15 34 28 40 65 74 40 3756 1 29 15 8 1 5.0
16 48 75 40 37 58 40 23087 4 19 13 18 0 21 9 14 0 36 9 6 0 18 9 10 0 4.0
17 47 24 40 44 85 40 5255 2 31 10 7 0 12 6 17 0 5.0
18 20 22 40 26 81 40 6193 4 29 11 16 0 35 6 11 0 19 7 13 0 20 8 7 1 6.0
19 15 73 40 68 36 40 23016 5 15 9 12 0 22 10 7 0 18 8 10 0 21 6 11 0 15 10 6 0 4.0
20 57 64 40 65 59 40 13673 3 29 6 8 0 23 8 16 1 21 8 15 1 5.0
21 60 23 40 50 42 40 4686 1 15 13 18 0 5.0
22 35 49 40 43 74 40 15190 4 31 9 14 0 29 6 17 0 21 10 9 0 12 7 18 1 5.0
23 29 21 40 67 81 40 9515 2 29 15 6 0 14 5 12 1 4.0
24 33 46 40 25 30 40 13116 5 26 14 7 0 20 7 8 0 12 5 12 0 28 6 13 1 12 7 6 1 5.0
25 69 25 40 28 73 40 37025 3 22 8 15 0 16 15 8 0 30 6 14 1 4.0
26 69 39 40 36 69 40 1335 3 26 12 13 0 14 10 9 0 15 12 10 1 6.0
27 11 68 40 39 25 40 2162 1 24 13 11 0 6.0
28 18 77 40 57 21 40 39565 4 29 6 11 0 25 5 11 0 13 6 11 0 35 10 8 1 4.0
29 52 25 40 24 44 40 5415 5 25 5 7 0 18 6 7 0 33 12 10 1 12 14 18 1 31 5 11 1 6.0
30 63 70 40 59 61 40 1656 1 34 6 17 0 6.0
31 58 57 40 14 38 40 25274 4 36 6 10 0 29 8 9 0 20 8 9 0 16 9 8 0 4.0
32 47 71 40 46 42 40 12143 4 24 14 14 0 22 14 9 0 12 15 10 0 17 5 12 0 5.0
33 61 24 40 11 17 40 6762 1 31 8 14 0 5.0
34 69 33 40 29 56 40 12858 2 24 5 18 0 19 12 6 0 4.0
35 47 15 40 60 53 40 4592 3 30 12 9 0 19 10 13 0 18 11 7 0 6.0
36 59 71 40 10 40 40 3685 5 28 7 13 0 17 6 16 0 13 7 17 1 14 5 11 1 13 5 7 1 6.0
37 40 80 40 18 70 40 4841 4 31 5 18 0 24 8 11 0 12 13 7 1 15 6 11 1 6.0
38 10 50 40 28 60 40 2618 1 27 10 13 1 6.0
39 28 20 40 61 65 40 8559 5 21 15 6 0 13 8 18 0 26 7 6 0 12 5 9 0 17 7 12 1 5.0
40 60 41 40 26 62 40 9407 5 18 10 11 0 15 10 12 0 17 6 8 0 21 5 7 0 31 6 8 1 5.0
41 14 54 40 41 18 40 8851 4 25 15 8 0 16 10 14 0 12 5 17 0 14 6 8 1 5.0
42 53 20 40 43 60 40 3616 4 30 14 14 0 33 5 16 0 19 11 18 1 18 6 18 1 6.0
43 32 44 40 29 73 40 36997 3 29 12 13 0 32 5 9 0 15 5 12 0 4.0
44 50 25 40 35 59 40 5983 4 33 14 6 0 27 5 15 0 26 7 10 0 12 6 7 1 6.0
45 64 67 40 31 72 40 9097 2 36 7 12 0 16 5 6 0 4.0
46 53 34 40 32 27 40 11339 1 26 11 12 1 4.0
47 40 38 40 70 43 40 2678 1 29 12 10 0 6.0
48 18 42 40 46 23 40 2595 4 20 15 11 0 14 10 12 0 13 6 8 0 21 5 14 1 6.0
49 63 79 40 43 57 40 8030 1 32 6 18 1 4.0
50 36 53 40 26 48 40 8986 5 20 6 14 0 18 5 7 0 23 7 13 1 22 6 10 1 20 5 12 1 5.0
51 39 81 40 50 20 40 3209 1 31 11 10 0 5.0
52 16 65 40 32 52 40 9451 1 26 12 11 0 4.0
53 53 45 40 16 60 40 13698 3 23 8 14 0 24 6 6 0 25 8 17 1 4.0
54 60 40 40 67 51 40 507 2 32 7 6 0 14 13 12 1 6.0
55 62 50 40 60 48 40 20003 4 28 12 12 0 27 8 11 0 14 12 13 0 21 6 14 0 5.0
56 50 19 40 40 35 40 2723 2 21 9 11 0 21 5 14 0 6.0
57 14 36 40 34 71 40 1730 1 21 13 13 0 6.0
58 19 61 40 19 21 40 15186 3 29 10 10 0 12 11 15 0 20 14 8 1 4.0
59 57 67 40 37 27 40 6369 4 31 9 16 0 20 9 13 1 14 9 16 1 28 8 6 1 6.0
60 51 70 40 61 42 40 14919 5 35 10 6 0 12 12 10 0 18 6 11 0 25 6 9 1 15 5 10 1 4.0
61 35 20 40 34 49 40 9685 2 22 9 11 0 17 8 10 1 4.0
62 34 56 40 46 18 40 3044 1 19 11 17 1 6.0
63 56 40 40 65 15 40 10157 5 28 9 10 0 34 6 9 0 16 9 6 0 15 11 6 1 15 5 8 1 5.0
64 31 24 40 48 58 40 18816 5 13 8 17 0 24 8 9 0 16 11 6 0 22 5 8 0 13 8 16 1 4.0
65 54 33 40 46 54 40 6610 2 16 7 18 0 13 7 17 0 5.0
66 69 75 40 58 44 40 3477 2 17 9 6 0 13 12 16 1 5.0
67 52 55 40 70 39 40 29443 3 13 15 14 0 23 10 11 0 26 10 6 0 4.0
68 69 69 40 58 63 40 12138 4 26 12 10 0 25 13 6 0 23 6 10 0 15 7 6 0 5.0
69 59 78 40 10 23 40 3028 1 25 8 17 0 5.0
70 10 51 40 70 77 40 19423 1 31 7 16 0 4.0
71 46 72 40 13 69 40 3826 2 14 11 12 0 12 14 10 0 5.0
72 66 61 40 60 19 40 1587 4 32 10 8 0 25 11 7 0 18 14 6 0 13 5 16 0 6.0
73 58 67 40 62 32 40 19195 4 35 7 15 0 20 14 12 0 33 12 7 0 12 5 9 0 5.0
74 52 32 40 14 81 40 8970 4 22 14 16 0 27 15 6 0 33 6 8 0 13 13 8 0 6.0
75 51 44 40 31 71 40 15137 1 27 9 14 0 4.0
