7     75    45000 60    25    30   
0     40    50    0     40    50    1236  0     
1 24 48 40 26 45 40 16025 3 12 13 17 0 19 14 13 1 17 7 6 1 4.0
2 47 69 40 38 30 40 4246 5 17 15 12 0 31 9 9 0 18 10 12 0 17 6 18 0 15 5 13 0 6.0
3 19 47 40 42 26 40 1403 2 25 10 10 0 26 6 6 1 6.0
4 42 79 40 35 70 40 43594 4 15 11 13 0 12 14 8 0 20 7 15 1 13 7 15 1 4.0
5 67 49 40 25 52 40 780 2 29 9 7 0 14 7 16 0 6.0
6 43 27 40 40 26 40 9762 5 31 11 10 0 20 10 14 0 23 8 10 0 15 12 16 1 22 14 9 1 6.0
7 56 57 40 25 51 40 12332 5 14 10 12 0 28 8 7 0 13 9 8 0 23 12 7 1 19 5 10 1 5.0
8 60 49 40 65 46 40 16558 3 33 13 8 0 18 14 7 0 23 5 15 1 4.0
9 35 20 40 43 22 40 5869 2 20 15 8 0 13 11 8 1 5.0
10 37 75 40 60 56 40 12508 1 21 13 13 0 4.0
11 17 47 40 34 28 40 9821 4 28 10 11 0 13 8 15 0 15 5 8 0 23 7 10 1 5.0
12 61 44 40 63 50 40 4267 1 18 12 16 1 5.0
13 40 30 40 55 50 40 30605 4 27 8 16 0 13 14 13 0 13 14 13 0 33 11 6 0 4.0
14 63 51 40 43 31 40 5329 5 24 11 8 0 23 10 6 0 19 8 9 0 16 5 14 0 12 10 7 0 6.0
15 17 49 40 41 70 40 11369 4 15 11 18 0 17 12 14 0 28 11 8 0 17 12 11 0 5.0
16 34 73 40 40 22 40 7436 1 22 13 12 0 4.0
17 58 56 40 20 47 40 10723 3 35 9 9 0 17 5 16 0 14 13 15 1 5.0
18 40 32 40 40 81 40 6442 5 16 14 18 0 12 15 12 0 29 5 12 0 14 8 14 0 28 7 6 0 6.0
19 35 79 40 59 47 40 11552 1 36 6 16 1 4.0
20 39 80 40 45 30 40 14167 4 25 6 17 0 36 6 10 0 19 10 9 0 19 6 6 0 5.0
21 45 82 40 64 46 40 9175 4 14 13 14 0 19 8 11 0 19 5 12 0 27 8 7 1 5.0
22 67 55 40 66 57 40 5114 1 18 12 16 0 5.0
23 47 77 40 37 82 40 28885 4 15 10 12 0 15 7 13 0 28 15 15 1 12 12 7 1 4.0
24 63 54 40 19 52 40 6539 1 18 14 14 0 5.0
25 62 46 40 14 57 40 35927 4 27 7 15 0 36 6 9 0 33 5 7 0 13 8 9 0 4.0
26 36 29 40 43 26 40 1966 5 25 14 9 0 31 9 7 0 19 6 15 0 21 9 8 0 12 12 15 1 6.0
27 60 45 40 41 75 40 2178 1 19 13 14 0 6.0
28 23 50 40 46 81 40 20047 1 32 10 11 1 4.0
29 65 44 40 35 25 40 3669 4 25 11 11 0 25 7 12 0 22 5 10 0 12 8 8 0 6.0
30 19 46 40 27 51 40 3323 3 29 11 10 0 20 7 18 0 25 5 10 0 6.0
31 42 80 40 36 79 40 25529 4 19 11 11 0 14 11 12 0 14 12 9 0 25 5 10 1 4.0
32 39 82 40 46 27 40 12418 5 14 12 16 0 20 9 11 0 27 8 9 0 18 13 13 1 25 5 7 1 5.0
33 34 74 40 62 51 40 13520 4 18 11 12 0 15 11 12 0 22 11 6 1 21 6 9 1 5.0
34 56 51 40 34 30 40 12935 1 21 13 13 1 4.0
35 41 76 40 58 54 40 6618 5 31 8 15 0 34 7 10 0 33 6 9 0 24 8 7 0 13 7 11 1 6.0
36 46 25 40 34 26 40 1838 2 28 11 6 0 18 10 9 1 6.0
37 59 44 40 43 69 40 4916 5 21 10 10 0 20 10 8 0 16 10 9 0 17 9 7 0 21 6 7 0 6.0
38 64 53 40 27 57 40 2578 1 24 8 18 0 6.0
39 38 76 40 26 54 40 4306 2 13 15 8 0 24 6 13 1 5.0
40 38 70 40 38 24 40 14213 4 34 13 9 0 31 10 11 1 13 13 11 1 16 6 11 1 5.0
41 18 49 40 44 19 40 17514 5 27 10 16 0 12 12 15 0 15 9 7 0 30 10 15 1 16 14 8 1 5.0
42 39 81 40 55 47 40 882 2 27 6 14 0 15 10 8 0 6.0
43 21 54 40 40 28 40 19059 1 17 13 16 1 4.0
44 34 69 40 47 74 40 5969 3 29 8 18 0 21 10 8 1 13 8 12 1 6.0
45 65 45 40 47 70 40 18208 4 28 15 6 0 23 13 7 0 22 6 10 0 12 9 10 0 4.0
46 61 53 40 58 44 40 22877 4 35 7 9 0 16 6 15 0 23 5 9 0 12 11 17 1 4.0
47 41 26 40 18 51 40 5444 5 14 12 13 0 34 7 6 0 15 8 10 0 13 6 11 0 26 6 9 1 6.0
48 40 27 40 65 57 40 2585 4 28 6 17 0 31 5 13 0 21 5 13 0 27 5 6 0 6.0
49 17 48 40 41 69 40 16172 3 26 9 10 0 30 15 6 1 16 12 10 1 4.0
50 37 29 40 46 26 40 8873 3 17 14 16 0 19 14 8 0 15 5 12 0 5.0
51 16 55 40 36 27 40 9732 4 19 15 13 0 24 12 10 0 30 5 18 1 12 8 11 1 5.0
52 35 21 40 42 72 40 28428 5 16 15 8 0 30 7 16 1 25 9 11 1 27 8 7 1 22 8 6 1 4.0
53 38 81 40 24 54 40 7113 2 26 6 16 0 22 6 8 1 4.0
54 46 69 40 39 75 40 996 3 36 6 13 0 31 12 7 0 27 8 7 0 6.0
55 23 45 40 57 47 40 6863 1 19 11 17 0 5.0
56 19 57 40 46 77 40 2652 1 32 12 9 0 6.0
57 40 21 40 16 44 40 1681 2 23 11 11 0 19 5 7 1 6.0
58 60 51 40 45 70 40 22515 4 26 5 18 0 20 8 13 0 13 11 6 0 29 14 13 1 4.0
59 56 53 40 39 26 40 2144 2 16 11 11 0 27 5 11 0 6.0
60 37 19 40 39 27 40 7709 2 21 13 8 0 24 7 8 0 4.0
61 39 72 40 21 51 40 9469 2 21 7 17 0 16 6 10 0 4.0
62 14 46 40 54 51 40 6041 4 31 10 9 0 19 12 8 0 18 7 12 0 14 6 11 0 6.0
63 34 21 40 54 44 40 10342 3 34 10 10 0 26 9 9 0 17 7 12 0 5.0
64 20 50 40 17 52 40 28149 4 29 13 14 0 13 14 7 0 12 5 8 0 32 8 14 1 4.0
65 27 56 40 21 50 40 12565 5 32 10 8 0 17 11 7 0 20 6 10 0 24 5 7 0 12 9 8 1 5.0
66 44 69 40 40 74 40 3601 1 34 13 8 0 5.0
67 43 71 40 56 50 40 14700 2 15 8 16 0 33 5 9 0 4.0
68 26 47 40 54 47 40 12189 4 32 6 15 0 24 9 12 0 12 5 14 0 19 6 7 0 5.0
69 59 57 40 54 49 40 6280 3 20 15 9 0 22 13 6 0 31 5 17 1 5.0
70 39 21 40 43 20 40 38130 4 16 15 6 0 16 12 7 0 36 14 6 1 16 9 7 1 4.0
71 19 56 40 45 27 40 3826 1 21 14 12 0 5.0
72 56 55 40 24 49 40 1569 3 17 12 15 0 27 5 15 0 18 13 8 1 6.0
73 24 52 40 24 51 40 6439 2 17 9 13 0 19 6 13 0 5.0
74 17 44 40 19 50 40 2991 1 22 12 13 0 6.0
75 45 74 40 41 31 40 15377 1 32 9 12 0 4.0
