7     75    45000 60    25    30   
0     40    50    0     40    50    1236  0     
1 72 56 40 18 19 40 18601 3 12 13 17 0 19 14 13 1 17 7 6 1 4.0
2 39 28 40 63 69 40 20644 5 17 15 12 0 31 9 9 0 18 10 12 0 17 6 18 0 15 5 13 0 5.0
3 48 71 40 56 69 40 2020 2 25 10 10 0 26 6 6 1 6.0
4 34 30 40 9 75 40 8173 4 15 11 13 0 12 14 8 0 20 7 15 1 13 7 15 1 5.0
5 37 21 40 24 71 40 720 2 29 9 7 0 14 7 16 0 6.0
6 65 55 40 66 25 40 28535 5 31 11 10 0 20 10 14 0 23 8 10 0 15 12 16 1 22 14 9 1 5.0
7 41 83 40 9 66 40 38052 5 14 10 12 0 28 8 7 0 13 9 8 0 23 12 7 1 19 5 10 1 4.0
8 42 20 40 70 21 40 6608 3 33 13 8 0 18 14 7 0 23 5 15 1 5.0
9 37 27 40 24 30 40 4241 2 20 15 8 0 13 11 8 1 5.0
10 35 34 40 62 68 40 6834 1 21 13 13 0 5.0
11 35 71 40 67 26 40 8994 4 28 10 11 0 13 8 15 0 15 5 8 0 23 7 10 1 5.0
12 64 55 40 69 25 40 15083 1 18 12 16 1 4.0
13 46 27 40 61 26 40 44745 4 27 8 16 0 13 14 13 0 13 14 13 0 33 11 6 0 4.0
14 12 48 40 66 33 40 45000 5 24 11 8 0 23 10 6 0 19 8 9 0 16 5 14 0 12 10 7 0 4.0
15 44 34 40 62 31 40 3285 4 15 11 18 0 17 12 14 0 28 11 8 0 17 12 11 0 6.0
16 62 56 40 72 71 40 1852 1 22 13 12 0 6.0
17 40 76 40 22 73 40 17760 3 35 9 9 0 17 5 16 0 14 13 15 1 4.0
18 40 78 40 19 26 40 3553 5 16 14 18 0 12 15 12 0 29 5 12 0 14 8 14 0 28 7 6 0 6.0
19 72 53 40 12 80 40 11625 1 36 6 16 1 4.0
20 40 81 40 8 26 40 6280 4 25 6 17 0 36 6 10 0 19 10 9 0 19 6 6 0 6.0
21 14 47 40 25 67 40 1596 4 14 13 14 0 19 8 11 0 19 5 12 0 27 8 7 1 6.0
22 40 28 40 57 72 40 20219 1 18 12 16 0 4.0
23 15 57 40 8 21 40 2941 4 15 10 12 0 15 7 13 0 28 15 15 1 12 12 7 1 6.0
24 32 27 40 12 22 40 877 1 18 14 14 0 6.0
25 73 57 40 56 23 40 45000 4 27 7 15 0 36 6 9 0 33 5 7 0 13 8 9 0 4.0
26 32 81 40 25 29 40 7278 5 25 14 9 0 31 9 7 0 19 6 15 0 21 9 8 0 12 12 15 1 6.0
27 32 76 40 11 67 40 4584 1 19 13 14 0 5.0
28 16 43 40 21 22 40 3948 1 32 10 11 1 5.0
29 19 42 40 72 35 40 10711 4 25 11 11 0 25 7 12 0 22 5 10 0 12 8 8 0 5.0
30 40 74 40 66 78 40 9063 3 29 11 10 0 20 7 18 0 25 5 10 0 5.0
31 37 75 40 68 68 40 22249 4 19 11 11 0 14 11 12 0 14 12 9 0 25 5 10 1 4.0
32 13 52 40 21 72 40 3145 5 14 12 16 0 20 9 11 0 27 8 9 0 18 13 13 1 25 5 7 1 6.0
33 60 54 40 66 73 40 13492 4 18 11 12 0 15 11 12 0 22 11 6 1 21 6 9 1 5.0
34 59 52 40 59 23 40 7765 1 21 13 13 1 4.0
35 18 46 40 60 80 40 9341 5 31 8 15 0 34 7 10 0 33 6 9 0 24 8 7 0 13 7 11 1 6.0
36 61 57 40 10 32 40 1656 2 28 11 6 0 18 10 9 1 6.0
37 61 44 40 16 19 40 45000 5 21 10 10 0 20 10 8 0 16 10 9 0 17 9 7 0 21 6 7 0 4.0
38 19 59 40 11 70 40 2002 1 24 8 18 0 6.0
39 36 80 40 71 72 40 9365 2 13 15 8 0 24 6 13 1 4.0
40 61 53 40 62 72 40 5728 4 34 13 9 0 31 10 11 1 13 13 11 1 16 6 11 1 6.0
41 63 57 40 73 19 40 31776 5 27 10 16 0 12 12 15 0 15 9 7 0 30 10 15 1 16 14 8 1 4.0
42 46 28 40 65 83 40 3075 2 27 6 14 0 15 10 8 0 6.0
43 43 79 40 19 78 40 5463 1 17 13 16 1 5.0
44 49 25 40 16 71 40 14071 3 29 8 18 0 21 10 8 1 13 8 12 1 5.0
45 12 44 40 12 29 40 3637 4 28 15 6 0 23 13 7 0 22 6 10 0 12 9 10 0 6.0
46 19 49 40 72 70 40 45000 4 35 7 9 0 16 6 15 0 23 5 9 0 12 11 17 1 4.0
47 43 74 40 66 19 40 8084 5 14 12 13 0 34 7 6 0 15 8 10 0 13 6 11 0 26 6 9 1 5.0
48 38 34 40 8 28 40 6103 4 28 6 17 0 31 5 13 0 21 5 13 0 27 5 6 0 6.0
49 42 69 40 12 26 40 16069 3 26 9 10 0 30 15 6 1 16 12 10 1 4.0
50 35 30 40 56 79 40 1067 3 17 14 16 0 19 14 8 0 15 5 12 0 6.0
51 57 46 40 58 82 40 14543 4 19 15 13 0 24 12 10 0 30 5 18 1 12 8 11 1 5.0
52 47 77 40 12 19 40 24659 5 16 15 8 0 30 7 16 1 25 9 11 1 27 8 7 1 22 8 6 1 4.0
53 73 43 40 68 67 40 10206 2 26 6 16 0 22 6 8 1 4.0
54 45 67 40 16 69 40 6972 3 36 6 13 0 31 12 7 0 27 8 7 0 5.0
55 14 56 40 69 23 40 6743 1 19 11 17 0 5.0
56 17 59 40 69 73 40 4430 1 32 12 9 0 5.0
57 48 32 40 64 27 40 10839 2 23 11 11 0 19 5 7 1 4.0
58 35 26 40 15 77 40 45000 4 26 5 18 0 20 8 13 0 13 11 6 0 29 14 13 1 4.0
59 66 50 40 62 19 40 3368 2 16 11 11 0 27 5 11 0 5.0
60 16 50 40 71 81 40 1930 2 21 13 8 0 24 7 8 0 6.0
61 10 51 40 23 69 40 7435 2 21 7 17 0 16 6 10 0 5.0
62 16 51 40 22 30 40 21730 4 31 10 9 0 19 12 8 0 18 7 12 0 14 6 11 0 4.0
63 14 55 40 15 69 40 8375 3 34 10 10 0 26 9 9 0 17 7 12 0 5.0
64 35 31 40 19 33 40 45000 4 29 13 14 0 13 14 7 0 12 5 8 0 32 8 14 1 4.0
65 58 49 40 67 21 40 4167 5 32 10 8 0 17 11 7 0 20 6 10 0 24 5 7 0 12 9 8 1 6.0
66 23 57 40 21 26 40 1506 1 34 13 8 0 6.0
67 68 46 40 13 79 40 6180 2 15 8 16 0 33 5 9 0 5.0
68 45 73 40 24 26 40 4279 4 32 6 15 0 24 9 12 0 12 5 14 0 19 6 7 0 6.0
69 40 72 40 22 77 40 3412 3 20 15 9 0 22 13 6 0 31 5 17 1 6.0
70 68 45 40 65 22 40 23099 4 16 15 6 0 16 12 7 0 36 14 6 1 16 9 7 1 4.0
71 24 56 40 25 76 40 1346 1 21 14 12 0 6.0
72 38 33 40 22 25 40 13297 3 17 12 15 0 27 5 15 0 18 13 8 1 5.0
73 71 42 40 71 76 40 13842 2 17 9 13 0 19 6 13 0 4.0
74 39 71 40 56 34 40 5927 1 22 12 13 0 5.0
75 13 50 40 10 73 40 9411 1 32 9 12 0 4.0
