7     75    45000 60    25    30   
0     40    50    0     40    50    1236  0     
1 35 72 40 45 77 40 16507 2 17 9 13 0 28 10 18 1 4.0
2 36 74 40 20 49 40 4199 2 26 12 15 0 26 13 17 1 6.0
3 60 54 40 23 56 40 1415 1 21 11 15 0 6.0
4 64 51 40 14 52 40 44045 3 34 14 6 0 26 5 17 0 14 14 10 0 4.0
5 47 80 40 45 76 40 812 1 26 8 17 0 6.0
6 61 49 40 56 51 40 10075 2 35 15 18 0 23 12 17 0 6.0
7 41 73 40 59 53 40 12189 3 27 14 12 0 24 6 9 0 16 6 12 1 5.0
8 20 57 40 46 75 40 16201 3 14 13 18 0 16 7 13 0 12 10 17 1 4.0
9 58 52 40 57 50 40 5813 1 30 13 9 1 5.0
10 56 55 40 41 75 40 24741 1 36 13 15 1 4.0
11 45 81 40 44 25 40 4857 1 28 11 11 1 5.0
12 22 50 40 37 77 40 8672 3 23 12 18 0 13 5 6 0 14 7 17 1 5.0
13 47 22 40 40 21 40 30233 2 32 5 15 0 35 14 16 1 4.0
14 42 32 40 39 70 40 5513 3 28 9 12 0 32 13 7 0 16 10 7 0 6.0
15 26 44 40 40 31 40 3756 1 29 12 10 0 5.0
16 38 21 40 58 57 40 23076 2 27 15 15 0 22 13 16 1 4.0
17 47 24 40 63 48 40 5252 2 24 7 14 0 13 10 8 0 5.0
18 25 48 40 43 27 40 6162 2 32 12 18 0 30 10 11 0 6.0
19 40 26 40 36 27 40 23009 3 19 13 13 0 31 8 11 1 15 7 9 1 4.0
20 21 45 40 35 74 40 13611 3 25 9 11 0 13 14 15 1 18 10 9 1 5.0
21 39 24 40 34 32 40 4667 2 12 10 17 0 14 8 13 0 5.0
22 20 51 40 46 70 40 15190 3 34 12 17 0 27 10 11 0 12 5 6 0 5.0
23 36 30 40 44 19 40 9479 2 13 7 7 0 25 8 14 1 4.0
24 46 30 40 45 75 40 13064 3 22 8 15 0 33 8 7 0 16 10 16 1 5.0
25 16 56 40 23 55 40 36983 1 34 13 16 0 4.0
26 25 56 40 37 28 40 1330 2 26 13 17 0 14 6 16 0 6.0
27 60 55 40 60 46 40 2154 2 31 8 7 0 17 11 9 0 6.0
28 42 20 40 42 25 40 39468 3 15 15 11 0 27 10 9 0 15 15 9 1 4.0
29 39 73 40 42 69 40 5400 3 26 15 13 0 26 14 8 0 35 11 6 1 6.0
30 46 78 40 60 49 40 1655 1 33 15 7 0 6.0
31 26 49 40 65 46 40 25218 1 35 15 13 0 4.0
32 40 80 40 64 54 40 12115 2 36 14 18 0 24 5 10 0 5.0
33 37 75 40 64 53 40 6735 2 21 8 11 0 23 7 10 0 5.0
34 67 49 40 23 47 40 12829 1 20 11 16 0 4.0
35 25 49 40 37 76 40 4581 2 33 10 13 0 31 6 15 0 6.0
36 60 50 40 45 20 40 3677 1 34 12 17 0 6.0
37 22 53 40 35 21 40 4834 1 31 15 15 1 6.0
38 20 55 40 63 56 40 2618 1 29 11 11 0 6.0
39 41 21 40 36 75 40 8533 3 15 13 7 0 36 5 17 1 22 12 9 1 5.0
40 47 19 40 14 54 40 9361 1 29 13 18 0 5.0
41 34 70 40 39 74 40 8825 1 36 12 16 1 5.0
42 39 32 40 24 50 40 3598 2 29 14 17 0 31 13 18 1 6.0
43 44 26 40 60 47 40 36825 2 18 14 17 0 14 14 13 1 4.0
44 58 48 40 45 72 40 5959 3 22 9 15 0 18 9 12 0 33 11 6 1 6.0
45 39 28 40 24 47 40 9087 1 35 10 10 1 4.0
46 21 57 40 15 44 40 11300 2 25 9 6 0 23 5 18 1 4.0
47 66 49 40 35 75 40 2678 1 29 15 8 0 6.0
48 47 71 40 38 72 40 2585 3 25 9 13 0 30 14 6 0 25 8 8 0 6.0
49 55 55 40 15 52 40 8014 2 27 5 13 0 22 11 7 0 4.0
50 35 25 40 38 74 40 8971 2 18 14 16 0 24 8 15 1 5.0
51 40 19 40 57 56 40 3202 1 27 14 9 0 5.0
52 34 19 40 54 51 40 9407 2 15 14 12 0 16 7 8 1 4.0
53 41 26 40 45 30 40 13657 3 14 11 16 0 18 12 11 0 22 6 15 0 4.0
54 20 56 40 65 44 40 507 2 33 5 14 0 15 9 9 0 6.0
55 67 56 40 57 57 40 19956 3 22 14 15 0 35 12 11 0 13 7 12 1 5.0
56 14 49 40 59 49 40 2718 2 33 9 6 0 20 8 11 0 6.0
57 21 50 40 17 55 40 1723 2 33 10 7 0 17 12 6 1 6.0
58 62 45 40 54 57 40 15128 3 15 10 17 0 14 11 16 0 27 11 7 1 4.0
59 67 50 40 36 81 40 6357 3 31 14 17 0 28 8 8 0 13 5 15 0 6.0
60 18 47 40 43 74 40 14912 1 35 13 15 0 4.0
61 64 45 40 42 81 40 9663 2 34 5 14 0 23 5 10 0 4.0
62 47 79 40 20 44 40 3038 2 13 10 9 0 18 11 12 1 6.0
63 46 79 40 60 53 40 10130 3 24 12 16 0 28 6 7 0 14 6 12 1 5.0
64 44 72 40 18 50 40 18736 2 32 14 13 0 23 9 6 1 4.0
65 15 51 40 40 22 40 6584 2 19 7 9 0 28 6 14 1 5.0
66 61 51 40 46 19 40 3465 1 21 9 18 0 5.0
67 59 46 40 18 48 40 29417 3 18 13 11 0 16 9 15 0 32 5 13 0 4.0
68 62 57 40 36 70 40 12124 1 32 13 17 0 5.0
69 27 54 40 35 79 40 3022 1 29 13 9 0 5.0
70 39 79 40 46 27 40 19333 2 24 6 6 0 12 12 18 1 4.0
71 46 31 40 19 55 40 3817 1 32 11 10 0 5.0
72 14 46 40 60 51 40 1584 3 27 10 18 0 32 6 6 0 18 7 8 0 6.0
73 21 56 40 40 28 40 19141 3 32 12 12 0 29 15 10 0 17 5 16 0 5.0
74 39 29 40 45 21 40 8961 3 34 13 12 0 20 13 15 0 12 10 9 0 6.0
75 39 77 40 14 47 40 15137 2 13 9 16 0 17 9 10 0 4.0
