7     75    45000 60    25    30   
0     40    50    0     40    50    1236  0     
1 24 45 40 13 33 40 24869 3 27 14 11 0 36 15 7 0 17 13 12 0 4.0
2 40 79 40 69 26 40 1363 2 15 15 8 0 33 8 6 0 6.0
3 45 25 40 10 68 40 2798 3 31 5 14 0 16 9 13 0 13 12 18 1 6.0
4 14 42 40 12 81 40 21515 1 33 13 8 0 4.0
5 14 48 40 72 33 40 3163 2 33 15 18 0 36 9 15 0 6.0
6 42 34 40 22 76 40 5033 2 33 12 15 0 15 5 15 0 6.0
7 49 67 40 20 34 40 11840 3 25 5 12 0 20 5 10 0 34 9 14 1 5.0
8 35 32 40 23 72 40 8297 1 34 6 17 0 4.0
9 32 80 40 23 23 40 5797 1 35 10 10 1 5.0
10 44 74 40 17 67 40 12371 1 27 10 13 0 4.0
11 16 46 40 11 33 40 10162 2 34 10 11 0 31 12 9 0 5.0
12 49 26 40 68 69 40 4346 1 32 10 11 0 5.0
13 42 35 40 64 80 40 10331 2 25 7 13 0 17 8 9 1 4.0
14 34 29 40 63 26 40 8176 3 30 13 12 0 36 10 10 0 24 7 13 0 6.0
15 40 73 40 11 83 40 7401 3 24 8 18 0 14 15 10 0 31 7 6 0 5.0
16 69 59 40 60 28 40 7574 2 17 10 12 0 13 7 16 0 4.0
17 36 71 40 67 71 40 16178 2 23 15 16 0 32 11 14 0 5.0
18 16 51 40 65 68 40 2095 2 13 13 13 1 14 7 13 1 6.0
19 35 66 40 14 26 40 34254 3 36 13 8 0 33 6 10 0 29 12 13 1 4.0
20 44 81 40 69 67 40 13764 1 29 14 17 0 5.0
21 60 48 40 21 30 40 4686 1 26 15 9 1 5.0
22 57 58 40 24 35 40 15465 3 28 15 12 0 20 11 18 0 22 11 6 0 5.0
23 21 57 40 21 21 40 9719 2 31 14 6 0 23 5 8 0 4.0
24 43 19 40 15 29 40 19036 3 19 15 17 0 25 7 7 0 25 12 14 1 5.0
25 43 34 40 19 18 40 17885 1 19 12 15 0 4.0
26 43 18 40 64 35 40 1317 2 28 6 15 0 20 15 15 1 6.0
27 42 68 40 69 24 40 4381 2 31 13 10 0 25 9 13 0 6.0
28 60 42 40 12 21 40 39399 3 21 7 14 0 27 7 9 0 27 13 9 1 4.0
29 38 29 40 12 72 40 3657 2 30 11 16 0 26 5 13 1 6.0
30 32 25 40 10 26 40 1633 1 19 12 15 1 6.0
31 37 21 40 73 79 40 38454 3 31 9 18 0 29 10 15 0 23 5 9 0 4.0
32 60 43 40 16 23 40 4175 2 15 6 6 0 25 8 15 1 5.0
33 45 27 40 57 79 40 13409 1 27 15 17 0 5.0
34 38 73 40 68 78 40 12654 2 22 13 7 0 15 14 7 0 4.0
35 68 58 40 73 73 40 8846 2 33 15 18 0 28 10 17 0 6.0
36 49 29 40 70 83 40 1838 2 24 8 8 0 23 12 7 1 6.0
37 71 53 40 56 30 40 2451 2 21 12 8 0 19 8 10 0 6.0
38 12 42 40 24 83 40 5276 1 34 13 16 0 6.0
39 63 46 40 62 33 40 8853 2 32 14 9 0 36 7 12 1 5.0
40 8 54 40 69 33 40 4770 2 31 13 6 1 13 10 8 1 5.0
41 56 54 40 24 75 40 8688 1 27 14 18 0 5.0
42 69 53 40 61 76 40 1740 3 24 9 16 0 28 9 8 0 14 7 14 1 6.0
43 64 47 40 67 72 40 36884 3 24 15 7 0 33 5 15 0 21 11 8 1 4.0
44 10 55 40 15 68 40 5768 2 22 12 10 0 25 13 13 1 6.0
45 56 45 40 18 81 40 26596 3 29 15 17 0 31 5 11 0 13 8 11 0 4.0
46 10 49 40 25 25 40 22742 3 32 13 8 0 15 12 6 0 25 9 11 1 4.0
47 69 58 40 58 26 40 5225 2 29 14 9 0 14 14 16 0 6.0
48 21 44 40 13 21 40 1255 1 19 12 15 0 6.0
49 45 26 40 16 83 40 8172 2 17 7 18 0 25 5 11 1 4.0
50 40 66 40 64 67 40 4517 1 29 10 12 1 5.0
51 9 44 40 13 73 40 3266 2 22 5 7 0 20 15 9 1 5.0
52 16 55 40 66 80 40 19065 3 21 11 13 0 23 8 14 0 32 7 6 0 4.0
53 58 55 40 64 19 40 6897 2 18 14 8 0 17 14 6 0 4.0
54 65 44 40 59 72 40 1509 2 34 11 17 0 27 9 17 0 6.0
55 12 43 40 61 74 40 13202 3 23 9 13 0 20 7 12 0 14 11 16 1 5.0
56 21 50 40 67 32 40 2600 1 22 11 14 0 6.0
57 47 27 40 56 19 40 5007 2 34 13 13 0 19 14 17 0 6.0
58 48 78 40 67 28 40 7256 1 27 14 9 1 4.0
59 64 58 40 65 28 40 4376 3 12 5 12 0 35 11 11 1 12 13 13 1 6.0
60 40 78 40 73 28 40 14995 3 16 13 14 0 23 9 13 0 12 15 7 1 4.0
61 32 81 40 10 81 40 19133 3 18 10 16 0 23 13 7 0 36 7 8 0 4.0
62 58 50 40 8 18 40 3023 1 28 9 14 0 6.0
63 45 20 40 11 30 40 5274 1 17 13 16 1 5.0
64 12 48 40 57 68 40 27563 2 35 15 16 0 19 15 7 1 4.0
65 39 66 40 25 32 40 12710 1 31 13 17 0 5.0
66 72 59 40 14 72 40 3607 1 23 14 11 0 5.0
67 17 52 40 67 25 40 30151 2 31 6 12 0 33 12 12 1 4.0
68 36 77 40 22 66 40 6000 2 20 7 17 0 20 7 8 0 5.0
69 20 49 40 17 20 40 3078 1 24 12 12 1 5.0
70 60 50 40 73 77 40 45000 2 33 14 13 0 21 12 18 1 4.0
71 38 66 40 17 74 40 3750 2 21 11 8 0 23 10 7 0 5.0
72 38 26 40 63 72 40 1538 3 25 5 8 0 17 9 6 0 29 13 13 1 6.0
73 40 68 40 57 27 40 6419 2 23 10 8 0 27 6 10 0 5.0
74 32 73 40 20 78 40 5925 3 32 9 15 0 19 5 10 0 17 9 10 1 6.0
75 11 43 40 13 74 40 15395 2 12 10 16 0 14 11 10 0 4.0
