7     75    45000 60    25    30   
0     40    50    0     40    50    1236  0     
1 34 30 40 17 49 40 25984 5 26 12 11 0 19 6 18 0 25 7 7 0 15 6 6 0 28 11 11 1 4.0
2 60 56 40 64 54 40 6044 1 20 10 17 1 5.0
3 54 54 40 40 31 40 2992 3 15 15 17 0 16 9 12 0 20 11 6 0 6.0
4 40 21 40 21 47 40 11977 2 13 9 18 0 19 5 14 0 4.0
5 46 24 40 67 56 40 5798 5 28 12 13 0 31 13 10 0 17 14 15 0 12 10 8 0 14 9 7 0 6.0
6 35 69 40 44 25 40 4611 5 15 15 9 0 18 10 8 0 16 11 6 0 17 5 9 0 20 9 10 1 6.0
7 66 44 40 25 53 40 9071 4 33 14 7 0 15 8 9 0 13 9 12 1 13 12 7 1 5.0
8 35 23 40 66 49 40 3391 1 34 6 17 0 5.0
9 47 71 40 35 72 40 6251 2 15 11 11 0 13 13 10 1 5.0
10 26 56 40 40 27 40 18228 2 25 8 10 0 21 8 9 0 4.0
11 66 50 40 22 48 40 16785 4 16 9 9 0 15 7 6 0 34 15 8 1 17 5 13 1 4.0
12 40 32 40 54 50 40 1169 1 32 10 11 0 6.0
13 57 47 40 21 51 40 21631 2 28 10 6 0 26 10 7 1 4.0
14 36 22 40 25 51 40 11550 4 28 11 14 0 16 10 15 0 30 5 13 0 24 7 11 0 5.0
15 42 77 40 36 71 40 4378 3 16 14 17 0 13 5 16 0 15 8 17 1 6.0
16 41 28 40 15 53 40 18840 1 35 10 10 1 4.0
17 38 74 40 43 75 40 2350 4 22 14 11 0 21 13 11 0 17 9 12 0 28 8 10 1 6.0
18 41 22 40 39 25 40 7096 1 31 7 16 0 5.0
19 14 51 40 42 69 40 45000 4 13 12 18 0 19 7 12 0 19 10 16 1 19 15 10 1 4.0
20 41 78 40 23 47 40 9644 3 31 9 13 0 33 5 12 0 24 5 11 0 5.0
21 40 77 40 54 48 40 2207 2 13 11 14 0 21 12 6 0 6.0
22 24 48 40 60 57 40 18687 5 28 12 9 0 17 10 14 0 14 7 11 0 12 5 12 0 23 11 13 1 5.0
23 54 49 40 21 46 40 8050 1 34 8 13 0 4.0
24 63 47 40 41 29 40 7757 5 32 9 13 0 36 8 7 0 24 5 14 0 18 10 8 0 15 12 8 0 6.0
25 55 47 40 35 19 40 6163 2 29 11 7 0 33 6 6 0 5.0
26 35 24 40 42 32 40 5762 5 28 11 8 0 13 12 13 0 22 6 9 0 24 5 6 0 15 7 6 0 6.0
27 15 56 40 46 82 40 5263 5 18 6 17 0 19 5 18 0 15 6 15 0 14 7 14 1 12 10 6 1 6.0
28 22 46 40 46 71 40 17369 4 21 7 11 0 32 6 6 0 34 7 13 1 16 6 11 1 4.0
29 44 80 40 67 48 40 4878 3 24 10 14 0 31 6 14 0 14 6 12 0 6.0
30 47 24 40 19 53 40 1243 1 26 12 11 0 6.0
31 40 72 40 55 46 40 45000 5 16 8 17 0 17 8 16 0 12 5 14 0 30 10 9 1 14 15 12 1 4.0
32 24 50 40 39 32 40 868 1 23 14 11 0 6.0
33 39 69 40 24 45 40 3813 5 21 10 9 0 30 7 8 0 21 10 6 0 36 5 6 0 14 9 8 0 6.0
34 67 46 40 14 52 40 16000 2 12 14 12 0 26 8 7 0 4.0
35 27 46 40 54 52 40 5962 5 27 10 6 0 32 6 8 0 12 13 8 0 23 15 14 1 30 10 15 1 6.0
36 35 25 40 36 81 40 2114 1 17 12 17 1 6.0
37 64 52 40 22 57 40 7979 2 16 13 9 1 21 5 16 1 4.0
38 59 56 40 35 29 40 6032 3 23 12 9 0 20 13 6 0 34 5 18 1 6.0
39 43 72 40 34 72 40 8365 4 22 6 6 0 16 6 8 0 22 14 13 1 18 12 7 1 5.0
40 46 27 40 64 44 40 7780 1 31 14 8 0 4.0
41 37 28 40 38 77 40 8168 4 16 12 16 0 20 8 7 0 16 5 9 0 20 12 8 1 5.0
42 34 71 40 18 45 40 5858 5 34 8 6 0 15 14 7 0 17 14 6 0 16 6 11 0 18 7 10 1 6.0
43 38 31 40 39 75 40 45000 5 14 8 13 0 14 5 17 0 26 6 7 0 15 9 6 0 36 8 8 1 4.0
44 39 82 40 19 52 40 17770 3 29 8 14 0 33 5 14 0 15 11 8 1 4.0
45 35 20 40 17 54 40 11037 5 20 15 6 0 25 11 6 0 22 13 11 1 35 7 10 1 27 5 9 1 5.0
46 35 79 40 23 46 40 14855 5 16 12 12 0 20 8 7 0 12 8 10 0 30 9 8 1 12 5 6 1 4.0
47 16 45 40 45 82 40 8749 5 17 12 11 0 12 5 16 0 25 9 6 1 16 6 13 1 18 5 11 1 5.0
48 19 51 40 38 21 40 5384 2 19 14 10 0 16 8 6 0 5.0
49 56 54 40 39 26 40 18809 2 16 10 13 0 15 12 8 0 4.0
50 46 26 40 60 46 40 4052 1 29 12 10 0 5.0
51 25 46 40 24 53 40 3182 2 21 12 9 0 19 8 8 0 5.0
52 63 45 40 47 30 40 6014 3 36 9 10 0 33 7 9 0 15 9 12 0 5.0
53 42 76 40 47 76 40 7025 2 21 12 10 0 22 7 6 0 5.0
54 44 69 40 58 50 40 6039 5 25 12 6 0 12 10 8 0 29 9 16 1 17 10 11 1 19 10 9 1 6.0
55 55 50 40 60 50 40 20738 3 24 12 14 0 15 15 8 0 16 8 8 0 4.0
56 63 57 40 37 81 40 10910 2 12 11 15 1 16 8 11 1 4.0
57 59 44 40 41 20 40 2914 4 36 8 15 0 24 13 9 0 31 5 8 0 32 6 10 1 6.0
58 42 27 40 26 49 40 5083 2 21 14 8 0 14 5 15 1 5.0
59 17 50 40 16 56 40 10842 4 21 6 14 0 14 14 9 0 24 11 6 0 24 6 13 1 5.0
60 42 80 40 62 49 40 10430 4 23 10 11 0 24 7 11 0 21 9 8 0 33 5 6 1 5.0
61 40 78 40 26 50 40 32051 4 14 12 18 0 21 5 18 0 23 5 11 0 13 7 9 0 4.0
62 44 23 40 16 53 40 4685 2 33 6 12 0 18 8 8 0 5.0
63 40 29 40 40 25 40 5020 1 23 14 11 0 5.0
64 42 74 40 46 80 40 42336 5 36 10 11 0 35 8 8 0 13 10 13 0 34 6 7 0 17 8 8 0 4.0
65 66 52 40 67 52 40 4245 3 18 10 15 0 22 5 12 0 27 15 7 1 6.0
66 25 48 40 17 56 40 8228 1 21 13 13 0 4.0
67 40 23 40 67 57 40 8908 3 34 8 10 0 28 9 10 0 15 13 9 1 5.0
68 38 82 40 42 79 40 1271 1 27 10 13 0 6.0
69 14 56 40 17 44 40 5242 1 33 15 7 0 5.0
70 47 23 40 45 25 40 40406 5 17 13 18 0 19 11 10 0 12 7 11 0 29 12 7 1 14 10 8 1 4.0
71 59 46 40 42 72 40 997 1 35 11 9 0 6.0
72 41 71 40 56 50 40 2628 5 12 14 12 0 18 6 17 0 24 6 10 0 21 5 6 0 12 7 11 1 6.0
73 62 48 40 37 69 40 13941 2 27 6 11 0 20 14 6 1 4.0
74 47 75 40 56 47 40 3143 3 26 10 15 0 19 15 7 0 17 6 9 0 6.0
75 42 25 40 56 46 40 7684 1 33 7 15 0 4.0
