7     75    45000 60    25    30   
0     40    50    0     40    50    1236  0     
1 24 48 40 26 45 40 18547 1 27 14 18 0 4.0
2 47 69 40 38 30 40 20601 2 30 15 18 1 22 10 11 1 5.0
3 19 47 40 42 26 40 2017 1 26 12 11 0 6.0
4 42 79 40 35 70 40 8166 3 23 13 12 0 20 7 8 0 35 8 8 1 5.0
5 67 49 40 25 52 40 718 1 28 11 11 0 6.0
6 43 27 40 40 26 40 28490 2 36 15 18 0 24 15 11 0 5.0
7 56 57 40 25 51 40 37988 3 33 8 11 0 34 5 16 0 13 11 10 1 4.0
8 60 49 40 65 46 40 6588 3 20 9 17 0 19 12 10 0 12 10 13 0 5.0
9 35 20 40 43 22 40 4222 2 12 14 12 1 36 6 7 1 5.0
10 37 75 40 60 56 40 6829 2 31 6 11 0 15 10 10 0 5.0
11 17 47 40 34 28 40 8965 2 36 10 12 0 19 12 11 1 5.0
12 61 44 40 63 50 40 15083 1 32 12 9 1 4.0
13 40 30 40 55 50 40 44632 3 24 12 17 0 26 11 14 0 15 8 12 1 4.0
14 63 51 40 43 31 40 45000 2 25 11 8 0 32 12 12 1 4.0
15 17 49 40 41 70 40 3277 3 35 15 12 0 34 6 16 0 21 5 9 1 6.0
16 34 73 40 40 22 40 1843 2 32 7 10 0 12 14 7 1 6.0
17 58 56 40 20 47 40 17701 1 29 14 17 0 4.0
18 40 32 40 40 81 40 3541 3 31 14 15 0 26 10 7 0 33 10 7 1 6.0
19 35 79 40 59 47 40 11595 2 13 11 15 0 31 7 6 0 4.0
20 39 80 40 45 30 40 6252 1 32 13 17 0 6.0
21 45 82 40 64 46 40 1591 3 32 13 12 0 12 10 10 0 22 5 6 0 6.0
22 67 55 40 66 57 40 20219 1 36 12 8 1 4.0
23 47 77 40 37 82 40 2927 3 31 10 18 0 30 15 9 0 22 6 6 0 6.0
24 63 54 40 19 52 40 874 2 19 12 8 0 14 11 11 0 6.0
25 62 46 40 14 57 40 45000 1 31 13 17 1 4.0
26 36 29 40 43 26 40 7247 2 33 12 14 0 34 8 18 0 6.0
27 60 45 40 41 75 40 4581 1 24 12 12 1 5.0
28 23 50 40 46 81 40 3947 1 23 9 17 0 5.0
29 65 44 40 35 25 40 10688 3 36 15 6 0 26 13 6 0 19 5 18 0 5.0
30 19 46 40 27 51 40 9032 1 34 12 17 0 5.0
31 42 80 40 36 79 40 22195 3 19 14 10 0 15 6 10 0 17 14 14 1 4.0
32 39 82 40 46 27 40 3140 3 30 14 13 0 30 12 11 0 13 14 6 0 6.0
33 34 74 40 62 51 40 13441 2 18 14 15 0 16 14 14 0 5.0
34 56 51 40 34 30 40 7741 2 29 6 7 0 29 8 10 1 4.0
35 41 76 40 58 54 40 9308 3 33 7 17 0 35 8 12 0 33 8 11 0 6.0
36 46 25 40 34 26 40 1656 2 28 7 12 0 31 6 6 0 6.0
37 59 44 40 43 69 40 45000 1 32 13 17 0 4.0
38 64 53 40 27 57 40 1994 2 33 5 13 0 27 6 8 0 6.0
39 38 76 40 26 54 40 9321 2 25 7 10 0 17 7 14 0 4.0
40 38 70 40 38 24 40 5711 2 28 8 18 0 32 13 15 1 6.0
41 18 49 40 44 19 40 31676 3 33 10 17 0 24 15 12 0 32 13 9 0 4.0
42 39 81 40 55 47 40 3060 1 29 7 17 1 6.0
43 21 54 40 40 28 40 5463 1 34 8 13 1 5.0
44 34 69 40 47 74 40 14053 3 15 14 7 0 13 5 9 0 21 15 16 1 5.0
45 65 45 40 47 70 40 3630 2 17 14 10 0 33 10 14 1 6.0
46 61 53 40 58 44 40 45000 2 24 12 15 0 27 12 8 0 4.0
47 41 26 40 18 51 40 8050 2 17 8 17 0 26 14 13 1 5.0
48 40 27 40 65 57 40 6091 3 25 10 12 0 18 10 14 0 14 9 12 1 6.0
49 17 48 40 41 69 40 16060 3 22 7 18 0 29 8 14 1 26 6 6 1 4.0
50 37 29 40 46 26 40 1065 3 32 9 10 0 28 6 13 0 22 8 10 0 6.0
51 16 55 40 36 27 40 14500 3 25 13 18 0 19 14 10 0 15 8 15 0 5.0
52 35 21 40 42 72 40 24590 3 24 11 15 0 23 14 7 0 34 10 12 1 4.0
53 38 81 40 24 54 40 10160 1 17 13 16 0 4.0
54 46 69 40 39 75 40 6948 2 34 12 14 0 18 11 6 0 5.0
55 23 45 40 57 47 40 6722 1 23 14 11 0 5.0
56 19 57 40 46 77 40 4420 2 19 8 17 0 16 6 9 1 5.0
57 40 21 40 16 44 40 10789 2 26 15 6 0 26 6 7 0 4.0
58 60 51 40 45 70 40 45000 2 36 15 12 0 30 15 9 0 4.0
59 56 53 40 39 26 40 3360 2 23 11 10 0 21 6 7 0 5.0
60 37 19 40 39 27 40 1930 2 18 7 18 0 18 10 7 0 6.0
61 39 72 40 21 51 40 7429 2 18 15 8 0 36 6 6 0 5.0
62 14 46 40 54 51 40 21647 2 31 12 13 0 27 9 9 0 4.0
63 34 21 40 54 44 40 8348 1 36 12 16 1 5.0
64 20 50 40 17 52 40 45000 3 12 6 17 0 34 14 15 1 21 7 15 1 4.0
65 27 56 40 21 50 40 4154 3 14 12 16 0 32 5 15 0 16 13 8 0 6.0
66 44 69 40 40 74 40 1503 1 28 14 9 0 6.0
67 43 71 40 56 50 40 6174 2 21 9 14 0 12 9 7 0 5.0
68 26 47 40 54 47 40 4270 3 19 15 9 0 25 11 6 0 16 15 12 1 6.0
69 59 57 40 54 49 40 3401 2 20 14 17 0 36 7 9 0 6.0
70 39 21 40 43 20 40 22997 1 29 13 18 0 4.0
71 19 56 40 45 27 40 1343 1 32 11 10 1 6.0
72 56 55 40 24 49 40 13249 2 26 14 14 0 34 6 9 1 5.0
73 24 52 40 24 51 40 13790 1 19 13 14 1 4.0
74 17 44 40 19 50 40 5927 1 33 13 8 0 5.0
75 45 74 40 41 31 40 9411 2 12 12 14 0 20 6 12 1 4.0
