10    106   45000 60    25    30   
0     70    70    0     70    70    1351  0     
1 37 83 40 66 96 40 24864 3 26 14 7 0 24 12 16 1 26 12 11 1 4.0
2 109 65 40 74 95 40 1360 2 15 10 9 0 26 13 6 1 6.0
3 50 35 40 71 71 40 2788 1 35 15 13 1 6.0
4 107 67 40 42 30 40 21515 2 32 10 6 0 28 9 6 0 4.0
5 73 114 40 44 23 40 3161 3 36 13 18 0 14 5 14 0 36 11 11 1 6.0
6 48 25 40 107 87 40 5027 1 36 14 14 0 6.0
7 100 30 40 99 70 40 11785 3 26 13 6 0 12 12 6 0 27 13 11 1 5.0
8 109 34 40 106 51 40 8275 2 30 7 7 0 13 9 17 1 4.0
9 87 119 40 22 88 40 5797 2 14 5 18 0 28 8 10 1 5.0
10 91 89 40 69 101 40 12371 1 30 13 9 0 4.0
11 71 72 40 89 34 40 10116 1 36 14 14 1 5.0
12 71 39 40 120 55 40 4333 2 31 10 9 1 18 5 8 1 5.0
13 113 80 40 42 43 40 10283 2 27 5 16 0 27 7 7 0 4.0
14 60 77 40 54 112 40 8157 2 32 14 15 0 31 8 15 0 6.0
15 47 79 40 51 62 40 7395 3 34 9 11 0 34 7 9 0 14 6 16 0 5.0
16 100 80 40 97 53 40 7540 2 12 10 11 0 30 8 9 1 4.0
17 47 22 40 105 105 40 16137 3 28 12 17 0 34 8 15 0 14 5 9 0 5.0
18 63 60 40 117 100 40 2091 1 33 7 15 0 6.0
19 104 74 40 95 24 40 34233 2 31 12 16 0 26 15 11 0 4.0
20 40 75 40 62 29 40 13704 2 33 8 15 0 32 7 13 1 4.0
21 99 34 40 104 27 40 4678 2 13 8 18 0 34 6 8 0 5.0
22 27 99 40 49 102 40 15403 2 34 15 13 0 27 14 10 0 5.0
23 116 83 40 104 89 40 9681 1 26 9 15 0 4.0
24 48 70 40 108 57 40 19008 2 35 15 15 0 14 10 17 1 5.0
25 114 101 40 115 37 40 17822 2 23 6 11 0 21 9 10 1 4.0
26 77 61 40 76 61 40 1314 3 35 6 16 0 25 6 10 0 33 5 13 1 6.0
27 70 73 40 101 114 40 4368 3 23 8 16 0 22 15 8 0 15 15 6 0 6.0
28 37 32 40 86 42 40 39240 2 35 7 18 0 31 10 8 0 4.0
29 45 115 40 87 41 40 3657 2 21 7 7 0 36 11 15 1 6.0
30 106 65 40 104 20 40 1633 1 19 10 18 0 6.0
31 48 74 40 34 39 40 38376 3 31 10 15 0 27 9 16 0 21 11 8 0 4.0
32 39 100 40 92 36 40 4161 1 18 14 14 0 5.0
33 98 80 40 96 76 40 13378 3 35 13 9 0 16 6 14 0 22 5 13 1 5.0
34 98 101 40 110 21 40 12596 1 36 8 12 0 4.0
35 101 53 40 51 52 40 8839 3 30 15 17 0 31 11 9 0 15 14 14 0 6.0
36 46 40 40 98 78 40 1838 1 17 12 17 0 6.0
37 106 103 40 92 43 40 2445 1 28 7 18 0 6.0
38 43 77 40 76 50 40 5250 3 16 8 17 0 17 5 14 0 34 6 18 1 6.0
39 91 67 40 93 56 40 8853 1 28 14 18 0 5.0
40 63 51 40 71 108 40 4768 2 16 12 11 0 21 8 8 1 5.0
41 100 79 40 112 76 40 8657 3 12 15 15 0 25 9 12 0 23 5 12 1 5.0
42 98 47 40 54 80 40 1739 2 21 13 12 0 33 12 9 1 6.0
43 43 57 40 80 103 40 36706 3 34 15 9 0 16 6 17 0 14 7 6 1 4.0
44 38 70 40 40 101 40 5762 2 17 13 18 0 36 8 10 0 6.0
45 106 57 40 95 103 40 26560 3 24 12 14 0 18 12 18 0 30 7 11 0 4.0
46 39 60 40 97 62 40 22672 2 31 11 14 0 29 12 6 0 4.0
47 52 36 40 119 38 40 5216 2 23 15 10 0 16 13 16 0 6.0
48 108 30 40 51 81 40 1250 2 13 9 18 0 13 10 10 1 6.0
49 116 110 40 45 35 40 8156 2 12 5 6 0 25 14 9 1 4.0
50 72 92 40 102 22 40 4506 1 31 14 8 0 5.0
51 95 111 40 92 108 40 3261 1 33 15 7 0 6.0
52 120 26 40 67 54 40 19001 2 18 14 15 0 30 13 8 0 4.0
53 113 72 40 115 51 40 6879 2 19 5 17 0 13 10 14 1 4.0
54 20 96 40 28 98 40 1502 3 36 13 13 0 27 12 10 0 20 8 7 1 6.0
55 108 97 40 81 70 40 13157 2 26 14 11 0 18 12 13 0 5.0
56 66 20 40 57 119 40 2590 1 25 9 15 0 6.0
57 57 94 40 24 108 40 5004 2 27 11 10 0 33 13 17 1 6.0
58 80 40 40 26 74 40 7252 1 34 10 10 0 4.0
59 62 75 40 66 79 40 4357 2 29 10 17 0 17 7 17 0 6.0
60 103 63 40 37 95 40 14969 1 31 13 17 1 4.0
61 23 59 40 102 46 40 19070 3 18 11 14 0 21 6 7 0 23 12 12 1 4.0
62 47 64 40 38 80 40 3023 2 19 7 14 0 17 14 7 1 6.0
63 113 27 40 55 69 40 5273 2 21 9 15 1 14 5 10 1 5.0
64 71 60 40 91 34 40 27468 3 32 13 12 0 25 13 11 0 16 8 14 0 4.0
65 108 113 40 70 30 40 12649 2 23 14 17 0 12 7 16 0 5.0
66 114 117 40 117 68 40 3593 1 36 14 7 1 5.0
67 38 26 40 94 111 40 30151 2 28 6 18 0 24 11 15 1 4.0
68 106 34 40 41 47 40 6000 2 21 9 10 0 23 7 10 0 5.0
69 76 60 40 44 71 40 3067 2 21 13 8 0 21 6 10 0 6.0
70 41 20 40 106 54 40 45000 3 13 6 7 0 36 9 18 1 21 14 14 1 4.0
71 52 104 40 109 66 40 3750 1 19 14 13 0 5.0
72 57 55 40 116 108 40 1538 3 29 12 9 0 16 12 11 0 25 7 9 1 6.0
73 94 76 40 78 87 40 6415 1 19 13 14 1 5.0
74 90 109 40 47 48 40 5917 3 20 7 17 0 33 14 8 1 13 5 11 1 6.0
75 115 60 40 27 120 40 15377 1 27 8 16 0 4.0
76 78 55 40 44 81 40 19467 3 21 12 17 0 30 5 10 0 13 11 7 0 4.0
77 89 79 40 117 55 40 5553 1 36 15 13 0 6.0
78 40 98 40 49 43 40 3196 3 33 10 16 0 14 9 7 0 12 9 6 1 6.0
79 108 69 40 28 106 40 35310 3 32 8 14 0 17 12 14 0 12 5 6 0 4.0
80 46 107 40 67 27 40 2135 1 32 9 12 0 6.0
81 94 21 40 112 91 40 5544 1 36 14 14 1 6.0
82 63 25 40 70 92 40 5091 1 23 11 14 0 5.0
83 114 115 40 72 111 40 4999 2 36 15 13 0 27 13 9 1 6.0
84 42 99 40 62 22 40 4906 2 27 6 15 0 25 7 6 0 5.0
85 27 43 40 31 21 40 19520 1 21 15 11 0 4.0
86 80 28 40 78 39 40 13228 1 28 14 18 1 5.0
87 55 22 40 60 75 40 4842 3 36 10 15 0 27 5 6 0 13 6 8 0 6.0
88 59 65 40 89 60 40 10740 1 34 13 8 0 4.0
89 56 36 40 32 91 40 15598 3 22 10 14 0 34 9 7 0 36 9 16 1 5.0
90 73 85 40 23 56 40 9787 2 31 9 10 0 12 8 7 0 4.0
91 43 28 40 81 65 40 26243 1 33 15 14 0 4.0
92 75 115 40 55 76 40 4397 2 25 8 11 0 12 6 17 0 5.0
93 89 83 40 35 53 40 5293 2 25 15 6 0 26 8 6 0 5.0
94 94 95 40 77 113 40 38660 3 24 13 16 0 19 9 17 0 24 10 11 1 4.0
95 82 35 40 77 53 40 5273 2 33 10 7 0 26 7 6 0 5.0
96 49 114 40 91 42 40 5284 2 21 5 18 1 29 6 9 1 5.0
97 55 99 40 51 104 40 10137 2 32 9 7 0 23 11 6 0 4.0
98 109 28 40 85 59 40 7999 3 27 6 15 0 16 8 16 0 31 5 16 1 5.0
99 83 115 40 98 57 40 9278 1 35 14 14 0 5.0
100 97 71 40 53 88 40 12636 3 26 9 18 0 17 7 13 0 18 12 6 0 5.0
101 118 46 40 120 92 40 2162 2 14 15 10 0 24 10 6 0 6.0
102 49 106 40 102 49 40 45000 2 36 5 13 0 21 14 16 1 4.0
103 34 89 40 79 92 40 10367 3 33 6 10 0 30 10 6 0 26 11 11 1 5.0
104 65 74 40 34 97 40 18417 3 12 10 18 0 30 5 12 0 16 11 17 1 4.0
105 67 57 40 98 76 40 7359 2 34 11 17 0 27 10 14 0 6.0
106 100 55 40 25 69 40 3386 2 12 12 13 0 20 10 8 0 5.0
