10    106   45000 60    25    30   
0     70    70    0     70    70    1351  0     
1 37 110 40 33 110 40 45000 3 26 14 7 0 24 12 16 1 26 12 11 1 4.0
2 35 80 40 74 114 40 1970 2 15 10 9 0 26 13 6 1 6.0
3 34 33 40 79 114 40 2694 1 35 15 13 1 6.0
4 24 65 40 74 102 40 7449 2 32 10 6 0 28 9 6 0 4.0
5 74 117 40 108 100 40 10762 3 36 13 18 0 14 5 14 0 36 11 11 1 6.0
6 35 40 40 40 114 40 26530 1 36 14 14 0 4.0
7 68 28 40 30 101 40 30039 3 26 13 6 0 12 12 6 0 27 13 11 1 4.0
8 107 39 40 67 23 40 1005 2 30 7 7 0 13 9 17 1 6.0
9 70 32 40 117 103 40 7008 2 14 5 18 0 28 8 10 1 5.0
10 23 110 40 102 30 40 7559 1 30 13 9 0 4.0
11 106 110 40 112 30 40 8284 1 36 14 14 1 5.0
12 35 75 40 70 110 40 4211 2 31 10 9 1 18 5 8 1 5.0
13 76 108 40 62 39 40 8250 2 27 5 16 0 27 7 7 0 4.0
14 36 70 40 105 116 40 6235 2 32 14 15 0 31 8 15 0 6.0
15 112 65 40 74 27 40 9778 3 34 9 11 0 34 7 9 0 14 6 16 0 5.0
16 72 118 40 108 75 40 6252 2 12 10 11 0 30 8 9 1 5.0
17 104 114 40 104 32 40 3466 3 28 12 17 0 34 8 15 0 14 5 9 0 6.0
18 68 105 40 109 76 40 2109 1 33 7 15 0 6.0
19 34 80 40 29 67 40 14508 2 31 12 16 0 26 15 11 0 5.0
20 25 108 40 36 66 40 7891 2 33 8 15 0 32 7 13 1 5.0
21 31 103 40 73 118 40 12620 2 13 8 18 0 34 6 8 0 4.0
22 41 28 40 104 34 40 33659 2 34 15 13 0 27 14 10 0 4.0
23 112 24 40 30 111 40 2827 1 26 9 15 0 6.0
24 39 23 40 108 29 40 5470 2 35 15 15 0 14 10 17 1 6.0
25 34 37 40 75 41 40 11934 2 23 6 11 0 21 9 10 1 4.0
26 38 32 40 25 61 40 7906 3 35 6 16 0 25 6 10 0 33 5 13 1 5.0
27 62 42 40 65 118 40 9909 3 23 8 16 0 22 15 8 0 15 15 6 0 5.0
28 40 76 40 30 115 40 6072 2 35 7 18 0 31 10 8 0 6.0
29 30 64 40 108 117 40 10396 2 21 7 7 0 36 11 15 1 5.0
30 112 114 40 70 113 40 11476 1 19 10 18 0 4.0
31 71 31 40 66 26 40 41508 3 31 10 15 0 27 9 16 0 21 11 8 0 4.0
32 112 29 40 72 30 40 5197 1 18 14 14 0 5.0
33 34 23 40 27 68 40 3711 3 35 13 9 0 16 6 14 0 22 5 13 1 6.0
34 38 34 40 110 70 40 10122 1 36 8 12 0 4.0
35 108 33 40 66 116 40 18284 3 30 15 17 0 31 11 9 0 15 14 14 0 5.0
36 38 40 40 101 69 40 7089 1 17 12 17 0 4.0
37 41 70 40 34 100 40 25126 1 28 7 18 0 4.0
38 102 71 40 32 40 40 5358 3 16 8 17 0 17 5 14 0 34 6 18 1 6.0
39 70 108 40 103 107 40 19120 1 28 14 18 0 4.0
40 74 99 40 116 72 40 20675 2 16 12 11 0 21 8 8 1 4.0
41 33 102 40 117 40 40 3285 3 12 15 15 0 25 9 12 0 23 5 12 1 6.0
42 101 102 40 105 62 40 3646 2 21 13 12 0 33 12 9 1 6.0
43 118 111 40 68 100 40 11163 3 34 15 9 0 16 6 17 0 14 7 6 1 5.0
44 117 108 40 35 118 40 8311 2 17 13 18 0 36 8 10 0 5.0
45 67 28 40 108 108 40 10652 3 24 12 14 0 18 12 18 0 30 7 11 0 6.0
46 24 39 40 101 111 40 23839 2 31 11 14 0 29 12 6 0 4.0
47 72 108 40 30 79 40 45000 2 23 15 10 0 16 13 16 0 4.0
48 35 34 40 80 116 40 2678 2 13 9 18 0 13 10 10 1 6.0
49 69 118 40 40 69 40 6603 2 12 5 6 0 25 14 9 1 5.0
50 41 111 40 34 110 40 3934 1 31 14 8 0 5.0
51 99 31 40 63 27 40 3008 1 33 15 7 0 6.0
52 116 39 40 107 64 40 28627 2 18 14 15 0 30 13 8 0 4.0
53 31 61 40 36 78 40 4490 2 19 5 17 0 13 10 14 1 5.0
54 115 40 40 36 72 40 2648 3 36 13 13 0 27 12 10 0 20 8 7 1 6.0
55 78 117 40 117 110 40 30722 2 26 14 11 0 18 12 13 0 4.0
56 34 68 40 117 105 40 4864 1 25 9 15 0 5.0
57 111 32 40 105 64 40 4352 2 27 11 10 0 33 13 17 1 6.0
58 40 32 40 39 30 40 21028 1 34 10 10 0 4.0
59 112 34 40 105 34 40 18402 2 29 10 17 0 17 7 17 0 4.0
60 25 76 40 116 79 40 2313 1 31 13 17 1 6.0
61 74 30 40 36 79 40 45000 3 18 11 14 0 21 6 7 0 23 12 12 1 4.0
62 107 109 40 107 106 40 9966 2 19 7 14 0 17 14 7 1 4.0
63 68 118 40 76 103 40 3718 2 21 9 15 1 14 5 10 1 5.0
64 64 26 40 101 63 40 10557 3 32 13 12 0 25 13 11 0 16 8 14 0 6.0
65 61 111 40 33 32 40 12394 2 23 14 17 0 12 7 16 0 5.0
66 39 115 40 79 118 40 2845 1 36 14 7 1 6.0
67 65 42 40 72 31 40 10303 2 28 6 18 0 24 11 15 1 5.0
68 114 24 40 104 41 40 9419 2 21 9 10 0 23 7 10 0 4.0
69 66 40 40 41 25 40 1307 2 21 13 8 0 21 6 10 0 6.0
70 104 112 40 24 27 40 11017 3 13 6 7 0 36 9 18 1 21 14 14 1 6.0
71 100 80 40 112 40 40 3931 1 19 14 13 0 5.0
72 113 80 40 99 75 40 30844 3 29 12 9 0 16 12 11 0 25 7 9 1 4.0
73 35 30 40 33 108 40 5645 1 19 13 14 1 5.0
74 100 78 40 25 66 40 1422 3 20 7 17 0 33 14 8 1 13 5 11 1 6.0
75 80 28 40 28 100 40 2849 1 27 8 16 0 6.0
76 71 29 40 99 116 40 12000 3 21 12 17 0 30 5 10 0 13 11 7 0 5.0
77 111 102 40 102 36 40 1931 1 36 15 13 0 6.0
78 115 38 40 108 77 40 4451 3 33 10 16 0 14 9 7 0 12 9 6 1 6.0
79 106 42 40 34 79 40 22130 3 32 8 14 0 17 12 14 0 12 5 6 0 4.0
80 38 103 40 32 39 40 5674 1 32 9 12 0 5.0
81 32 42 40 62 27 40 2908 1 36 14 14 1 6.0
82 29 74 40 80 115 40 16697 1 23 11 14 0 4.0
83 108 70 40 39 64 40 20836 2 36 15 13 0 27 13 9 1 4.0
84 25 32 40 113 37 40 4281 2 27 6 15 0 25 7 6 0 5.0
85 114 78 40 113 79 40 22288 1 21 15 11 0 4.0
86 71 26 40 36 114 40 21812 1 28 14 18 1 4.0
87 30 24 40 29 104 40 6854 3 36 10 15 0 27 5 6 0 13 6 8 0 6.0
88 117 70 40 99 71 40 30328 1 34 13 8 0 4.0
89 103 115 40 34 42 40 17352 3 22 10 14 0 34 9 7 0 36 9 16 1 5.0
90 40 62 40 109 67 40 3963 2 31 9 10 0 12 8 7 0 5.0
91 105 104 40 110 73 40 19642 1 33 15 14 0 4.0
92 38 113 40 102 25 40 3915 2 25 8 11 0 12 6 17 0 5.0
93 108 35 40 73 40 40 3091 2 25 15 6 0 26 8 6 0 6.0
94 104 115 40 107 78 40 38594 3 24 13 16 0 19 9 17 0 24 10 11 1 4.0
95 118 72 40 102 112 40 3286 2 33 10 7 0 26 7 6 0 6.0
96 64 111 40 99 32 40 4007 2 21 5 18 1 29 6 9 1 5.0
97 35 33 40 79 32 40 7091 2 32 9 7 0 23 11 6 0 5.0
98 80 35 40 34 39 40 7529 3 27 6 15 0 16 8 16 0 31 5 16 1 5.0
99 104 106 40 116 74 40 5395 1 35 14 14 0 6.0
100 37 76 40 36 100 40 11097 3 26 9 18 0 17 7 13 0 18 12 6 0 5.0
101 101 106 40 28 42 40 8952 2 14 15 10 0 24 10 6 0 4.0
102 32 118 40 101 31 40 14548 2 36 5 13 0 21 14 16 1 4.0
103 39 102 40 31 107 40 10192 3 33 6 10 0 30 10 6 0 26 11 11 1 5.0
104 27 102 40 72 104 40 13295 3 12 10 18 0 30 5 12 0 16 11 17 1 5.0
105 73 31 40 73 39 40 6469 2 34 11 17 0 27 10 14 0 6.0
106 113 118 40 64 109 40 1490 2 12 12 13 0 20 10 8 0 6.0
