5     53    45000 60    25    30   
0     40    50    0     40    50    1236  0     
1 25 62 40 27 45 40 8792 2 24 8 15 0 12 9 8 0 4.0
2 55 65 40 39 78 40 1510 2 25 9 11 0 13 7 14 0 6.0
3 24 64 40 53 39 40 2980 3 29 12 12 0 24 6 15 0 24 5 8 0 6.0
4 65 54 40 57 45 40 45000 3 30 14 7 0 26 12 8 0 31 7 9 1 4.0
5 26 57 40 23 46 40 834 1 22 15 11 1 6.0
6 66 60 40 16 36 40 2619 2 18 8 9 0 20 7 17 1 6.0
7 64 56 40 46 76 40 18909 4 30 13 9 0 20 11 11 0 23 15 9 1 15 15 8 1 5.0
8 57 60 40 40 80 40 35010 4 28 14 18 0 15 15 16 0 27 12 8 0 14 9 11 0 4.0
9 45 25 40 25 46 40 12045 3 36 5 13 0 25 15 10 1 13 7 13 1 5.0
10 59 64 40 20 37 40 13259 1 19 11 18 0 4.0
11 21 64 40 34 81 40 5342 2 24 14 6 0 19 5 18 0 5.0
12 36 24 40 66 47 40 4622 2 22 6 17 0 25 6 10 0 5.0
13 22 67 40 62 37 40 43268 4 35 11 13 0 15 12 18 0 23 11 11 0 31 13 9 1 4.0
14 18 62 40 38 82 40 5826 3 20 12 11 0 34 7 8 0 13 14 16 1 6.0
15 37 20 40 23 40 40 4041 2 22 10 9 0 14 14 9 0 5.0
16 21 67 40 23 39 40 8085 2 23 10 6 0 28 7 12 1 4.0
17 41 22 40 60 44 40 16763 5 31 7 14 0 25 5 14 0 13 11 10 0 12 8 9 0 16 13 18 1 5.0
18 57 63 40 19 45 40 8859 4 34 14 15 0 30 12 9 0 19 10 15 0 29 5 10 0 6.0
19 41 25 40 38 69 40 12334 2 22 9 8 0 18 9 13 1 4.0
20 59 61 40 26 35 40 7323 1 34 9 12 0 4.0
21 54 64 40 39 72 40 14550 5 26 5 11 0 22 5 11 0 17 10 7 0 30 10 13 1 33 8 12 1 5.0
22 47 30 40 18 47 40 10844 4 33 6 12 0 14 9 13 0 13 8 15 0 15 13 9 1 5.0
23 37 23 40 42 80 40 10028 2 18 8 14 0 20 9 9 0 4.0
24 54 55 40 21 36 40 6906 1 23 9 18 0 5.0
25 19 62 40 41 71 40 19015 2 12 13 12 0 14 7 18 0 4.0
26 59 59 40 40 82 40 698 1 31 12 10 1 6.0
27 28 62 40 18 44 40 2285 1 31 9 13 0 6.0
28 55 58 40 28 36 40 20879 2 28 9 8 0 15 10 11 1 4.0
29 40 25 40 66 45 40 3894 4 14 13 14 0 20 10 9 0 12 6 12 0 17 10 13 1 6.0
30 22 66 40 65 39 40 7113 4 27 15 12 0 30 6 15 0 34 7 7 0 27 14 15 1 6.0
31 63 60 40 61 46 40 41901 5 29 6 17 0 20 9 7 0 12 11 9 0 21 10 15 1 29 8 12 1 4.0
32 57 64 40 22 39 40 17401 5 33 7 14 0 28 8 10 0 26 10 8 0 28 15 12 1 24 9 10 1 5.0
33 57 54 40 54 43 40 14379 3 22 12 15 0 14 12 14 0 17 7 9 0 5.0
34 41 28 40 15 38 40 45000 5 15 14 18 0 15 11 18 0 16 8 17 0 28 6 10 0 36 13 7 1 4.0
35 34 24 40 42 73 40 2392 2 24 13 8 0 20 10 6 1 6.0
36 57 56 40 35 75 40 2004 1 30 9 14 0 6.0
37 24 57 40 54 40 40 2523 1 20 13 14 1 6.0
38 59 67 40 60 36 40 2820 2 35 10 6 0 20 7 12 1 6.0
39 22 55 40 61 40 40 9224 5 22 12 10 0 28 7 7 0 17 12 6 0 14 7 7 0 13 10 11 1 5.0
40 28 67 40 59 39 40 5140 2 23 12 8 0 23 11 6 0 5.0
41 36 20 40 42 77 40 9323 5 31 9 9 0 16 6 16 0 15 13 6 0 13 5 17 0 14 10 7 0 5.0
42 15 56 40 26 40 40 953 2 26 5 18 0 16 11 8 0 6.0
43 16 61 40 28 42 40 45000 5 28 14 10 0 14 15 14 0 21 7 18 0 14 5 9 0 24 6 8 1 4.0
44 39 25 40 45 74 40 6293 3 28 11 14 0 14 14 6 0 26 11 7 1 5.0
45 44 31 40 53 35 40 19490 4 13 13 17 0 20 13 7 0 14 9 13 0 21 8 7 0 4.0
46 17 62 40 40 76 40 12264 2 30 8 8 0 28 8 8 1 4.0
47 44 21 40 38 72 40 5789 5 19 14 15 0 15 8 11 0 12 6 11 0 21 5 7 0 14 7 7 1 6.0
48 41 24 40 53 45 40 1379 3 35 8 6 0 15 13 6 1 14 5 13 1 6.0
49 61 66 40 36 80 40 16999 5 25 14 9 0 13 11 10 0 31 6 6 0 33 5 6 0 21 5 6 0 4.0
50 43 19 40 38 81 40 4815 2 25 7 15 0 31 5 7 1 5.0
51 21 65 40 60 46 40 10477 4 34 15 11 0 28 13 7 0 17 10 10 1 14 7 13 1 5.0
52 21 60 40 23 44 40 20874 5 31 11 6 0 30 7 8 0 18 7 13 0 16 9 8 0 19 7 8 0 4.0
53 36 22 40 64 42 40 15181 5 21 13 13 0 13 6 15 0 13 9 7 0 21 7 9 1 24 5 6 1 4.0
