5     53    45000 60    25    30   
0     40    50    0     40    50    1236  0     
1 42 23 40 57 47 40 7693 1 36 7 13 1 4.0
2 22 55 40 54 44 40 1285 2 22 5 18 0 22 5 11 0 6.0
3 47 19 40 14 57 40 1323 1 30 9 12 0 6.0
4 22 56 40 46 20 40 41174 3 18 5 17 0 36 11 8 1 17 11 10 1 4.0
5 20 52 40 38 30 40 1460 3 18 12 17 0 17 15 6 0 33 5 7 1 6.0
6 20 46 40 47 20 40 4713 3 23 15 10 0 33 5 11 0 27 5 10 1 6.0
7 60 57 40 16 52 40 16614 2 34 7 10 0 34 14 15 1 5.0
8 46 24 40 23 49 40 31350 3 20 13 17 0 13 8 7 0 36 13 17 1 4.0
9 38 31 40 56 53 40 10603 3 24 12 9 0 20 9 12 0 25 6 11 0 5.0
10 39 24 40 43 30 40 22204 1 28 15 15 1 4.0
11 37 82 40 43 72 40 4680 1 34 12 8 0 5.0
12 45 74 40 56 49 40 3922 2 31 7 9 0 17 9 8 0 5.0
13 24 50 40 39 78 40 9353 2 22 10 6 0 22 12 7 1 4.0
14 38 75 40 61 44 40 2567 2 25 5 14 0 12 8 16 1 6.0
15 42 25 40 41 32 40 6993 1 36 10 18 0 5.0
16 55 49 40 44 29 40 7020 2 16 12 10 0 33 5 8 0 4.0
17 40 29 40 23 56 40 9780 2 27 12 15 0 13 14 8 0 5.0
18 45 19 40 22 47 40 5952 3 29 12 10 0 14 10 12 0 28 12 14 1 6.0
19 62 46 40 61 45 40 21181 3 35 10 8 0 14 8 18 0 13 13 9 0 4.0
20 24 44 40 36 78 40 18874 2 28 15 9 0 29 14 14 1 4.0
21 62 50 40 65 54 40 8411 1 28 15 15 0 5.0
22 16 53 40 14 49 40 4834 1 33 9 11 0 5.0
23 39 26 40 60 54 40 17376 3 20 15 10 0 16 15 7 0 15 12 9 0 4.0
24 47 25 40 56 54 40 5896 2 22 9 12 0 23 5 7 0 5.0
25 26 47 40 43 20 40 16876 2 15 8 14 0 17 7 13 0 4.0
26 40 75 40 39 75 40 1853 3 28 9 17 0 22 9 16 0 27 10 9 1 6.0
27 26 53 40 41 81 40 2056 1 32 6 17 0 6.0
28 58 51 40 64 54 40 18652 2 25 6 16 0 25 5 7 0 4.0
29 45 75 40 43 76 40 6800 2 35 14 15 0 34 11 15 0 6.0
30 39 76 40 19 49 40 1560 1 33 11 9 1 6.0
31 40 76 40 60 53 40 45000 3 32 10 13 0 36 12 8 0 35 13 12 1 4.0
32 36 20 40 27 50 40 11337 3 27 13 16 0 13 9 18 0 15 14 9 0 5.0
33 63 53 40 60 56 40 12761 1 36 14 13 0 5.0
34 67 52 40 66 45 40 45000 3 29 14 15 0 26 10 16 0 27 8 14 1 4.0
35 40 69 40 41 75 40 2078 1 19 13 13 0 6.0
36 41 28 40 37 71 40 1695 2 27 9 8 0 19 6 11 0 6.0
37 20 50 40 60 55 40 2271 1 36 13 7 0 6.0
38 40 71 40 41 25 40 4724 2 32 11 16 0 20 5 7 0 6.0
39 18 54 40 34 81 40 16331 3 32 10 16 0 17 14 17 0 25 14 11 0 5.0
40 15 55 40 40 22 40 4385 1 17 11 17 1 5.0
41 59 56 40 35 75 40 8224 3 29 13 9 1 18 12 8 1 33 5 8 1 5.0
42 38 71 40 17 48 40 811 1 29 10 11 0 6.0
43 60 47 40 24 52 40 45000 2 32 15 16 0 13 10 15 0 4.0
44 35 76 40 37 69 40 5525 3 23 12 6 0 12 11 10 0 16 15 15 1 5.0
45 36 23 40 20 51 40 8438 1 25 10 13 0 4.0
46 22 57 40 27 56 40 20815 1 25 14 18 0 4.0
47 43 23 40 38 22 40 7591 2 31 11 18 0 23 9 18 1 6.0
48 55 52 40 37 74 40 1156 2 12 10 14 0 35 7 6 0 6.0
49 47 26 40 19 56 40 30206 2 32 11 18 0 34 14 14 1 4.0
50 60 44 40 44 20 40 12437 3 34 12 14 0 21 9 10 0 22 10 9 1 5.0
51 38 82 40 39 81 40 3057 2 14 14 8 0 20 7 12 1 5.0
52 64 44 40 44 74 40 26519 2 25 13 18 0 28 15 9 0 4.0
53 34 70 40 58 50 40 13133 2 13 15 10 0 32 12 12 1 4.0
