5     53    45000 60    25    30   
0     40    50    0     40    50    1236  0     
1 24 69 40 33 32 40 8003 1 36 7 13 1 4.0
2 12 53 40 46 16 40 5671 2 22 5 18 0 22 5 11 0 5.0
3 31 51 40 40 79 40 1410 1 30 9 12 0 6.0
4 54 81 40 67 29 40 22895 3 18 5 17 0 36 11 8 1 17 11 10 1 4.0
5 57 56 40 57 67 40 2669 3 18 12 17 0 17 15 6 0 33 5 7 1 6.0
6 51 77 40 53 17 40 4304 3 23 15 10 0 33 5 11 0 27 5 10 1 6.0
7 43 28 40 28 79 40 12680 2 34 7 10 0 34 14 15 1 5.0
8 40 24 40 23 76 40 12812 3 20 13 17 0 13 8 7 0 36 13 17 1 5.0
9 15 73 40 38 77 40 11418 3 24 12 9 0 20 9 12 0 25 6 11 0 5.0
10 28 71 40 50 54 40 32699 1 28 15 15 1 4.0
11 37 67 40 40 82 40 7704 1 34 12 8 0 4.0
12 58 49 40 28 51 40 1055 2 31 7 9 0 17 9 8 0 6.0
13 66 43 40 21 74 40 19579 2 22 10 6 0 22 12 7 1 4.0
14 68 50 40 61 37 40 3611 2 25 5 14 0 12 8 16 1 5.0
15 63 44 40 23 19 40 4119 1 36 10 18 0 6.0
16 43 15 40 39 21 40 17441 2 16 12 10 0 33 5 8 0 4.0
17 14 28 40 45 23 40 1418 2 27 12 15 0 13 14 8 0 6.0
18 34 23 40 45 39 40 20161 3 29 12 10 0 14 10 12 0 28 12 14 1 4.0
19 65 23 40 17 46 40 45000 3 35 10 8 0 14 8 18 0 13 13 9 0 4.0
20 44 49 40 43 25 40 13176 2 28 15 9 0 29 14 14 1 5.0
21 13 38 40 33 75 40 3957 1 28 15 15 0 6.0
22 42 72 40 66 51 40 5819 1 33 9 11 0 5.0
23 57 38 40 64 28 40 14342 3 20 15 10 0 16 15 7 0 15 12 9 0 4.0
24 13 34 40 22 55 40 2391 2 22 9 12 0 23 5 7 0 6.0
25 52 62 40 64 74 40 5814 2 15 8 14 0 17 7 13 0 5.0
26 46 81 40 27 82 40 8099 3 28 9 17 0 22 9 16 0 27 10 9 1 6.0
27 62 76 40 19 58 40 2458 1 32 6 17 0 6.0
28 13 43 40 41 29 40 8221 2 25 6 16 0 25 5 7 0 4.0
29 27 26 40 15 42 40 9067 2 35 14 15 0 34 11 15 0 6.0
30 42 58 40 36 54 40 1183 1 33 11 9 1 6.0
31 43 54 40 43 21 40 45000 3 32 10 13 0 36 12 8 0 35 13 12 1 4.0
32 23 33 40 15 80 40 2356 3 27 13 16 0 13 9 18 0 15 14 9 0 6.0
33 58 55 40 14 23 40 3611 1 36 14 13 0 6.0
34 57 36 40 29 31 40 45000 3 29 14 15 0 26 10 16 0 27 8 14 1 4.0
35 36 49 40 21 41 40 1394 1 19 13 13 0 6.0
36 42 59 40 27 54 40 1949 2 27 9 8 0 19 6 11 0 6.0
37 40 84 40 25 34 40 7359 1 36 13 7 0 4.0
38 41 68 40 30 31 40 5376 2 32 11 16 0 20 5 7 0 6.0
39 16 47 40 11 61 40 15386 3 32 10 16 0 17 14 17 0 25 14 11 0 5.0
40 32 33 40 10 40 40 7123 1 17 11 17 1 4.0
41 55 60 40 49 28 40 7701 3 29 13 9 1 18 12 8 1 33 5 8 1 5.0
42 25 15 40 34 31 40 2729 1 29 10 11 0 5.0
43 30 79 40 65 81 40 45000 2 32 15 16 0 13 10 15 0 4.0
44 43 73 40 54 40 40 16990 3 23 12 6 0 12 11 10 0 16 15 15 1 4.0
45 18 64 40 13 25 40 3496 1 25 10 13 0 5.0
46 62 71 40 34 55 40 13555 1 25 14 18 0 4.0
47 13 81 40 35 28 40 12706 2 31 11 18 0 23 9 18 1 5.0
48 52 48 40 13 16 40 4948 2 12 10 14 0 35 7 6 0 5.0
49 62 26 40 37 50 40 45000 2 32 11 18 0 34 14 14 1 4.0
50 66 76 40 40 25 40 11156 3 34 12 14 0 21 9 10 0 22 10 9 1 5.0
51 39 84 40 31 73 40 2966 2 14 14 8 0 20 7 12 1 5.0
52 40 56 40 30 17 40 8346 2 25 13 18 0 28 15 9 0 5.0
53 30 74 40 11 25 40 13378 2 13 15 10 0 32 12 12 1 4.0
