5     53    45000 60    25    30   
0     40    50    0     40    50    1236  0     
1 39 30 40 35 71 40 45000 2 33 14 18 0 21 12 17 1 4.0
2 62 61 40 60 44 40 2398 2 12 15 10 0 17 8 17 1 6.0
3 39 31 40 38 72 40 1601 1 26 12 13 1 6.0
4 62 64 40 66 39 40 18375 3 36 15 7 0 18 11 13 0 16 11 12 0 4.0
5 20 59 40 65 41 40 3168 3 24 5 17 0 15 6 11 0 17 5 12 1 6.0
6 23 66 40 46 75 40 30466 3 21 14 18 0 15 9 13 0 22 6 8 0 4.0
7 46 29 40 23 35 40 45000 3 33 14 17 0 29 8 16 0 18 6 8 0 4.0
8 56 56 40 40 80 40 1209 3 12 14 14 0 15 10 7 0 21 6 6 0 6.0
9 56 61 40 23 36 40 17029 2 28 15 13 0 29 15 7 0 5.0
10 20 62 40 58 40 40 8722 3 12 5 14 0 22 9 9 1 34 7 6 1 4.0
11 53 64 40 23 42 40 4989 2 14 13 17 0 33 5 7 0 5.0
12 63 65 40 43 70 40 4988 1 21 11 18 1 5.0
13 45 32 40 22 43 40 9627 2 24 14 9 0 13 5 16 0 4.0
14 44 20 40 62 44 40 2515 1 26 9 18 0 6.0
15 62 65 40 24 40 40 11690 2 29 15 16 0 14 11 8 0 5.0
16 26 58 40 46 82 40 7573 3 14 10 12 0 17 5 15 0 18 5 14 0 5.0
17 16 57 40 44 69 40 2775 3 26 10 14 0 36 14 6 0 14 10 12 0 6.0
18 64 60 40 47 76 40 7522 3 33 11 14 0 35 15 8 0 19 9 18 0 6.0
19 19 67 40 46 69 40 19335 3 22 13 13 0 33 12 17 1 32 10 10 1 5.0
20 38 19 40 16 40 40 4850 1 32 12 11 0 5.0
21 28 61 40 64 37 40 15299 2 36 5 10 0 18 8 17 1 4.0
22 41 24 40 21 47 40 13532 1 31 15 9 0 4.0
23 39 21 40 64 45 40 6631 2 28 11 18 0 32 14 6 1 6.0
24 21 67 40 56 36 40 2163 2 25 13 8 0 13 7 16 1 6.0
25 62 57 40 21 34 40 14183 1 18 15 15 0 4.0
26 57 66 40 53 39 40 4666 3 36 7 9 0 16 9 8 0 17 6 7 0 5.0
27 16 60 40 47 80 40 5945 2 31 5 16 0 12 14 10 1 5.0
28 35 25 40 25 45 40 3597 2 21 9 13 0 29 8 7 0 6.0
29 38 30 40 25 43 40 12083 2 24 10 18 0 18 14 15 0 5.0
30 34 24 40 53 46 40 14094 1 30 14 10 1 4.0
31 59 56 40 34 75 40 45000 3 34 14 14 0 31 10 14 0 27 9 10 0 4.0
32 18 58 40 59 38 40 18547 2 31 15 15 0 36 12 13 0 5.0
33 20 64 40 36 73 40 2204 1 17 15 16 0 6.0
34 15 63 40 39 73 40 24226 3 31 8 13 0 13 7 18 0 31 10 11 1 4.0
35 60 55 40 54 40 40 5440 2 13 12 16 1 14 7 16 1 5.0
36 65 56 40 15 41 40 8339 1 34 12 10 0 4.0
37 54 63 40 28 35 40 29997 1 27 12 13 0 4.0
38 40 25 40 42 75 40 6212 2 32 15 12 0 30 10 8 0 6.0
39 22 65 40 40 71 40 11267 1 33 7 18 0 4.0
40 40 32 40 35 75 40 25270 1 24 11 16 0 4.0
41 20 54 40 56 35 40 3939 3 12 15 17 1 25 10 12 1 23 15 6 1 6.0
42 58 64 40 63 42 40 2175 1 30 8 17 0 6.0
43 28 57 40 21 36 40 20123 2 33 15 12 0 36 11 16 1 5.0
44 43 22 40 65 36 40 10108 3 18 15 16 0 17 15 12 0 16 5 12 1 5.0
45 16 56 40 16 35 40 4373 1 20 15 14 0 6.0
46 41 25 40 59 40 40 44117 2 34 13 18 0 31 9 17 0 4.0
47 59 64 40 44 81 40 32751 3 16 6 18 0 17 11 8 0 18 8 7 1 4.0
48 46 31 40 18 41 40 3208 1 34 12 10 1 6.0
49 24 63 40 17 43 40 15684 2 33 7 17 0 35 9 14 1 5.0
50 39 32 40 20 47 40 4732 1 29 12 12 0 5.0
51 21 56 40 62 34 40 10572 2 33 13 18 0 33 15 9 0 6.0
52 57 64 40 43 69 40 45000 2 31 13 18 0 30 15 11 1 4.0
53 63 64 40 26 40 40 10699 2 36 8 18 0 25 12 10 0 5.0
