5     53    45000 60    25    30   
0     40    50    0     40    50    1236  0     
1 40 20 40 47 76 40 10260 2 32 5 15 0 25 6 12 1 4.0
2 55 56 40 56 35 40 7487 1 26 9 18 0 5.0
3 18 59 40 56 41 40 3667 2 32 11 12 0 20 14 15 0 6.0
4 66 66 40 64 38 40 29365 3 34 11 8 0 17 14 8 0 21 12 14 1 4.0
5 47 30 40 47 74 40 3459 3 16 15 11 0 14 5 15 0 25 13 14 1 6.0
6 56 63 40 64 42 40 2670 1 19 12 18 0 6.0
7 15 58 40 39 70 40 16979 2 35 14 18 0 33 7 17 0 5.0
8 34 27 40 35 71 40 13242 3 18 13 16 0 28 14 15 1 28 14 10 1 5.0
9 15 54 40 20 35 40 14457 3 33 15 6 0 32 7 12 0 17 8 18 1 5.0
10 63 65 40 57 46 40 21722 1 31 9 15 0 4.0
11 19 59 40 23 37 40 9560 1 25 9 18 0 4.0
12 66 61 40 37 72 40 1403 1 32 12 11 0 6.0
13 23 67 40 46 79 40 45000 3 32 13 15 0 28 10 14 0 26 8 15 0 4.0
14 15 60 40 27 36 40 4501 1 32 8 16 0 5.0
15 62 58 40 56 37 40 5330 2 14 9 16 0 35 13 14 1 6.0
16 19 63 40 19 38 40 22479 1 29 12 12 0 4.0
17 44 19 40 43 78 40 1881 2 35 11 13 0 25 9 15 0 6.0
18 36 28 40 39 72 40 25140 3 34 12 17 0 36 13 8 0 18 5 18 0 4.0
19 57 64 40 15 42 40 45000 3 32 13 16 0 32 9 6 0 33 14 12 1 4.0
20 61 66 40 21 37 40 11840 2 32 11 17 0 20 9 14 0 5.0
21 54 67 40 64 47 40 5094 2 20 14 16 0 30 11 11 1 6.0
22 21 59 40 57 44 40 7232 3 25 8 8 0 30 5 10 1 12 10 8 1 5.0
23 18 63 40 47 73 40 19218 3 16 12 17 0 34 6 12 0 15 14 13 1 4.0
24 21 63 40 60 40 40 3044 1 18 15 15 0 6.0
25 46 30 40 25 47 40 22023 3 21 14 12 0 12 6 15 0 34 14 16 1 5.0
26 57 61 40 63 39 40 3409 1 26 10 16 0 6.0
27 47 19 40 43 81 40 3055 1 26 12 13 0 6.0
28 40 28 40 46 72 40 10543 1 30 14 10 0 4.0
29 24 66 40 25 44 40 9537 3 23 14 16 0 29 10 16 1 32 10 12 1 6.0
30 62 60 40 62 36 40 1509 2 32 7 13 0 19 11 6 0 6.0
31 28 57 40 65 42 40 45000 3 29 12 10 0 33 7 14 0 32 13 17 1 4.0
32 45 29 40 40 79 40 2051 3 29 10 13 0 36 6 17 0 12 7 11 0 6.0
33 41 31 40 53 38 40 2291 3 25 5 14 0 33 7 6 0 12 5 17 0 6.0
34 24 67 40 44 80 40 39070 2 36 10 12 0 27 11 14 0 4.0
35 55 64 40 23 40 40 6183 3 32 12 14 0 31 11 14 0 31 12 11 0 6.0
36 35 30 40 37 70 40 2559 1 19 13 17 1 6.0
37 21 67 40 23 38 40 9108 3 16 10 12 0 22 5 7 0 15 13 7 1 4.0
38 36 32 40 16 46 40 7017 3 33 13 9 0 29 12 10 0 22 7 6 0 6.0
39 61 55 40 19 41 40 16720 3 32 13 13 0 32 13 12 0 18 13 16 1 5.0
40 60 60 40 55 45 40 9357 1 29 8 18 0 4.0
41 17 57 40 24 44 40 9952 2 31 15 12 0 14 14 14 1 5.0
42 54 65 40 43 82 40 3607 1 31 8 17 0 5.0
43 57 67 40 66 46 40 45000 2 36 13 18 0 31 8 17 1 4.0
44 40 22 40 38 73 40 21252 2 35 15 10 1 31 8 12 1 4.0
45 21 55 40 16 41 40 4518 1 25 12 14 0 5.0
46 24 64 40 40 80 40 8923 1 29 11 13 0 4.0
47 41 28 40 26 38 40 10954 2 21 14 11 0 31 10 17 1 5.0
48 59 63 40 20 46 40 6634 1 24 11 16 0 5.0
49 37 19 40 39 81 40 45000 3 25 14 10 0 32 14 13 1 23 10 17 1 4.0
50 23 60 40 22 38 40 4843 1 32 10 13 0 5.0
51 41 30 40 54 35 40 3829 2 20 10 12 0 16 8 14 0 5.0
52 40 25 40 25 34 40 7343 2 28 13 18 0 15 8 16 0 5.0
53 65 62 40 64 46 40 8568 1 35 8 15 0 4.0
