5     53    45000 60    25    30   
0     40    50    0     40    50    1236  0     
1 35 25 40 38 70 40 8003 1 28 13 9 0 4.0
2 21 54 40 40 75 40 5671 1 29 11 10 0 5.0
3 21 66 40 23 39 40 1410 1 24 15 9 0 6.0
4 59 63 40 34 69 40 22909 4 24 10 10 0 22 13 8 0 13 10 9 0 17 6 7 0 4.0
5 58 62 40 19 44 40 2673 5 36 7 11 0 12 7 10 0 12 6 6 0 12 10 12 1 14 7 9 1 6.0
6 45 19 40 26 45 40 4313 5 23 9 10 0 19 9 10 0 13 10 11 0 13 5 6 0 21 7 7 1 6.0
7 19 63 40 15 42 40 12712 5 33 14 6 0 26 7 13 0 30 6 12 0 23 7 6 0 16 5 16 1 5.0
8 63 66 40 65 34 40 12821 5 25 13 11 0 33 6 15 0 36 7 9 0 20 7 15 0 20 11 10 1 5.0
9 15 54 40 21 43 40 11418 3 33 5 16 0 21 9 11 0 17 11 9 0 5.0
10 45 21 40 55 46 40 32772 5 27 9 8 0 23 5 8 0 13 5 14 0 25 10 6 1 26 5 8 1 4.0
11 39 29 40 21 40 40 7704 1 24 8 17 0 4.0
12 35 30 40 64 42 40 1055 2 31 9 8 0 15 7 9 0 6.0
13 19 60 40 44 81 40 19579 1 32 9 11 0 4.0
14 46 20 40 34 74 40 3615 1 23 11 13 0 5.0
15 64 57 40 26 39 40 4128 3 35 7 12 0 27 9 11 0 14 7 9 0 6.0
16 36 25 40 26 44 40 17441 1 30 12 9 1 4.0
17 47 31 40 44 74 40 1421 4 29 12 7 0 27 10 6 0 21 9 6 0 19 6 10 1 6.0
18 54 62 40 59 47 40 20208 5 31 8 14 0 14 11 15 0 14 11 10 0 15 8 12 0 25 5 9 0 4.0
19 65 65 40 58 34 40 45000 3 21 11 7 0 19 11 7 0 32 6 17 1 4.0
20 64 55 40 25 38 40 13190 4 35 9 14 0 26 5 15 0 12 12 11 0 17 10 9 0 5.0
21 34 31 40 64 43 40 3964 4 16 12 14 0 20 8 10 0 16 7 6 0 13 13 8 1 6.0
22 42 20 40 27 42 40 5819 1 33 9 11 0 5.0
23 46 32 40 59 43 40 14342 3 19 12 16 0 13 12 9 0 26 8 6 1 4.0
24 41 24 40 36 79 40 2394 1 35 7 13 0 6.0
25 42 27 40 22 46 40 5826 1 21 11 14 0 5.0
26 26 61 40 36 81 40 8120 5 12 14 9 0 13 9 12 0 20 11 18 1 25 12 7 1 19 7 7 1 6.0
27 24 58 40 23 36 40 2460 1 33 9 11 0 6.0
28 25 60 40 54 42 40 8224 1 13 14 18 0 4.0
29 60 58 40 47 81 40 9070 4 13 14 13 0 28 10 14 1 20 11 16 1 27 13 9 1 6.0
30 22 67 40 24 40 40 1186 2 22 14 6 0 17 6 14 0 6.0
31 40 23 40 61 39 40 45000 4 33 10 16 0 17 11 13 0 33 6 12 0 22 8 17 1 4.0
32 66 60 40 23 44 40 2363 4 27 12 14 0 15 14 8 0 16 7 10 0 16 8 18 1 6.0
33 35 28 40 34 70 40 3613 4 36 6 7 0 14 6 14 0 13 13 14 1 25 5 12 1 6.0
34 18 60 40 39 72 40 45000 5 27 10 16 0 36 13 7 0 27 6 15 0 22 9 6 0 23 15 6 1 4.0
35 60 66 40 40 79 40 1398 1 23 10 14 0 6.0
36 34 28 40 25 40 40 1950 1 20 10 16 0 6.0
37 64 67 40 56 46 40 7359 1 26 14 9 0 4.0
38 28 62 40 55 38 40 5377 5 27 10 7 0 30 5 9 0 13 6 10 0 13 5 9 0 12 8 18 1 6.0
39 24 56 40 34 80 40 15430 5 33 11 12 0 24 8 12 0 16 6 6 0 21 11 15 1 12 14 14 1 5.0
40 55 60 40 66 44 40 7125 2 24 5 10 0 15 11 12 1 4.0
41 19 65 40 58 40 40 7715 3 20 8 15 0 21 7 15 0 24 7 11 0 5.0
42 24 63 40 17 47 40 2731 1 19 12 14 1 5.0
43 21 62 40 46 73 40 45000 4 25 13 9 0 14 13 14 1 26 8 11 1 30 7 9 1 4.0
44 26 57 40 61 40 40 17028 5 19 9 9 0 25 6 10 0 21 5 10 0 22 5 9 0 14 6 18 1 4.0
45 65 57 40 44 77 40 3504 2 30 6 10 0 27 6 9 0 5.0
46 59 60 40 59 39 40 13581 5 20 8 9 0 16 12 7 0 14 5 12 0 16 12 7 1 32 7 6 1 4.0
47 61 59 40 35 73 40 12742 5 13 13 18 0 17 10 12 0 15 10 11 0 14 11 10 0 18 9 10 1 5.0
48 58 64 40 41 75 40 4948 1 25 7 18 0 5.0
49 16 59 40 42 80 40 45000 4 33 15 11 0 25 12 13 0 12 14 16 0 13 5 15 0 4.0
50 60 55 40 19 36 40 11182 5 22 11 7 0 16 13 8 0 31 11 9 1 22 13 7 1 28 7 6 1 5.0
51 62 55 40 24 36 40 2973 1 31 7 15 1 5.0
52 37 31 40 66 43 40 8357 4 28 11 14 0 16 11 12 0 30 5 11 0 16 7 14 0 5.0
53 25 63 40 60 46 40 13406 4 18 12 15 0 28 9 6 0 27 5 7 0 25 5 7 0 4.0
