5     52    45000 60    25    30   
0     40    50    0     40    50    1236  0     
1 26 48 40 64 38 40 22709 2 35 12 6 0 15 9 7 1 4.0
2 34 70 40 17 45 40 1979 2 15 13 9 0 13 14 9 0 6.0
3 15 40 40 30 84 40 1366 2 19 15 9 0 14 8 8 1 6.0
4 21 42 40 52 73 40 7488 2 20 12 10 0 14 5 15 0 4.0
5 64 62 40 23 58 40 5429 5 33 8 10 0 16 14 6 0 19 7 6 0 14 9 10 1 12 5 15 1 6.0
6 69 67 40 20 29 40 12878 2 33 5 11 0 23 7 10 1 4.0
7 49 68 40 43 28 40 45000 5 24 13 12 0 18 9 8 0 19 6 6 0 25 10 13 1 21 7 8 1 4.0
8 19 74 40 14 76 40 3956 4 35 14 9 0 16 10 14 0 30 5 14 0 30 9 18 1 6.0
9 15 41 40 17 16 40 13914 5 13 11 10 0 22 6 9 0 25 6 11 1 23 7 9 1 22 8 7 1 5.0
10 20 83 40 44 17 40 14872 4 23 12 10 0 15 7 10 0 18 7 8 0 29 8 9 1 4.0
11 55 62 40 64 26 40 4086 1 29 15 8 1 5.0
12 12 16 40 68 18 40 8164 3 26 11 14 0 27 10 7 0 19 6 8 0 5.0
13 30 28 40 32 42 40 33165 5 33 13 16 0 15 5 15 0 36 8 12 1 19 7 12 1 12 10 8 1 4.0
14 14 34 40 54 31 40 2044 2 21 9 11 0 24 7 8 0 6.0
15 46 24 40 16 43 40 4934 2 32 7 12 0 14 5 11 0 5.0
16 67 38 40 27 50 40 6069 2 23 6 13 0 18 8 11 0 5.0
17 51 21 40 26 34 40 2310 5 13 14 11 0 20 7 13 0 18 6 15 0 12 6 11 0 17 6 7 0 6.0
18 33 56 40 52 42 40 6343 4 28 8 13 0 31 14 6 0 20 7 18 0 31 7 11 1 6.0
19 42 42 40 68 35 40 4972 2 18 13 8 1 13 14 9 1 5.0
20 11 36 40 64 40 40 3941 1 33 13 8 0 5.0
21 60 69 40 38 63 40 25380 5 19 11 15 0 18 9 6 0 12 7 9 0 16 6 7 0 12 7 18 1 4.0
22 18 25 40 19 42 40 11297 2 16 9 16 0 17 5 14 0 4.0
23 52 60 40 69 84 40 2797 2 34 8 8 0 36 6 6 0 6.0
24 46 80 40 62 32 40 3771 5 18 7 11 0 15 5 15 0 17 8 8 0 20 8 16 1 19 8 6 1 6.0
25 11 53 40 16 72 40 11976 1 19 10 18 1 4.0
26 64 56 40 51 15 40 3991 2 19 8 13 0 13 15 8 0 5.0
27 11 45 40 43 57 40 15005 5 18 7 18 0 15 13 9 0 14 6 9 0 31 9 11 1 34 13 6 1 5.0
28 23 23 40 70 62 40 3041 1 23 15 10 0 6.0
29 50 74 40 46 38 40 20645 5 29 12 13 0 35 9 9 0 15 8 10 0 12 5 16 0 24 10 18 1 5.0
30 19 50 40 10 74 40 11409 2 15 10 18 0 20 5 7 0 4.0
31 65 23 40 20 38 40 45000 4 27 12 16 0 27 8 10 0 29 12 10 1 26 7 15 1 4.0
32 13 20 40 59 83 40 15354 5 27 11 10 0 16 12 11 0 13 7 11 0 22 9 14 1 16 14 7 1 5.0
33 59 30 40 61 72 40 1890 2 19 7 18 0 13 5 17 0 6.0
34 39 17 40 37 64 40 20085 3 36 8 12 0 33 7 10 0 26 6 7 0 4.0
35 23 77 40 10 60 40 4723 2 26 10 9 0 22 6 9 0 5.0
36 24 62 40 54 15 40 7101 2 23 13 6 0 35 6 8 0 4.0
37 24 19 40 67 53 40 45000 5 22 10 14 0 34 5 12 0 18 6 15 0 24 7 14 1 12 14 7 1 4.0
38 51 73 40 36 44 40 5335 3 27 14 8 0 26 6 14 0 30 10 6 1 6.0
39 12 78 40 46 51 40 9538 1 20 11 16 0 4.0
40 44 54 40 61 47 40 20221 1 26 13 10 0 4.0
41 39 67 40 30 54 40 1663 1 22 12 13 1 6.0
42 45 83 40 17 23 40 5631 5 31 15 6 0 30 5 18 0 25 7 14 0 27 6 11 0 15 7 8 0 6.0
43 51 84 40 65 67 40 5626 2 18 11 14 0 12 5 11 0 5.0
44 17 60 40 57 78 40 12464 5 31 13 8 0 28 11 8 0 27 13 6 0 17 6 10 0 15 14 7 1 5.0
45 41 52 40 42 23 40 3611 2 12 11 11 0 14 8 18 1 6.0
46 18 44 40 22 71 40 24287 4 19 10 12 0 24 5 15 0 12 9 16 0 13 7 13 0 4.0
47 43 44 40 42 34 40 27303 1 21 12 14 1 4.0
48 23 19 40 23 41 40 10714 5 23 11 15 0 17 14 14 0 28 10 11 0 12 15 10 0 15 6 18 1 6.0
49 26 74 40 25 36 40 6562 2 19 8 13 0 14 9 12 0 5.0
50 69 40 40 55 53 40 3964 2 33 6 13 0 14 6 11 0 5.0
51 16 38 40 19 61 40 8961 4 29 14 13 0 16 14 11 0 22 5 12 0 18 7 10 1 6.0
52 36 52 40 40 80 40 9491 5 13 13 13 0 14 6 17 0 13 9 12 0 14 11 6 0 13 7 10 0 5.0
