5     53    45000 60    25    30   
0     40    50    0     40    50    1236  0     
1 16 46 40 17 49 40 10260 2 32 5 15 0 25 6 12 1 4.0
2 63 47 40 45 23 40 7487 1 26 9 18 0 5.0
3 22 47 40 56 46 40 3667 2 32 11 12 0 20 14 15 0 6.0
4 37 28 40 24 47 40 29365 3 34 11 8 0 17 14 8 0 21 12 14 1 4.0
5 57 56 40 34 28 40 3459 3 16 15 11 0 14 5 15 0 25 13 14 1 6.0
6 40 75 40 14 50 40 2670 1 19 12 18 0 6.0
7 45 75 40 43 23 40 16979 2 35 14 18 0 33 7 17 0 5.0
8 66 49 40 22 44 40 13242 3 18 13 16 0 28 14 15 1 28 14 10 1 5.0
9 21 44 40 46 25 40 14457 3 33 15 6 0 32 7 12 0 17 8 18 1 5.0
10 44 76 40 25 52 40 21722 1 31 9 15 0 4.0
11 64 53 40 63 50 40 9560 1 25 9 18 0 4.0
12 42 79 40 55 48 40 1403 1 32 12 11 0 6.0
13 42 73 40 43 32 40 45000 3 32 13 15 0 28 10 14 0 26 8 15 0 4.0
14 60 52 40 42 69 40 4501 1 32 8 16 0 5.0
15 16 52 40 42 81 40 5330 2 14 9 16 0 35 13 14 1 6.0
16 37 80 40 40 73 40 22479 1 29 12 12 0 4.0
17 47 72 40 44 73 40 1881 2 35 11 13 0 25 9 15 0 6.0
18 59 50 40 37 26 40 25140 3 34 12 17 0 36 13 8 0 18 5 18 0 4.0
19 34 79 40 54 46 40 45000 3 32 13 16 0 32 9 6 0 33 14 12 1 4.0
20 43 29 40 36 30 40 11840 2 32 11 17 0 20 9 14 0 5.0
21 47 19 40 26 52 40 5094 2 20 14 16 0 30 11 11 1 6.0
22 46 75 40 20 56 40 7232 3 25 8 8 0 30 5 10 1 12 10 8 1 5.0
23 45 76 40 42 77 40 19218 3 16 12 17 0 34 6 12 0 15 14 13 1 4.0
24 40 81 40 44 78 40 3044 1 18 15 15 0 6.0
25 24 56 40 42 26 40 22023 3 21 14 12 0 12 6 15 0 34 14 16 1 5.0
26 22 50 40 43 25 40 3409 1 26 10 16 0 6.0
27 67 50 40 55 55 40 3055 1 26 12 13 0 6.0
28 34 22 40 18 55 40 10543 1 30 14 10 0 4.0
29 43 81 40 44 26 40 9537 3 23 14 16 0 29 10 16 1 32 10 12 1 6.0
30 60 50 40 59 44 40 1509 2 32 7 13 0 19 11 6 0 6.0
31 44 82 40 44 20 40 45000 3 29 12 10 0 33 7 14 0 32 13 17 1 4.0
32 24 49 40 37 82 40 2051 3 29 10 13 0 36 6 17 0 12 7 11 0 6.0
33 35 25 40 67 48 40 2291 3 25 5 14 0 33 7 6 0 12 5 17 0 6.0
34 43 78 40 59 53 40 39070 2 36 10 12 0 27 11 14 0 4.0
35 60 53 40 60 48 40 6183 3 32 12 14 0 31 11 14 0 31 12 11 0 6.0
36 34 21 40 45 74 40 2559 1 19 13 17 1 6.0
37 63 48 40 43 77 40 9108 3 16 10 12 0 22 5 7 0 15 13 7 1 4.0
38 56 54 40 38 27 40 7017 3 33 13 9 0 29 12 10 0 22 7 6 0 6.0
39 66 52 40 46 24 40 16720 3 32 13 13 0 32 13 12 0 18 13 16 1 5.0
40 45 71 40 39 79 40 9357 1 29 8 18 0 4.0
41 64 46 40 40 24 40 9952 2 31 15 12 0 14 14 14 1 5.0
42 35 19 40 47 25 40 3607 1 31 8 17 0 5.0
43 55 53 40 34 31 40 45000 2 36 13 18 0 31 8 17 1 4.0
44 16 49 40 15 46 40 21252 2 35 15 10 1 31 8 12 1 4.0
45 46 31 40 46 21 40 4518 1 25 12 14 0 5.0
46 25 44 40 19 46 40 8923 1 29 11 13 0 4.0
47 24 48 40 44 21 40 10954 2 21 14 11 0 31 10 17 1 5.0
48 19 50 40 21 51 40 6634 1 24 11 16 0 5.0
49 64 48 40 25 50 40 45000 3 25 14 10 0 32 14 13 1 23 10 17 1 4.0
50 38 79 40 24 50 40 4843 1 32 10 13 0 5.0
51 15 55 40 63 54 40 3829 2 20 10 12 0 16 8 14 0 5.0
52 57 50 40 37 81 40 7343 2 28 13 18 0 15 8 16 0 5.0
53 20 46 40 55 47 40 8568 1 35 8 15 0 4.0
