7     75    45000 60    25    30   
0     40    50    0     40    50    1236  0     
1 15 50 40 66 70 40 17170 2 17 9 13 0 28 10 18 1 4.0
2 12 52 40 69 82 40 18533 2 26 12 15 0 26 13 17 1 5.0
3 71 50 40 11 25 40 1508 1 21 11 15 0 6.0
4 9 59 40 16 69 40 24492 3 34 14 6 0 26 5 17 0 14 14 10 0 4.0
5 23 55 40 9 76 40 1484 1 26 8 17 0 6.0
6 36 27 40 57 80 40 9202 2 35 15 18 0 23 12 17 0 6.0
7 9 43 40 9 20 40 9302 3 27 14 12 0 24 6 9 0 16 6 12 1 5.0
8 61 54 40 60 19 40 6621 3 14 13 18 0 16 7 13 0 12 10 17 1 5.0
9 42 74 40 62 80 40 6260 1 30 13 9 1 5.0
10 21 43 40 69 34 40 36436 1 36 13 15 1 4.0
11 10 55 40 65 83 40 7997 1 28 11 11 1 4.0
12 32 22 40 58 26 40 2333 3 23 12 18 0 13 5 6 0 14 7 17 1 6.0
13 48 26 40 13 73 40 45000 2 32 5 15 0 35 14 16 1 4.0
14 64 50 40 21 80 40 7754 3 28 9 12 0 32 13 7 0 16 10 7 0 5.0
15 40 26 40 64 80 40 2212 1 29 12 10 0 6.0
16 15 58 40 71 21 40 45000 2 27 15 15 0 22 13 16 1 4.0
17 40 35 40 9 70 40 761 2 24 7 14 0 13 10 8 0 6.0
18 36 83 40 14 30 40 20872 2 32 12 18 0 30 10 11 0 5.0
19 64 44 40 64 24 40 45000 3 19 13 13 0 31 8 11 1 15 7 9 1 4.0
20 47 20 40 12 22 40 9502 3 25 9 11 0 13 14 15 1 18 10 9 1 5.0
21 21 44 40 60 67 40 2196 2 12 10 17 0 14 8 13 0 6.0
22 21 55 40 60 31 40 18287 3 34 12 17 0 27 10 11 0 12 5 6 0 5.0
23 49 24 40 24 26 40 7824 2 13 7 7 0 25 8 14 1 4.0
24 23 42 40 21 74 40 5298 3 22 8 15 0 33 8 7 0 16 10 16 1 6.0
25 48 23 40 60 26 40 12741 1 34 13 16 0 5.0
26 42 70 40 10 19 40 5811 2 26 13 17 0 14 6 16 0 6.0
27 68 56 40 64 71 40 2575 2 31 8 7 0 17 11 9 0 6.0
28 63 47 40 62 70 40 17397 3 15 15 11 0 27 10 9 0 15 15 9 1 4.0
29 47 80 40 67 72 40 7200 3 26 15 13 0 26 14 8 0 35 11 6 1 6.0
30 12 46 40 56 72 40 1255 1 33 15 7 0 6.0
31 45 33 40 64 26 40 45000 1 35 15 13 0 4.0
32 40 20 40 22 25 40 2518 2 36 14 18 0 24 5 10 0 6.0
33 25 59 40 68 76 40 1906 2 21 8 11 0 23 7 10 0 6.0
34 8 48 40 20 83 40 16222 1 20 11 16 0 4.0
35 44 74 40 63 34 40 3074 2 33 10 13 0 31 6 15 0 6.0
36 25 52 40 10 67 40 4228 1 34 12 17 0 6.0
37 23 46 40 56 67 40 15667 1 31 15 15 1 4.0
38 62 47 40 20 21 40 2979 1 29 11 11 0 6.0
39 49 32 40 69 66 40 8039 3 15 13 7 0 36 5 17 1 22 12 9 1 5.0
40 57 52 40 13 32 40 15205 1 29 13 18 0 4.0
41 61 49 40 17 73 40 8264 1 36 12 16 1 5.0
42 63 43 40 56 23 40 12112 2 29 14 17 0 31 13 18 1 6.0
43 36 25 40 25 72 40 45000 2 18 14 17 0 14 14 13 1 4.0
44 64 48 40 58 24 40 18323 3 22 9 15 0 18 9 12 0 33 11 6 1 4.0
45 14 54 40 12 66 40 3765 1 35 10 10 1 5.0
46 57 59 40 17 29 40 7359 2 25 9 6 0 23 5 18 1 4.0
47 39 83 40 13 23 40 4482 1 29 15 8 0 5.0
48 33 21 40 65 25 40 11065 3 25 9 13 0 30 14 6 0 25 8 8 0 5.0
49 35 83 40 67 18 40 18430 2 27 5 13 0 22 11 7 0 4.0
50 9 57 40 16 19 40 8047 2 18 14 16 0 24 8 15 1 5.0
51 32 80 40 17 21 40 3107 1 27 14 9 0 5.0
52 47 82 40 16 72 40 2961 2 15 14 12 0 16 7 8 1 5.0
53 41 79 40 11 21 40 13912 3 14 11 16 0 18 12 11 0 22 6 15 0 5.0
54 10 54 40 10 78 40 2024 2 33 5 14 0 15 9 9 0 6.0
55 39 31 40 66 81 40 31252 3 22 14 15 0 35 12 11 0 13 7 12 1 4.0
56 66 53 40 65 24 40 11406 2 33 9 6 0 20 8 11 0 4.0
57 71 54 40 24 34 40 1001 2 33 10 7 0 17 12 6 1 6.0
58 46 66 40 67 21 40 10598 3 15 10 17 0 14 11 16 0 27 11 7 1 5.0
59 71 48 40 25 83 40 15749 3 31 14 17 0 28 8 8 0 13 5 15 0 5.0
60 38 25 40 62 18 40 10347 1 35 13 15 0 5.0
61 33 24 40 64 70 40 16167 2 34 5 14 0 23 5 10 0 4.0
62 39 73 40 24 82 40 4709 2 13 10 9 0 18 11 12 1 5.0
63 38 33 40 23 68 40 9627 3 24 12 16 0 28 6 7 0 14 6 12 1 5.0
64 48 67 40 72 68 40 28747 2 32 14 13 0 23 9 6 1 4.0
65 39 66 40 13 67 40 2198 2 19 7 9 0 28 6 14 1 6.0
66 35 68 40 68 74 40 7887 1 21 9 18 0 4.0
67 32 70 40 9 78 40 8677 3 18 13 11 0 16 9 15 0 32 5 13 0 5.0
68 69 50 40 66 28 40 2561 1 32 13 17 0 6.0
69 61 52 40 25 33 40 5133 1 29 13 9 0 5.0
70 59 47 40 67 77 40 13239 2 24 6 6 0 12 12 18 1 4.0
71 38 67 40 22 68 40 1013 1 32 11 10 0 6.0
72 60 55 40 68 22 40 2694 3 27 10 18 0 32 6 6 0 18 7 8 0 6.0
73 40 76 40 19 18 40 41549 3 32 12 12 0 29 15 10 0 17 5 16 0 4.0
74 38 20 40 14 26 40 4744 3 34 13 12 0 20 13 15 0 12 10 9 0 6.0
75 37 83 40 24 25 40 7544 2 13 9 16 0 17 9 10 0 4.0
