7     75    45000 60    25    30   
0     40    50    0     40    50    1236  0     
1 57 19 40 39 26 40 13409 3 12 13 17 0 19 14 13 1 17 7 6 1 4.0
2 58 36 40 48 60 40 13631 5 17 15 12 0 31 9 9 0 18 10 12 0 17 6 18 0 15 5 13 0 5.0
3 25 80 40 12 31 40 2880 2 25 10 10 0 26 6 6 1 6.0
4 13 69 40 61 47 40 45000 4 15 11 13 0 12 14 8 0 20 7 15 1 13 7 15 1 4.0
5 26 63 40 51 57 40 1043 2 29 9 7 0 14 7 16 0 6.0
6 13 43 40 55 29 40 11743 5 31 11 10 0 20 10 14 0 23 8 10 0 15 12 16 1 22 14 9 1 6.0
7 70 70 40 14 79 40 5642 5 14 10 12 0 28 8 7 0 13 9 8 0 23 12 7 1 19 5 10 1 6.0
8 52 58 40 37 49 40 3128 3 33 13 8 0 18 14 7 0 23 5 15 1 6.0
9 30 64 40 70 15 40 9204 2 20 15 8 0 13 11 8 1 4.0
10 59 34 40 10 30 40 12325 1 21 13 13 0 4.0
11 32 73 40 15 45 40 9599 4 28 10 11 0 13 8 15 0 15 5 8 0 23 7 10 1 5.0
12 39 52 40 63 84 40 6081 1 18 12 16 1 4.0
13 55 52 40 49 77 40 28130 4 27 8 16 0 13 14 13 0 13 14 13 0 33 11 6 0 4.0
14 26 36 40 61 84 40 6423 5 24 11 8 0 23 10 6 0 19 8 9 0 16 5 14 0 12 10 7 0 6.0
15 69 65 40 54 26 40 7368 4 15 11 18 0 17 12 14 0 28 11 8 0 17 12 11 0 6.0
16 43 69 40 16 19 40 4770 1 22 13 12 0 5.0
17 46 77 40 23 30 40 3856 3 35 9 9 0 17 5 16 0 14 13 15 1 6.0
18 58 79 40 43 76 40 10147 5 16 14 18 0 12 15 12 0 29 5 12 0 14 8 14 0 28 7 6 0 6.0
19 34 54 40 32 43 40 31155 1 36 6 16 1 4.0
20 32 29 40 57 18 40 8450 4 25 6 17 0 36 6 10 0 19 10 9 0 19 6 6 0 5.0
21 16 52 40 50 38 40 8660 4 14 13 14 0 19 8 11 0 19 5 12 0 27 8 7 1 5.0
22 17 17 40 19 30 40 1672 1 18 12 16 0 6.0
23 45 41 40 51 51 40 2307 4 15 10 12 0 15 7 13 0 28 15 15 1 12 12 7 1 6.0
24 25 35 40 68 85 40 2650 1 18 14 14 0 6.0
25 16 23 40 57 15 40 23103 4 27 7 15 0 36 6 9 0 33 5 7 0 13 8 9 0 4.0
26 56 36 40 43 32 40 18403 5 25 14 9 0 31 9 7 0 19 6 15 0 21 9 8 0 12 12 15 1 5.0
27 28 16 40 61 62 40 4288 1 19 13 14 0 5.0
28 47 19 40 14 52 40 20631 1 32 10 11 1 4.0
29 11 72 40 57 52 40 5750 4 25 11 11 0 25 7 12 0 22 5 10 0 12 8 8 0 6.0
30 47 46 40 15 39 40 7678 3 29 11 10 0 20 7 18 0 25 5 10 0 5.0
31 13 84 40 10 68 40 16712 4 19 11 11 0 14 11 12 0 14 12 9 0 25 5 10 1 4.0
32 31 63 40 12 44 40 16809 5 14 12 16 0 20 9 11 0 27 8 9 0 18 13 13 1 25 5 7 1 5.0
33 41 75 40 38 83 40 7427 4 18 11 12 0 15 11 12 0 22 11 6 1 21 6 9 1 5.0
34 63 56 40 49 50 40 4875 1 21 13 13 1 5.0
35 25 52 40 54 76 40 10541 5 31 8 15 0 34 7 10 0 33 6 9 0 24 8 7 0 13 7 11 1 5.0
36 67 85 40 47 33 40 2054 2 28 11 6 0 18 10 9 1 6.0
37 51 82 40 33 51 40 9414 5 21 10 10 0 20 10 8 0 16 10 9 0 17 9 7 0 21 6 7 0 5.0
38 67 62 40 15 22 40 5843 1 24 8 18 0 5.0
39 63 71 40 44 76 40 3427 2 13 15 8 0 24 6 13 1 6.0
40 62 52 40 59 25 40 18931 4 34 13 9 0 31 10 11 1 13 13 11 1 16 6 11 1 4.0
41 61 65 40 42 17 40 7200 5 27 10 16 0 12 12 15 0 15 9 7 0 30 10 15 1 16 14 8 1 6.0
42 62 71 40 12 70 40 7062 2 27 6 14 0 15 10 8 0 4.0
43 21 34 40 40 63 40 15064 1 17 13 16 1 4.0
44 42 64 40 46 36 40 4092 3 29 8 18 0 21 10 8 1 13 8 12 1 6.0
45 59 67 40 20 51 40 1616 4 28 15 6 0 23 13 7 0 22 6 10 0 12 9 10 0 6.0
46 45 63 40 34 65 40 22803 4 35 7 9 0 16 6 15 0 23 5 9 0 12 11 17 1 4.0
47 16 28 40 55 54 40 5855 5 14 12 13 0 34 7 6 0 15 8 10 0 13 6 11 0 26 6 9 1 6.0
48 49 35 40 53 60 40 8034 4 28 6 17 0 31 5 13 0 21 5 13 0 27 5 6 0 5.0
49 69 81 40 19 79 40 20624 3 26 9 10 0 30 15 6 1 16 12 10 1 4.0
50 55 17 40 60 81 40 6288 3 17 14 16 0 19 14 8 0 15 5 12 0 6.0
51 46 29 40 21 16 40 9130 4 19 15 13 0 24 12 10 0 30 5 18 1 12 8 11 1 6.0
52 14 26 40 53 49 40 28841 5 16 15 8 0 30 7 16 1 25 9 11 1 27 8 7 1 22 8 6 1 4.0
53 51 38 40 27 73 40 3192 2 26 6 16 0 22 6 8 1 6.0
54 41 17 40 17 27 40 20091 3 36 6 13 0 31 12 7 0 27 8 7 0 4.0
55 53 24 40 32 15 40 15239 1 19 11 17 0 4.0
56 11 41 40 14 21 40 4562 1 32 12 9 0 5.0
57 37 26 40 24 56 40 4754 2 23 11 11 0 19 5 7 1 5.0
58 51 70 40 50 54 40 25614 4 26 5 18 0 20 8 13 0 13 11 6 0 29 14 13 1 4.0
59 48 83 40 70 43 40 1376 2 16 11 11 0 27 5 11 0 6.0
60 68 36 40 51 34 40 3784 2 21 13 8 0 24 7 8 0 5.0
61 45 54 40 47 22 40 45000 2 21 7 17 0 16 6 10 0 4.0
62 62 72 40 41 81 40 8059 4 31 10 9 0 19 12 8 0 18 7 12 0 14 6 11 0 5.0
63 31 71 40 67 81 40 8671 3 34 10 10 0 26 9 9 0 17 7 12 0 5.0
64 47 45 40 22 81 40 45000 4 29 13 14 0 13 14 7 0 12 5 8 0 32 8 14 1 4.0
65 38 37 40 32 30 40 10969 5 32 10 8 0 17 11 7 0 20 6 10 0 24 5 7 0 12 9 8 1 5.0
66 19 53 40 56 24 40 6686 1 34 13 8 0 4.0
67 35 28 40 12 52 40 21728 2 15 8 16 0 33 5 9 0 4.0
68 59 80 40 69 67 40 9843 4 32 6 15 0 24 9 12 0 12 5 14 0 19 6 7 0 5.0
69 35 49 40 40 70 40 12283 3 20 15 9 0 22 13 6 0 31 5 17 1 5.0
70 48 79 40 39 65 40 12508 4 16 15 6 0 16 12 7 0 36 14 6 1 16 9 7 1 4.0
71 26 46 40 13 73 40 2318 1 21 14 12 0 6.0
72 36 82 40 53 50 40 12448 3 17 12 15 0 27 5 15 0 18 13 8 1 4.0
73 18 77 40 16 30 40 6022 2 17 9 13 0 19 6 13 0 5.0
74 36 69 40 67 61 40 3688 1 22 12 13 0 5.0
75 48 22 40 43 35 40 1194 1 32 9 12 0 6.0
