7     75    45000 60    25    30   
0     40    50    0     40    50    1236  0     
1 72 56 40 18 19 40 18547 1 27 14 18 0 4.0
2 39 28 40 63 69 40 20601 2 30 15 18 1 22 10 11 1 5.0
3 48 71 40 56 69 40 2017 1 26 12 11 0 6.0
4 34 30 40 9 75 40 8166 3 23 13 12 0 20 7 8 0 35 8 8 1 5.0
5 37 21 40 24 71 40 718 1 28 11 11 0 6.0
6 65 55 40 66 25 40 28490 2 36 15 18 0 24 15 11 0 5.0
7 41 83 40 9 66 40 37988 3 33 8 11 0 34 5 16 0 13 11 10 1 4.0
8 42 20 40 70 21 40 6588 3 20 9 17 0 19 12 10 0 12 10 13 0 5.0
9 37 27 40 24 30 40 4222 2 12 14 12 1 36 6 7 1 5.0
10 35 34 40 62 68 40 6829 2 31 6 11 0 15 10 10 0 5.0
11 35 71 40 67 26 40 8965 2 36 10 12 0 19 12 11 1 5.0
12 64 55 40 69 25 40 15083 1 32 12 9 1 4.0
13 46 27 40 61 26 40 44632 3 24 12 17 0 26 11 14 0 15 8 12 1 4.0
14 12 48 40 66 33 40 45000 2 25 11 8 0 32 12 12 1 4.0
15 44 34 40 62 31 40 3277 3 35 15 12 0 34 6 16 0 21 5 9 1 6.0
16 62 56 40 72 71 40 1843 2 32 7 10 0 12 14 7 1 6.0
17 40 76 40 22 73 40 17701 1 29 14 17 0 4.0
18 40 78 40 19 26 40 3541 3 31 14 15 0 26 10 7 0 33 10 7 1 6.0
19 72 53 40 12 80 40 11595 2 13 11 15 0 31 7 6 0 4.0
20 40 81 40 8 26 40 6252 1 32 13 17 0 6.0
21 14 47 40 25 67 40 1591 3 32 13 12 0 12 10 10 0 22 5 6 0 6.0
22 40 28 40 57 72 40 20219 1 36 12 8 1 4.0
23 15 57 40 8 21 40 2927 3 31 10 18 0 30 15 9 0 22 6 6 0 6.0
24 32 27 40 12 22 40 874 2 19 12 8 0 14 11 11 0 6.0
25 73 57 40 56 23 40 45000 1 31 13 17 1 4.0
26 32 81 40 25 29 40 7247 2 33 12 14 0 34 8 18 0 6.0
27 32 76 40 11 67 40 4581 1 24 12 12 1 5.0
28 16 43 40 21 22 40 3947 1 23 9 17 0 5.0
29 19 42 40 72 35 40 10688 3 36 15 6 0 26 13 6 0 19 5 18 0 5.0
30 40 74 40 66 78 40 9032 1 34 12 17 0 5.0
31 37 75 40 68 68 40 22195 3 19 14 10 0 15 6 10 0 17 14 14 1 4.0
32 13 52 40 21 72 40 3140 3 30 14 13 0 30 12 11 0 13 14 6 0 6.0
33 60 54 40 66 73 40 13441 2 18 14 15 0 16 14 14 0 5.0
34 59 52 40 59 23 40 7741 2 29 6 7 0 29 8 10 1 4.0
35 18 46 40 60 80 40 9308 3 33 7 17 0 35 8 12 0 33 8 11 0 6.0
36 61 57 40 10 32 40 1656 2 28 7 12 0 31 6 6 0 6.0
37 61 44 40 16 19 40 45000 1 32 13 17 0 4.0
38 19 59 40 11 70 40 1994 2 33 5 13 0 27 6 8 0 6.0
39 36 80 40 71 72 40 9321 2 25 7 10 0 17 7 14 0 4.0
40 61 53 40 62 72 40 5711 2 28 8 18 0 32 13 15 1 6.0
41 63 57 40 73 19 40 31676 3 33 10 17 0 24 15 12 0 32 13 9 0 4.0
42 46 28 40 65 83 40 3060 1 29 7 17 1 6.0
43 43 79 40 19 78 40 5463 1 34 8 13 1 5.0
44 49 25 40 16 71 40 14053 3 15 14 7 0 13 5 9 0 21 15 16 1 5.0
45 12 44 40 12 29 40 3630 2 17 14 10 0 33 10 14 1 6.0
46 19 49 40 72 70 40 45000 2 24 12 15 0 27 12 8 0 4.0
47 43 74 40 66 19 40 8050 2 17 8 17 0 26 14 13 1 5.0
48 38 34 40 8 28 40 6091 3 25 10 12 0 18 10 14 0 14 9 12 1 6.0
49 42 69 40 12 26 40 16060 3 22 7 18 0 29 8 14 1 26 6 6 1 4.0
50 35 30 40 56 79 40 1065 3 32 9 10 0 28 6 13 0 22 8 10 0 6.0
51 57 46 40 58 82 40 14500 3 25 13 18 0 19 14 10 0 15 8 15 0 5.0
52 47 77 40 12 19 40 24590 3 24 11 15 0 23 14 7 0 34 10 12 1 4.0
53 73 43 40 68 67 40 10160 1 17 13 16 0 4.0
54 45 67 40 16 69 40 6948 2 34 12 14 0 18 11 6 0 5.0
55 14 56 40 69 23 40 6722 1 23 14 11 0 5.0
56 17 59 40 69 73 40 4420 2 19 8 17 0 16 6 9 1 5.0
57 48 32 40 64 27 40 10789 2 26 15 6 0 26 6 7 0 4.0
58 35 26 40 15 77 40 45000 2 36 15 12 0 30 15 9 0 4.0
59 66 50 40 62 19 40 3360 2 23 11 10 0 21 6 7 0 5.0
60 16 50 40 71 81 40 1930 2 18 7 18 0 18 10 7 0 6.0
61 10 51 40 23 69 40 7429 2 18 15 8 0 36 6 6 0 5.0
62 16 51 40 22 30 40 21647 2 31 12 13 0 27 9 9 0 4.0
63 14 55 40 15 69 40 8348 1 36 12 16 1 5.0
64 35 31 40 19 33 40 45000 3 12 6 17 0 34 14 15 1 21 7 15 1 4.0
65 58 49 40 67 21 40 4154 3 14 12 16 0 32 5 15 0 16 13 8 0 6.0
66 23 57 40 21 26 40 1503 1 28 14 9 0 6.0
67 68 46 40 13 79 40 6174 2 21 9 14 0 12 9 7 0 5.0
68 45 73 40 24 26 40 4270 3 19 15 9 0 25 11 6 0 16 15 12 1 6.0
69 40 72 40 22 77 40 3401 2 20 14 17 0 36 7 9 0 6.0
70 68 45 40 65 22 40 22997 1 29 13 18 0 4.0
71 24 56 40 25 76 40 1343 1 32 11 10 1 6.0
72 38 33 40 22 25 40 13249 2 26 14 14 0 34 6 9 1 5.0
73 71 42 40 71 76 40 13790 1 19 13 14 1 4.0
74 39 71 40 56 34 40 5927 1 33 13 8 0 5.0
75 13 50 40 10 73 40 9411 2 12 12 14 0 20 6 12 1 4.0
