7     75    45000 60    25    30   
0     40    50    0     40    50    1236  0     
1 10 16 40 50 18 40 17178 4 22 6 14 0 18 6 13 0 23 6 15 1 19 5 18 1 4.0
2 12 65 40 18 63 40 18626 5 12 10 16 0 27 8 7 0 22 5 13 0 26 12 10 1 12 13 16 1 5.0
3 45 24 40 15 53 40 1511 1 31 7 16 0 6.0
4 69 59 40 52 21 40 24596 3 16 9 16 0 12 9 12 0 32 9 12 1 4.0
5 63 52 40 50 36 40 1490 2 21 7 13 0 18 7 13 0 6.0
6 33 55 40 46 51 40 9233 4 21 15 16 0 27 15 12 0 33 9 10 0 12 11 10 0 6.0
7 21 27 40 33 31 40 9302 3 30 11 12 0 21 6 18 0 14 9 6 0 5.0
8 17 34 40 27 53 40 6643 3 35 15 6 0 19 7 14 0 27 6 11 0 5.0
9 26 44 40 57 49 40 6260 1 18 15 13 0 5.0
10 68 25 40 12 34 40 36436 5 16 15 10 0 12 13 8 0 12 11 9 0 18 9 7 0 14 5 15 0 4.0
11 39 57 40 66 36 40 8025 2 15 8 15 0 16 10 10 0 4.0
12 68 50 40 23 35 40 2341 5 28 9 7 0 15 14 8 0 28 8 11 1 14 6 8 1 13 6 6 1 6.0
13 31 60 40 27 26 40 45000 4 27 10 13 0 18 12 13 0 22 6 8 0 30 6 16 1 4.0
14 56 74 40 54 60 40 7790 5 33 7 8 0 36 6 7 0 19 6 12 0 17 10 8 0 25 5 8 1 5.0
15 34 28 40 65 74 40 2212 1 29 15 8 1 6.0
16 48 75 40 37 58 40 45000 4 19 13 18 0 21 9 14 0 36 9 6 0 18 9 10 0 4.0
17 47 24 40 44 85 40 762 2 31 10 7 0 12 6 17 0 6.0
18 20 22 40 26 81 40 20977 4 29 11 16 0 35 6 11 0 19 7 13 0 20 8 7 1 5.0
19 15 73 40 68 36 40 45000 5 15 9 12 0 22 10 7 0 18 8 10 0 21 6 11 0 15 10 6 0 4.0
20 57 64 40 65 59 40 9545 3 29 6 8 0 23 8 16 1 21 8 15 1 5.0
21 60 23 40 50 42 40 2205 1 15 13 18 0 6.0
22 35 49 40 43 74 40 18287 4 31 9 14 0 29 6 17 0 21 10 9 0 12 7 18 1 5.0
23 29 21 40 67 81 40 7854 2 29 15 6 0 14 5 12 1 4.0
24 33 46 40 25 30 40 5319 5 26 14 7 0 20 7 8 0 12 5 12 0 28 6 13 1 12 7 6 1 6.0
25 69 25 40 28 73 40 12755 3 22 8 15 0 16 15 8 0 30 6 14 1 5.0
26 69 39 40 36 69 40 5832 3 26 12 13 0 14 10 9 0 15 12 10 1 6.0
27 11 68 40 39 25 40 2585 1 24 13 11 0 6.0
28 18 77 40 57 21 40 17439 4 29 6 11 0 25 5 11 0 13 6 11 0 35 10 8 1 4.0
29 52 25 40 24 44 40 7220 5 25 5 7 0 18 6 7 0 33 12 10 1 12 14 18 1 31 5 11 1 6.0
30 63 70 40 59 61 40 1256 1 34 6 17 0 6.0
31 58 57 40 14 38 40 45000 4 36 6 10 0 29 8 9 0 20 8 9 0 16 9 8 0 4.0
32 47 71 40 46 42 40 2524 4 24 14 14 0 22 14 9 0 12 15 10 0 17 5 12 0 6.0
33 61 24 40 11 17 40 1914 1 31 8 14 0 6.0
34 69 33 40 29 56 40 16258 2 24 5 18 0 19 12 6 0 4.0
35 47 15 40 60 53 40 3081 3 30 12 9 0 19 10 13 0 18 11 7 0 6.0
36 59 71 40 10 40 40 4237 5 28 7 13 0 17 6 16 0 13 7 17 1 14 5 11 1 13 5 7 1 6.0
37 40 80 40 18 70 40 15688 4 31 5 18 0 24 8 11 0 12 13 7 1 15 6 11 1 4.0
38 10 50 40 28 60 40 2980 1 27 10 13 1 6.0
39 28 20 40 61 65 40 8064 5 21 15 6 0 13 8 18 0 26 7 6 0 12 5 9 0 17 7 12 1 5.0
40 60 41 40 26 62 40 15279 5 18 10 11 0 15 10 12 0 17 6 8 0 21 5 7 0 31 6 8 1 4.0
41 14 54 40 41 18 40 8288 4 25 15 8 0 16 10 14 0 12 5 17 0 14 6 8 1 5.0
42 53 20 40 43 60 40 12172 4 30 14 14 0 33 5 16 0 19 11 18 1 18 6 18 1 6.0
43 32 44 40 29 73 40 45000 3 29 12 13 0 32 5 9 0 15 5 12 0 4.0
44 50 25 40 35 59 40 18398 4 33 14 6 0 27 5 15 0 26 7 10 0 12 6 7 1 4.0
45 64 67 40 31 72 40 3769 2 36 7 12 0 16 5 6 0 5.0
46 53 34 40 32 27 40 7384 1 26 11 12 1 4.0
47 40 38 40 70 43 40 4482 1 29 12 10 0 5.0
48 18 42 40 46 23 40 11111 4 20 15 11 0 14 10 12 0 13 6 8 0 21 5 14 1 5.0
49 63 79 40 43 57 40 18467 1 32 6 18 1 4.0
50 36 53 40 26 48 40 8060 5 20 6 14 0 18 5 7 0 23 7 13 1 22 6 10 1 20 5 12 1 5.0
51 39 81 40 50 20 40 3114 1 31 11 10 0 5.0
52 16 65 40 32 52 40 2974 1 26 12 11 0 5.0
53 53 45 40 16 60 40 13953 3 23 8 14 0 24 6 6 0 25 8 17 1 5.0
54 60 40 40 67 51 40 2026 2 32 7 6 0 14 13 12 1 6.0
55 62 50 40 60 48 40 31324 4 28 12 12 0 27 8 11 0 14 12 13 0 21 6 14 0 4.0
56 50 19 40 40 35 40 11429 2 21 9 11 0 21 5 14 0 4.0
57 14 36 40 34 71 40 1005 1 21 13 13 0 6.0
58 19 61 40 19 21 40 10638 3 29 10 10 0 12 11 15 0 20 14 8 1 5.0
59 57 67 40 37 27 40 15778 4 31 9 16 0 20 9 13 1 14 9 16 1 28 8 6 1 5.0
60 51 70 40 61 42 40 10351 5 35 10 6 0 12 12 10 0 18 6 11 0 25 6 9 1 15 5 10 1 5.0
61 35 20 40 34 49 40 16204 2 22 9 11 0 17 8 10 1 4.0
62 34 56 40 46 18 40 4719 1 19 11 17 1 5.0
63 56 40 40 65 15 40 9653 5 28 9 10 0 34 6 9 0 16 9 6 0 15 11 6 1 15 5 8 1 5.0
64 31 24 40 48 58 40 28869 5 13 8 17 0 24 8 9 0 16 11 6 0 22 5 8 0 13 8 16 1 4.0
65 54 33 40 46 54 40 2207 2 16 7 18 0 13 7 17 0 6.0
66 69 75 40 58 44 40 7915 2 17 9 6 0 13 12 16 1 4.0
67 52 55 40 70 39 40 8685 3 13 15 14 0 23 10 11 0 26 10 6 0 5.0
68 69 69 40 58 63 40 2563 4 26 12 10 0 25 13 6 0 23 6 10 0 15 7 6 0 6.0
69 59 78 40 10 23 40 5144 1 25 8 17 0 5.0
70 10 51 40 70 77 40 13300 1 31 7 16 0 4.0
71 46 72 40 13 69 40 1015 2 14 11 12 0 12 14 10 0 6.0
72 66 61 40 60 19 40 2701 4 32 10 8 0 25 11 7 0 18 14 6 0 13 5 16 0 6.0
73 58 67 40 62 32 40 41666 4 35 7 15 0 20 14 12 0 33 12 7 0 12 5 9 0 4.0
74 52 32 40 14 81 40 4749 4 22 14 16 0 27 15 6 0 33 6 8 0 13 13 8 0 6.0
75 51 44 40 31 71 40 7544 1 27 9 14 0 4.0
