7     75    45000 60    25    30   
0     40    50    0     40    50    1236  0     
1 34 30 40 17 49 40 24869 3 27 14 11 0 36 15 7 0 17 13 12 0 4.0
2 60 56 40 64 54 40 1363 2 15 15 8 0 33 8 6 0 6.0
3 54 54 40 40 31 40 2798 3 31 5 14 0 16 9 13 0 13 12 18 1 6.0
4 40 21 40 21 47 40 21515 1 33 13 8 0 4.0
5 46 24 40 67 56 40 3163 2 33 15 18 0 36 9 15 0 6.0
6 35 69 40 44 25 40 5033 2 33 12 15 0 15 5 15 0 6.0
7 66 44 40 25 53 40 11840 3 25 5 12 0 20 5 10 0 34 9 14 1 5.0
8 35 23 40 66 49 40 8297 1 34 6 17 0 4.0
9 47 71 40 35 72 40 5797 1 35 10 10 1 5.0
10 26 56 40 40 27 40 12371 1 27 10 13 0 4.0
11 66 50 40 22 48 40 10162 2 34 10 11 0 31 12 9 0 5.0
12 40 32 40 54 50 40 4346 1 32 10 11 0 5.0
13 57 47 40 21 51 40 10331 2 25 7 13 0 17 8 9 1 4.0
14 36 22 40 25 51 40 8176 3 30 13 12 0 36 10 10 0 24 7 13 0 6.0
15 42 77 40 36 71 40 7401 3 24 8 18 0 14 15 10 0 31 7 6 0 5.0
16 41 28 40 15 53 40 7574 2 17 10 12 0 13 7 16 0 4.0
17 38 74 40 43 75 40 16178 2 23 15 16 0 32 11 14 0 5.0
18 41 22 40 39 25 40 2095 2 13 13 13 1 14 7 13 1 6.0
19 14 51 40 42 69 40 34254 3 36 13 8 0 33 6 10 0 29 12 13 1 4.0
20 41 78 40 23 47 40 13764 1 29 14 17 0 5.0
21 40 77 40 54 48 40 4686 1 26 15 9 1 5.0
22 24 48 40 60 57 40 15465 3 28 15 12 0 20 11 18 0 22 11 6 0 5.0
23 54 49 40 21 46 40 9719 2 31 14 6 0 23 5 8 0 4.0
24 63 47 40 41 29 40 19036 3 19 15 17 0 25 7 7 0 25 12 14 1 5.0
25 55 47 40 35 19 40 17885 1 19 12 15 0 4.0
26 35 24 40 42 32 40 1317 2 28 6 15 0 20 15 15 1 6.0
27 15 56 40 46 82 40 4381 2 31 13 10 0 25 9 13 0 6.0
28 22 46 40 46 71 40 39399 3 21 7 14 0 27 7 9 0 27 13 9 1 4.0
29 44 80 40 67 48 40 3657 2 30 11 16 0 26 5 13 1 6.0
30 47 24 40 19 53 40 1633 1 19 12 15 1 6.0
31 40 72 40 55 46 40 38454 3 31 9 18 0 29 10 15 0 23 5 9 0 4.0
32 24 50 40 39 32 40 4175 2 15 6 6 0 25 8 15 1 5.0
33 39 69 40 24 45 40 13409 1 27 15 17 0 5.0
34 67 46 40 14 52 40 12654 2 22 13 7 0 15 14 7 0 4.0
35 27 46 40 54 52 40 8846 2 33 15 18 0 28 10 17 0 6.0
36 35 25 40 36 81 40 1838 2 24 8 8 0 23 12 7 1 6.0
37 64 52 40 22 57 40 2451 2 21 12 8 0 19 8 10 0 6.0
38 59 56 40 35 29 40 5276 1 34 13 16 0 6.0
39 43 72 40 34 72 40 8853 2 32 14 9 0 36 7 12 1 5.0
40 46 27 40 64 44 40 4770 2 31 13 6 1 13 10 8 1 5.0
41 37 28 40 38 77 40 8688 1 27 14 18 0 5.0
42 34 71 40 18 45 40 1740 3 24 9 16 0 28 9 8 0 14 7 14 1 6.0
43 38 31 40 39 75 40 36884 3 24 15 7 0 33 5 15 0 21 11 8 1 4.0
44 39 82 40 19 52 40 5768 2 22 12 10 0 25 13 13 1 6.0
45 35 20 40 17 54 40 26596 3 29 15 17 0 31 5 11 0 13 8 11 0 4.0
46 35 79 40 23 46 40 22742 3 32 13 8 0 15 12 6 0 25 9 11 1 4.0
47 16 45 40 45 82 40 5225 2 29 14 9 0 14 14 16 0 6.0
48 19 51 40 38 21 40 1255 1 19 12 15 0 6.0
49 56 54 40 39 26 40 8172 2 17 7 18 0 25 5 11 1 4.0
50 46 26 40 60 46 40 4517 1 29 10 12 1 5.0
51 25 46 40 24 53 40 3266 2 22 5 7 0 20 15 9 1 5.0
52 63 45 40 47 30 40 19065 3 21 11 13 0 23 8 14 0 32 7 6 0 4.0
53 42 76 40 47 76 40 6897 2 18 14 8 0 17 14 6 0 4.0
54 44 69 40 58 50 40 1509 2 34 11 17 0 27 9 17 0 6.0
55 55 50 40 60 50 40 13202 3 23 9 13 0 20 7 12 0 14 11 16 1 5.0
56 63 57 40 37 81 40 2600 1 22 11 14 0 6.0
57 59 44 40 41 20 40 5007 2 34 13 13 0 19 14 17 0 6.0
58 42 27 40 26 49 40 7256 1 27 14 9 1 4.0
59 17 50 40 16 56 40 4376 3 12 5 12 0 35 11 11 1 12 13 13 1 6.0
60 42 80 40 62 49 40 14995 3 16 13 14 0 23 9 13 0 12 15 7 1 4.0
61 40 78 40 26 50 40 19133 3 18 10 16 0 23 13 7 0 36 7 8 0 4.0
62 44 23 40 16 53 40 3023 1 28 9 14 0 6.0
63 40 29 40 40 25 40 5274 1 17 13 16 1 5.0
64 42 74 40 46 80 40 27563 2 35 15 16 0 19 15 7 1 4.0
65 66 52 40 67 52 40 12710 1 31 13 17 0 5.0
66 25 48 40 17 56 40 3607 1 23 14 11 0 5.0
67 40 23 40 67 57 40 30151 2 31 6 12 0 33 12 12 1 4.0
68 38 82 40 42 79 40 6000 2 20 7 17 0 20 7 8 0 5.0
69 14 56 40 17 44 40 3078 1 24 12 12 1 5.0
70 47 23 40 45 25 40 45000 2 33 14 13 0 21 12 18 1 4.0
71 59 46 40 42 72 40 3750 2 21 11 8 0 23 10 7 0 5.0
72 41 71 40 56 50 40 1538 3 25 5 8 0 17 9 6 0 29 13 13 1 6.0
73 62 48 40 37 69 40 6419 2 23 10 8 0 27 6 10 0 5.0
74 47 75 40 56 47 40 5925 3 32 9 15 0 19 5 10 0 17 9 10 1 6.0
75 42 25 40 56 46 40 15395 2 12 10 16 0 14 11 10 0 4.0
