7     75    45000 60    25    30   
0     40    50    0     40    50    1236  0     
1 15 50 40 66 70 40 19168 4 22 6 14 0 18 6 13 0 23 6 15 1 19 5 18 1 4.0
2 12 52 40 69 82 40 20518 5 12 10 16 0 27 8 7 0 22 5 13 0 26 12 10 1 12 13 16 1 5.0
3 71 50 40 11 25 40 2041 1 31 7 16 0 6.0
4 9 59 40 16 69 40 8292 3 16 9 16 0 12 9 12 0 32 9 12 1 5.0
5 23 55 40 9 76 40 752 2 21 7 13 0 18 7 13 0 6.0
6 36 27 40 57 80 40 29552 4 21 15 16 0 27 15 12 0 33 9 10 0 12 11 10 0 5.0
7 9 43 40 9 20 40 37611 3 30 11 12 0 21 6 18 0 14 9 6 0 4.0
8 61 54 40 60 19 40 6487 3 35 15 6 0 19 7 14 0 27 6 11 0 5.0
9 42 74 40 62 80 40 4201 1 18 15 13 0 5.0
10 21 43 40 69 34 40 13518 5 16 15 10 0 12 13 8 0 12 11 9 0 18 9 7 0 14 5 15 0 5.0
11 10 55 40 65 83 40 4464 2 15 8 15 0 16 10 10 0 5.0
12 32 22 40 58 26 40 30760 5 28 9 7 0 15 14 8 0 28 8 11 1 14 6 8 1 13 6 6 1 4.0
13 48 26 40 13 73 40 44261 4 27 10 13 0 18 12 13 0 22 6 8 0 30 6 16 1 4.0
14 64 50 40 21 80 40 45000 5 33 7 8 0 36 6 7 0 19 6 12 0 17 10 8 0 25 5 8 1 4.0
15 40 26 40 64 80 40 1085 1 29 15 8 1 6.0
16 15 58 40 71 21 40 5749 4 19 13 18 0 21 9 14 0 36 9 6 0 18 9 10 0 6.0
17 40 35 40 9 70 40 8704 2 31 10 7 0 12 6 17 0 4.0
18 36 83 40 14 30 40 3416 4 29 11 16 0 35 6 11 0 19 7 13 0 20 8 7 1 6.0
19 64 44 40 64 24 40 23163 5 15 9 12 0 22 10 7 0 18 8 10 0 21 6 11 0 15 10 6 0 4.0
20 47 20 40 12 22 40 6061 3 29 6 8 0 23 8 16 1 21 8 15 1 6.0
21 21 44 40 60 67 40 815 1 15 13 18 0 6.0
22 21 55 40 60 31 40 45000 4 31 9 14 0 29 6 17 0 21 10 9 0 12 7 18 1 4.0
23 49 24 40 24 26 40 969 2 29 15 6 0 14 5 12 1 6.0
24 23 42 40 21 74 40 1759 5 26 14 7 0 20 7 8 0 12 5 12 0 28 6 13 1 12 7 6 1 6.0
25 48 23 40 60 26 40 45000 3 22 8 15 0 16 15 8 0 30 6 14 1 4.0
26 42 70 40 10 19 40 4940 3 26 12 13 0 14 10 9 0 15 12 10 1 6.0
27 68 56 40 64 71 40 4549 1 24 13 11 0 5.0
28 63 47 40 62 70 40 7792 4 29 6 11 0 25 5 11 0 13 6 11 0 35 10 8 1 5.0
29 47 80 40 67 72 40 15807 5 25 5 7 0 18 6 7 0 33 12 10 1 12 14 18 1 31 5 11 1 5.0
30 12 46 40 56 72 40 4516 1 34 6 17 0 5.0
31 45 33 40 64 26 40 22027 4 36 6 10 0 29 8 9 0 20 8 9 0 16 9 8 0 4.0
32 40 20 40 22 25 40 3075 4 24 14 14 0 22 14 9 0 12 15 10 0 17 5 12 0 6.0
33 25 59 40 68 76 40 6748 1 31 8 14 0 5.0
34 8 48 40 20 83 40 7719 2 24 5 18 0 19 12 6 0 4.0
35 44 74 40 63 34 40 6481 3 30 12 9 0 19 10 13 0 18 11 7 0 6.0
36 25 52 40 10 67 40 3320 5 28 7 13 0 17 6 16 0 13 7 17 1 14 5 11 1 13 5 7 1 6.0
37 23 46 40 56 67 40 45000 4 31 5 18 0 24 8 11 0 12 13 7 1 15 6 11 1 4.0
38 62 47 40 20 21 40 2034 1 27 10 13 1 6.0
39 49 32 40 69 66 40 18615 5 21 15 6 0 13 8 18 0 26 7 6 0 12 5 9 0 17 7 12 1 4.0
40 57 52 40 13 32 40 3791 5 18 10 11 0 15 10 12 0 17 6 8 0 21 5 7 0 31 6 8 1 6.0
41 61 49 40 17 73 40 16058 4 25 15 8 0 16 10 14 0 12 5 17 0 14 6 8 1 4.0
42 63 43 40 56 23 40 12616 4 30 14 14 0 33 5 16 0 19 11 18 1 18 6 18 1 6.0
43 36 25 40 25 72 40 10605 3 29 12 13 0 32 5 9 0 15 5 12 0 5.0
44 64 48 40 58 24 40 14104 4 33 14 6 0 27 5 15 0 26 7 10 0 12 6 7 1 5.0
45 14 54 40 12 66 40 1817 2 36 7 12 0 16 5 6 0 6.0
46 57 59 40 17 29 40 33448 1 26 11 12 1 4.0
47 39 83 40 13 23 40 3977 1 29 12 10 0 5.0
48 33 21 40 65 25 40 6127 4 20 15 11 0 14 10 12 0 13 6 8 0 21 5 14 1 6.0
49 35 83 40 67 18 40 7979 1 32 6 18 1 4.0
50 9 57 40 16 19 40 1081 5 20 6 14 0 18 5 7 0 23 7 13 1 22 6 10 1 20 5 12 1 6.0
51 32 80 40 17 21 40 4796 1 31 11 10 0 5.0
52 47 82 40 16 72 40 8198 1 26 12 11 0 4.0
53 41 79 40 11 21 40 19653 3 23 8 14 0 24 6 6 0 25 8 17 1 4.0
54 10 54 40 10 78 40 3552 2 32 7 6 0 14 13 12 1 5.0
55 39 31 40 66 81 40 19653 4 28 12 12 0 27 8 11 0 14 12 13 0 21 6 14 0 5.0
56 66 53 40 65 24 40 4549 2 21 9 11 0 21 5 14 0 5.0
57 71 54 40 24 34 40 11157 1 21 13 13 0 4.0
58 46 66 40 67 21 40 35531 3 29 10 10 0 12 11 15 0 20 14 8 1 4.0
59 71 48 40 25 83 40 10008 4 31 9 16 0 20 9 13 1 14 9 16 1 28 8 6 1 5.0
60 38 25 40 62 18 40 3736 5 35 10 6 0 12 12 10 0 18 6 11 0 25 6 9 1 15 5 10 1 6.0
61 33 24 40 64 70 40 7605 2 22 9 11 0 17 8 10 1 5.0
62 39 73 40 24 82 40 10951 1 19 11 17 1 4.0
63 38 33 40 23 68 40 8225 5 28 9 10 0 34 6 9 0 16 9 6 0 15 11 6 1 15 5 8 1 5.0
64 48 67 40 72 68 40 45000 5 13 8 17 0 24 8 9 0 16 11 6 0 22 5 8 0 13 8 16 1 4.0
65 39 66 40 13 67 40 2192 2 16 7 18 0 13 7 17 0 6.0
66 35 68 40 68 74 40 1454 2 17 9 6 0 13 12 16 1 6.0
67 32 70 40 9 78 40 12377 3 13 15 14 0 23 10 11 0 26 10 6 0 5.0
68 69 50 40 66 28 40 4261 4 26 12 10 0 25 13 6 0 23 6 10 0 15 7 6 0 6.0
69 61 52 40 25 33 40 1645 1 25 8 17 0 6.0
70 59 47 40 67 77 40 11766 1 31 7 16 0 4.0
71 38 67 40 22 68 40 1346 2 14 11 12 0 12 14 10 0 6.0
72 60 55 40 68 22 40 13449 4 32 10 8 0 25 11 7 0 18 14 6 0 13 5 16 0 5.0
73 40 76 40 19 18 40 41262 4 35 7 15 0 20 14 12 0 33 12 7 0 12 5 9 0 4.0
74 38 20 40 14 26 40 17777 4 22 14 16 0 27 15 6 0 33 6 8 0 13 13 8 0 5.0
75 37 83 40 24 25 40 9264 1 27 9 14 0 4.0
