10    106   45000 60    25    30   
0     70    70    0     70    70    1351  0     
1 37 110 40 33 110 40 24897 4 30 11 10 0 25 10 12 1 23 14 9 1 26 6 9 1 4.0
2 35 80 40 74 114 40 1365 1 22 11 14 1 6.0
3 34 33 40 79 114 40 2789 3 18 11 12 0 24 12 7 0 29 14 6 1 6.0
4 24 65 40 74 102 40 21515 1 24 13 11 1 4.0
5 74 117 40 108 100 40 3168 5 22 12 15 0 34 9 9 0 18 12 10 0 12 14 15 1 30 10 8 1 6.0
6 35 40 40 40 114 40 5035 4 31 10 12 0 30 7 8 0 13 12 7 0 12 8 6 0 6.0
7 68 28 40 30 101 40 11840 5 13 9 14 0 16 8 8 0 12 8 7 0 13 15 14 1 20 6 6 1 5.0
8 107 39 40 67 23 40 8290 1 35 11 9 1 4.0
9 70 32 40 117 103 40 5803 2 30 10 10 0 14 6 6 0 5.0
10 23 110 40 102 30 40 12402 2 22 9 13 0 21 5 9 0 4.0
11 106 110 40 112 30 40 10128 4 22 8 15 0 16 8 16 0 25 7 6 0 13 6 17 1 5.0
12 35 75 40 70 110 40 4333 1 26 15 9 1 5.0
13 76 108 40 62 39 40 10334 1 25 14 10 0 4.0
14 36 70 40 105 116 40 8160 4 17 12 16 0 15 12 9 0 18 5 17 0 31 13 10 1 6.0
15 112 65 40 74 27 40 7401 3 31 6 9 0 14 12 9 0 18 12 17 1 5.0
16 72 118 40 108 75 40 7540 1 29 12 10 0 4.0
17 104 114 40 104 32 40 16191 5 29 10 11 0 34 10 7 0 16 7 6 0 25 9 15 1 21 5 8 1 5.0
18 68 105 40 109 76 40 2095 2 13 15 13 0 13 12 6 0 6.0
19 34 80 40 29 67 40 34264 4 27 9 17 0 18 10 15 0 19 5 18 0 19 9 10 0 4.0
20 25 108 40 36 66 40 13708 5 34 13 7 0 21 14 6 0 12 12 6 0 12 6 9 0 12 6 7 0 4.0
21 31 103 40 73 118 40 4698 2 27 9 13 0 12 5 6 1 5.0
22 41 28 40 104 34 40 15421 5 28 12 7 0 23 14 7 0 31 8 7 0 14 12 10 0 16 10 15 1 5.0
23 112 24 40 30 111 40 9694 2 28 5 16 0 15 5 17 0 4.0
24 39 23 40 108 29 40 19066 4 18 14 17 0 19 14 7 0 30 5 15 1 14 9 15 1 5.0
25 34 37 40 75 41 40 17864 2 16 14 10 0 14 6 14 0 4.0
26 38 32 40 25 61 40 1316 5 12 9 18 0 13 5 18 0 13 6 13 0 36 5 11 1 26 5 7 1 6.0
27 62 42 40 65 118 40 4389 3 28 8 17 0 26 6 9 0 13 15 9 1 6.0
28 40 76 40 30 115 40 39411 3 35 10 8 0 18 15 8 0 35 8 7 0 4.0
29 30 64 40 108 117 40 3672 5 15 6 10 0 19 6 7 0 12 5 10 0 34 14 7 1 19 9 8 1 6.0
30 112 114 40 70 113 40 1638 1 35 7 14 0 6.0
31 71 31 40 66 26 40 38469 4 36 11 11 0 36 8 10 1 35 5 13 1 15 6 10 1 4.0
32 112 29 40 72 30 40 4170 1 26 8 17 0 5.0
33 34 23 40 27 68 40 13388 5 17 5 16 0 23 5 10 0 14 5 16 0 22 8 14 1 13 6 10 1 5.0
34 38 34 40 110 70 40 12628 2 12 11 15 0 33 5 9 0 4.0
35 108 33 40 66 116 40 8879 5 17 9 9 0 16 5 9 0 31 13 15 1 29 15 9 1 26 8 8 1 6.0
36 38 40 40 101 69 40 1838 2 22 14 6 0 18 5 18 0 6.0
37 41 70 40 34 100 40 2454 2 20 11 11 0 14 5 16 0 6.0
38 102 71 40 32 40 40 5255 3 21 13 15 0 17 13 9 1 12 5 16 1 6.0
39 70 108 40 103 107 40 8889 3 26 15 8 0 25 8 7 0 19 9 15 1 5.0
40 74 99 40 116 72 40 4768 1 24 8 18 0 5.0
41 33 102 40 117 40 40 8695 3 26 5 6 0 23 9 18 1 16 12 12 1 5.0
42 101 102 40 105 62 40 1741 5 27 5 18 0 21 8 10 0 13 10 10 0 12 13 6 0 14 6 6 0 6.0
43 118 111 40 68 100 40 36846 5 13 13 14 0 28 5 12 0 18 5 10 0 21 6 7 0 16 7 9 1 4.0
44 117 108 40 35 118 40 5778 3 26 6 6 0 25 12 14 1 29 5 12 1 6.0
45 67 28 40 108 108 40 26617 5 12 13 16 0 35 11 6 0 28 11 6 0 14 7 11 0 15 14 12 1 4.0
46 24 39 40 101 111 40 22784 5 14 15 8 0 17 6 15 0 12 15 6 0 16 7 8 0 19 6 15 1 4.0
47 72 108 40 30 79 40 5238 5 14 6 18 0 17 9 9 0 21 9 6 0 16 7 6 0 33 8 8 1 6.0
48 35 34 40 80 116 40 1251 1 31 11 10 1 6.0
49 69 118 40 40 69 40 8156 2 18 5 15 0 36 6 10 1 4.0
50 41 111 40 34 110 40 4509 2 21 6 7 0 18 8 18 1 5.0
51 99 31 40 63 27 40 3268 1 31 8 14 1 6.0
52 116 39 40 107 64 40 19026 5 16 8 14 0 21 14 6 0 13 15 7 0 12 13 7 1 16 7 8 1 4.0
53 31 61 40 36 78 40 6901 2 21 5 6 0 32 11 8 1 4.0
54 115 40 40 36 72 40 1510 4 16 14 18 0 25 15 9 0 18 12 8 0 17 8 10 0 6.0
55 78 117 40 117 110 40 13196 3 35 10 8 0 12 8 13 0 29 6 16 1 5.0
56 34 68 40 117 105 40 2600 1 28 11 11 0 6.0
57 111 32 40 105 64 40 5020 5 29 11 9 0 32 7 10 0 12 9 17 0 30 6 9 0 36 6 8 1 6.0
58 40 32 40 39 30 40 7269 2 26 6 14 0 34 6 6 0 4.0
59 112 34 40 105 34 40 4366 5 18 12 9 0 29 6 11 0 17 11 8 0 21 6 9 0 12 5 8 0 6.0
60 25 76 40 116 79 40 15033 3 23 11 16 0 12 10 14 0 12 6 16 0 4.0
61 74 30 40 36 79 40 19113 3 23 10 14 0 21 11 6 0 22 9 12 1 4.0
62 107 109 40 107 106 40 3030 1 26 8 17 0 6.0
63 68 118 40 76 103 40 5293 1 21 13 13 0 5.0
64 64 26 40 101 63 40 27473 5 22 9 16 0 30 6 17 0 21 13 6 0 26 5 12 0 17 5 11 0 4.0
65 61 111 40 33 32 40 12701 5 28 9 8 0 20 9 10 0 14 10 12 0 29 5 6 0 12 5 8 0 5.0
66 39 115 40 79 118 40 3601 1 34 8 13 0 5.0
67 65 42 40 72 31 40 30250 3 31 11 7 0 30 7 9 0 14 15 13 1 4.0
68 114 24 40 104 41 40 6007 2 31 14 6 0 15 5 12 0 5.0
69 66 40 40 41 25 40 3078 1 32 9 12 1 6.0
70 104 112 40 24 27 40 45000 5 34 14 8 0 26 8 16 0 17 7 6 0 17 7 12 1 16 11 7 1 4.0
71 100 80 40 112 40 40 3765 1 31 14 8 0 5.0
72 113 80 40 99 75 40 1545 4 36 10 11 0 28 6 6 0 14 5 14 0 12 5 15 0 6.0
73 35 30 40 33 108 40 6415 2 18 9 13 0 13 13 8 0 5.0
74 100 78 40 25 66 40 5933 4 27 7 7 0 14 12 7 0 19 14 10 1 15 11 10 1 6.0
75 80 28 40 28 100 40 15412 2 20 13 6 0 17 7 16 1 4.0
76 71 29 40 99 116 40 19516 3 35 6 15 0 28 14 6 0 13 10 10 0 4.0
77 111 102 40 102 36 40 5573 5 28 9 9 0 17 10 9 0 16 12 7 0 24 7 6 0 14 8 8 0 6.0
78 115 38 40 108 77 40 3210 3 19 8 18 0 24 15 7 0 12 12 11 0 6.0
79 106 42 40 34 79 40 35362 3 29 10 15 0 17 10 10 0 19 5 8 0 4.0
80 38 103 40 32 39 40 2135 1 18 12 16 0 6.0
81 32 42 40 62 27 40 5568 4 27 10 13 0 31 8 6 0 12 12 7 0 18 5 12 1 6.0
82 29 74 40 80 115 40 5091 1 23 11 14 0 5.0
83 108 70 40 39 64 40 5015 4 19 13 16 0 36 7 12 0 13 11 12 0 19 10 8 1 6.0
84 25 32 40 113 37 40 4906 2 34 5 12 0 16 10 9 0 5.0
85 114 78 40 113 79 40 19520 1 35 11 9 0 4.0
86 71 26 40 36 114 40 13245 3 22 7 11 0 29 5 7 0 36 11 11 1 5.0
87 30 24 40 29 104 40 4848 3 33 12 9 0 19 13 9 0 12 11 8 0 6.0
88 117 70 40 99 71 40 10792 1 19 11 17 1 4.0
89 103 115 40 34 42 40 15658 5 19 10 15 0 36 9 7 0 21 13 8 0 27 9 8 0 20 5 12 1 5.0
90 40 62 40 109 67 40 9813 2 21 7 13 0 24 5 13 0 4.0
91 105 104 40 110 73 40 26356 4 36 7 12 0 34 6 8 0 18 13 6 0 20 5 9 1 4.0
92 38 113 40 102 25 40 4407 1 24 11 13 0 5.0
93 108 35 40 73 40 40 5296 1 25 14 10 0 5.0
94 104 115 40 107 78 40 38693 5 23 9 15 0 33 5 12 0 21 13 7 0 19 8 12 0 12 9 16 1 4.0
95 118 72 40 102 112 40 5276 2 28 11 7 0 13 6 16 0 5.0
96 64 111 40 99 32 40 5303 1 34 6 17 1 5.0
97 35 33 40 79 32 40 10143 2 13 8 18 0 13 8 16 0 4.0
98 80 35 40 34 39 40 8019 4 12 14 16 0 13 15 11 0 18 9 7 0 14 12 6 1 5.0
99 104 106 40 116 74 40 9301 5 23 8 7 0 23 5 7 0 16 7 7 0 25 11 12 1 20 5 7 1 5.0
100 37 76 40 36 100 40 12638 5 19 6 18 0 12 12 11 0 12 7 11 0 32 6 7 1 16 8 9 1 5.0
101 101 106 40 28 42 40 2169 2 28 10 6 0 26 6 12 1 6.0
102 32 118 40 101 31 40 45000 4 21 6 11 0 16 6 6 0 25 9 12 1 30 8 10 1 4.0
103 39 102 40 31 107 40 10394 5 33 13 6 0 15 8 17 0 20 5 9 0 12 5 8 0 19 5 10 1 5.0
104 27 102 40 72 104 40 18454 4 18 12 13 0 26 7 10 0 23 7 8 0 35 5 6 0 4.0
105 73 31 40 73 39 40 7372 5 26 15 12 0 29 5 12 0 21 5 13 0 12 11 9 0 13 7 13 0 6.0
106 113 118 40 64 109 40 3388 2 12 9 17 0 18 7 13 0 5.0
