10    106   45000 60    25    30   
0     70    70    0     70    70    1351  0     
1 37 83 40 66 96 40 20833 4 30 11 10 0 25 10 12 1 23 14 9 1 26 6 9 1 4.0
2 109 65 40 74 95 40 4381 1 22 11 14 1 5.0
3 50 35 40 71 71 40 5724 3 18 11 12 0 24 12 7 0 29 14 6 1 6.0
4 107 67 40 42 30 40 45000 1 24 13 11 1 4.0
5 73 114 40 44 23 40 4236 5 22 12 15 0 34 9 9 0 18 12 10 0 12 14 15 1 30 10 8 1 6.0
6 48 25 40 107 87 40 6058 4 31 10 12 0 30 7 8 0 13 12 7 0 12 8 6 0 6.0
7 100 30 40 99 70 40 5417 5 13 9 14 0 16 8 8 0 12 8 7 0 13 15 14 1 20 6 6 1 6.0
8 109 34 40 106 51 40 1566 1 35 11 9 1 6.0
9 87 119 40 22 88 40 9100 2 30 10 10 0 14 6 6 0 4.0
10 91 89 40 69 101 40 12221 2 22 9 13 0 21 5 9 0 4.0
11 71 72 40 89 34 40 9899 4 22 8 15 0 16 8 16 0 25 7 6 0 13 6 17 1 5.0
12 71 39 40 120 55 40 6176 1 26 15 9 1 5.0
13 113 80 40 42 43 40 9498 1 25 14 10 0 4.0
14 60 77 40 54 112 40 9836 4 17 12 16 0 15 12 9 0 18 5 17 0 31 13 10 1 6.0
15 47 79 40 51 62 40 4797 3 31 6 9 0 14 12 9 0 18 12 17 1 6.0
16 100 80 40 97 53 40 4836 1 29 12 10 0 5.0
17 47 22 40 105 105 40 5822 5 29 10 11 0 34 10 7 0 16 7 6 0 25 9 15 1 21 5 8 1 6.0
18 63 60 40 117 100 40 3299 2 13 15 13 0 13 12 6 0 6.0
19 104 74 40 95 24 40 45000 4 27 9 17 0 18 10 15 0 19 5 18 0 19 9 10 0 4.0
20 40 75 40 62 29 40 8176 5 34 13 7 0 21 14 6 0 12 12 6 0 12 6 9 0 12 6 7 0 5.0
21 99 34 40 104 27 40 4434 2 27 9 13 0 12 5 6 1 5.0
22 27 99 40 49 102 40 5041 5 28 12 7 0 23 14 7 0 31 8 7 0 14 12 10 0 16 10 15 1 6.0
23 116 83 40 104 89 40 774 2 28 5 16 0 15 5 17 0 6.0
24 48 70 40 108 57 40 7726 4 18 14 17 0 19 14 7 0 30 5 15 1 14 9 15 1 6.0
25 114 101 40 115 37 40 11487 2 16 14 10 0 14 6 14 0 4.0
26 77 61 40 76 61 40 12318 5 12 9 18 0 13 5 18 0 13 6 13 0 36 5 11 1 26 5 7 1 5.0
27 70 73 40 101 114 40 8639 3 28 8 17 0 26 6 9 0 13 15 9 1 5.0
28 37 32 40 86 42 40 40559 3 35 10 8 0 18 15 8 0 35 8 7 0 4.0
29 45 115 40 87 41 40 5755 5 15 6 10 0 19 6 7 0 12 5 10 0 34 14 7 1 19 9 8 1 6.0
30 106 65 40 104 20 40 3784 1 35 7 14 0 5.0
31 48 74 40 34 39 40 25183 4 36 11 11 0 36 8 10 1 35 5 13 1 15 6 10 1 4.0
32 39 100 40 92 36 40 5645 1 26 8 17 0 5.0
33 98 80 40 96 76 40 7354 5 17 5 16 0 23 5 10 0 14 5 16 0 22 8 14 1 13 6 10 1 5.0
34 98 101 40 110 21 40 4759 2 12 11 15 0 33 5 9 0 5.0
35 101 53 40 51 52 40 14142 5 17 9 9 0 16 5 9 0 31 13 15 1 29 15 9 1 26 8 8 1 6.0
36 46 40 40 98 78 40 2054 2 22 14 6 0 18 5 18 0 6.0
37 106 103 40 92 43 40 4698 2 20 11 11 0 14 5 16 0 5.0
38 43 77 40 76 50 40 11909 3 21 13 15 0 17 13 9 1 12 5 16 1 5.0
39 91 67 40 93 56 40 7074 3 26 15 8 0 25 8 7 0 19 9 15 1 6.0
40 63 51 40 71 108 40 6350 1 24 8 18 0 4.0
41 100 79 40 112 76 40 3574 3 26 5 6 0 23 9 18 1 16 12 12 1 6.0
42 98 47 40 54 80 40 13948 5 27 5 18 0 21 8 10 0 13 10 10 0 12 13 6 0 14 6 6 0 4.0
43 43 57 40 80 103 40 29122 5 13 13 14 0 28 5 12 0 18 5 10 0 21 6 7 0 16 7 9 1 4.0
44 38 70 40 40 101 40 3961 3 26 6 6 0 25 12 14 1 29 5 12 1 6.0
45 106 57 40 95 103 40 2363 5 12 13 16 0 35 11 6 0 28 11 6 0 14 7 11 0 15 14 12 1 6.0
46 39 60 40 97 62 40 22710 5 14 15 8 0 17 6 15 0 12 15 6 0 16 7 8 0 19 6 15 1 4.0
47 52 36 40 119 38 40 5634 5 14 6 18 0 17 9 9 0 21 9 6 0 16 7 6 0 33 8 8 1 6.0
48 108 30 40 51 81 40 3888 1 31 11 10 1 5.0
49 116 110 40 45 35 40 10401 2 18 5 15 0 36 6 10 1 4.0
50 72 92 40 102 22 40 3195 2 21 6 7 0 18 8 18 1 6.0
51 95 111 40 92 108 40 3065 1 31 8 14 1 6.0
52 120 26 40 67 54 40 19302 5 16 8 14 0 21 14 6 0 13 15 7 0 12 13 7 1 16 7 8 1 4.0
53 113 72 40 115 51 40 3097 2 21 5 6 0 32 11 8 1 6.0
54 20 96 40 28 98 40 30453 4 16 14 18 0 25 15 9 0 18 12 8 0 17 8 10 0 4.0
55 108 97 40 81 70 40 29302 3 35 10 8 0 12 8 13 0 29 6 16 1 4.0
56 66 20 40 57 119 40 4472 1 28 11 11 0 5.0
57 57 94 40 24 108 40 14196 5 29 11 9 0 32 7 10 0 12 9 17 0 30 6 9 0 36 6 8 1 5.0
58 80 40 40 26 74 40 8269 2 26 6 14 0 34 6 6 0 4.0
59 62 75 40 66 79 40 2803 5 18 12 9 0 29 6 11 0 17 11 8 0 21 6 9 0 12 5 8 0 6.0
60 103 63 40 37 95 40 7379 3 23 11 16 0 12 10 14 0 12 6 16 0 5.0
61 23 59 40 102 46 40 45000 3 23 10 14 0 21 11 6 0 22 9 12 1 4.0
62 47 64 40 38 80 40 4042 1 26 8 17 0 5.0
63 113 27 40 55 69 40 4438 1 21 13 13 0 5.0
64 71 60 40 91 34 40 45000 5 22 9 16 0 30 6 17 0 21 13 6 0 26 5 12 0 17 5 11 0 4.0
65 108 113 40 70 30 40 11087 5 28 9 8 0 20 9 10 0 14 10 12 0 29 5 6 0 12 5 8 0 5.0
66 114 117 40 117 68 40 6686 1 34 8 13 0 4.0
67 38 26 40 94 111 40 44714 3 31 11 7 0 30 7 9 0 14 15 13 1 4.0
68 106 34 40 41 47 40 4851 2 31 14 6 0 15 5 12 0 5.0
69 76 60 40 44 71 40 6021 1 32 9 12 1 5.0
70 41 20 40 106 54 40 19287 5 34 14 8 0 26 8 16 0 17 7 6 0 17 7 12 1 16 11 7 1 4.0
71 52 104 40 109 66 40 2281 1 31 14 8 0 6.0
72 57 55 40 116 108 40 12253 4 36 10 11 0 28 6 6 0 14 5 14 0 12 5 15 0 4.0
73 94 76 40 78 87 40 6000 2 18 9 13 0 13 13 8 0 5.0
74 90 109 40 47 48 40 7318 4 27 7 7 0 14 12 7 0 19 14 10 1 15 11 10 1 5.0
75 115 60 40 27 120 40 1197 2 20 13 6 0 17 7 16 1 6.0
76 78 55 40 44 81 40 17047 3 35 6 15 0 28 14 6 0 13 10 10 0 4.0
77 89 79 40 117 55 40 13459 5 28 9 9 0 17 10 9 0 16 12 7 0 24 7 6 0 14 8 8 0 4.0
78 40 98 40 49 43 40 7878 3 19 8 18 0 24 15 7 0 12 12 11 0 5.0
79 108 69 40 28 106 40 8477 3 29 10 15 0 17 10 10 0 19 5 8 0 5.0
80 46 107 40 67 27 40 3078 1 18 12 16 0 6.0
81 94 21 40 112 91 40 1117 4 27 10 13 0 31 8 6 0 12 12 7 0 18 5 12 1 6.0
82 63 25 40 70 92 40 8178 1 23 11 14 0 4.0
83 114 115 40 72 111 40 33118 4 19 13 16 0 36 7 12 0 13 11 12 0 19 10 8 1 4.0
84 42 99 40 62 22 40 4664 2 34 5 12 0 16 10 9 0 5.0
85 27 43 40 31 21 40 13820 1 35 11 9 0 4.0
86 80 28 40 78 39 40 13139 3 22 7 11 0 29 5 7 0 36 11 11 1 4.0
87 55 22 40 60 75 40 8755 3 33 12 9 0 19 13 9 0 12 11 8 0 5.0
88 59 65 40 89 60 40 4361 1 19 11 17 1 5.0
89 56 36 40 32 91 40 14203 5 19 10 15 0 36 9 7 0 21 13 8 0 27 9 8 0 20 5 12 1 5.0
90 73 85 40 23 56 40 3702 2 21 7 13 0 24 5 13 0 5.0
91 43 28 40 81 65 40 6800 4 36 7 12 0 34 6 8 0 18 13 6 0 20 5 9 1 6.0
92 75 115 40 55 76 40 5258 1 24 11 13 0 5.0
93 89 83 40 35 53 40 3008 1 25 14 10 0 6.0
94 94 95 40 77 113 40 28073 5 23 9 15 0 33 5 12 0 21 13 7 0 19 8 12 0 12 9 16 1 4.0
95 82 35 40 77 53 40 4606 2 28 11 7 0 13 6 16 0 5.0
96 49 114 40 91 42 40 1219 1 34 6 17 1 6.0
97 55 99 40 51 104 40 9162 2 13 8 18 0 13 8 16 0 4.0
98 109 28 40 85 59 40 12786 4 12 14 16 0 13 15 11 0 18 9 7 0 14 12 6 1 4.0
99 83 115 40 98 57 40 8591 5 23 8 7 0 23 5 7 0 16 7 7 0 25 11 12 1 20 5 7 1 5.0
100 97 71 40 53 88 40 13712 5 19 6 18 0 12 12 11 0 12 7 11 0 32 6 7 1 16 8 9 1 4.0
101 118 46 40 120 92 40 6617 2 28 10 6 0 26 6 12 1 4.0
102 49 106 40 102 49 40 2449 4 21 6 11 0 16 6 6 0 25 9 12 1 30 8 10 1 6.0
103 34 89 40 79 92 40 30215 5 33 13 6 0 15 8 17 0 20 5 9 0 12 5 8 0 19 5 10 1 4.0
104 65 74 40 34 97 40 5935 4 18 12 13 0 26 7 10 0 23 7 8 0 35 5 6 0 6.0
105 67 57 40 98 76 40 5342 5 26 15 12 0 29 5 12 0 21 5 13 0 12 11 9 0 13 7 13 0 6.0
106 100 55 40 25 69 40 3313 2 12 9 17 0 18 7 13 0 6.0
