10    106   45000 60    25    30   
0     70    70    0     70    70    1351  0     
1 37 83 40 66 96 40 45000 4 30 11 10 0 25 10 12 1 23 14 9 1 26 6 9 1 4.0
2 109 65 40 74 95 40 1976 1 22 11 14 1 6.0
3 50 35 40 71 71 40 2696 3 18 11 12 0 24 12 7 0 29 14 6 1 6.0
4 107 67 40 42 30 40 7449 1 24 13 11 1 4.0
5 73 114 40 44 23 40 10788 5 22 12 15 0 34 9 9 0 18 12 10 0 12 14 15 1 30 10 8 1 6.0
6 48 25 40 107 87 40 26575 4 31 10 12 0 30 7 8 0 13 12 7 0 12 8 6 0 4.0
7 100 30 40 99 70 40 30177 5 13 9 14 0 16 8 8 0 12 8 7 0 13 15 14 1 20 6 6 1 4.0
8 109 34 40 106 51 40 1007 1 35 11 9 1 6.0
9 87 119 40 22 88 40 7016 2 30 10 10 0 14 6 6 0 5.0
10 91 89 40 69 101 40 7578 2 22 9 13 0 21 5 9 0 4.0
11 71 72 40 89 34 40 8293 4 22 8 15 0 16 8 16 0 25 7 6 0 13 6 17 1 5.0
12 71 39 40 120 55 40 4211 1 26 15 9 1 5.0
13 113 80 40 42 43 40 8291 1 25 14 10 0 4.0
14 60 77 40 54 112 40 6237 4 17 12 16 0 15 12 9 0 18 5 17 0 31 13 10 1 6.0
15 47 79 40 51 62 40 9786 3 31 6 9 0 14 12 9 0 18 12 17 1 5.0
16 100 80 40 97 53 40 6252 1 29 12 10 0 5.0
17 47 22 40 105 105 40 3477 5 29 10 11 0 34 10 7 0 16 7 6 0 25 9 15 1 21 5 8 1 6.0
18 63 60 40 117 100 40 2112 2 13 15 13 0 13 12 6 0 6.0
19 104 74 40 95 24 40 14521 4 27 9 17 0 18 10 15 0 19 5 18 0 19 9 10 0 5.0
20 40 75 40 62 29 40 7893 5 34 13 7 0 21 14 6 0 12 12 6 0 12 6 9 0 12 6 7 0 5.0
21 99 34 40 104 27 40 12674 2 27 9 13 0 12 5 6 1 4.0
22 27 99 40 49 102 40 33698 5 28 12 7 0 23 14 7 0 31 8 7 0 14 12 10 0 16 10 15 1 4.0
23 116 83 40 104 89 40 2831 2 28 5 16 0 15 5 17 0 6.0
24 48 70 40 108 57 40 5486 4 18 14 17 0 19 14 7 0 30 5 15 1 14 9 15 1 6.0
25 114 101 40 115 37 40 11962 2 16 14 10 0 14 6 14 0 4.0
26 77 61 40 76 61 40 7921 5 12 9 18 0 13 5 18 0 13 6 13 0 36 5 11 1 26 5 7 1 5.0
27 70 73 40 101 114 40 9956 3 28 8 17 0 26 6 9 0 13 15 9 1 5.0
28 37 32 40 86 42 40 6099 3 35 10 8 0 18 15 8 0 35 8 7 0 6.0
29 45 115 40 87 41 40 10439 5 15 6 10 0 19 6 7 0 12 5 10 0 34 14 7 1 19 9 8 1 5.0
30 106 65 40 104 20 40 11510 1 35 7 14 0 4.0
31 48 74 40 34 39 40 41608 4 36 11 11 0 36 8 10 1 35 5 13 1 15 6 10 1 4.0
32 39 100 40 92 36 40 5209 1 26 8 17 0 5.0
33 98 80 40 96 76 40 3713 5 17 5 16 0 23 5 10 0 14 5 16 0 22 8 14 1 13 6 10 1 6.0
34 98 101 40 110 21 40 10148 2 12 11 15 0 33 5 9 0 4.0
35 101 53 40 51 52 40 18367 5 17 9 9 0 16 5 9 0 31 13 15 1 29 15 9 1 26 8 8 1 5.0
36 46 40 40 98 78 40 7089 2 22 14 6 0 18 5 18 0 4.0
37 106 103 40 92 43 40 25211 2 20 11 11 0 14 5 16 0 4.0
38 43 77 40 76 50 40 5362 3 21 13 15 0 17 13 9 1 12 5 16 1 6.0
39 91 67 40 93 56 40 19199 3 26 15 8 0 25 8 7 0 19 9 15 1 4.0
40 63 51 40 71 108 40 20675 1 24 8 18 0 4.0
41 100 79 40 112 76 40 3300 3 26 5 6 0 23 9 18 1 16 12 12 1 6.0
42 98 47 40 54 80 40 3652 5 27 5 18 0 21 8 10 0 13 10 10 0 12 13 6 0 14 6 6 0 6.0
43 43 57 40 80 103 40 11206 5 13 13 14 0 28 5 12 0 18 5 10 0 21 6 7 0 16 7 9 1 5.0
44 38 70 40 40 101 40 8333 3 26 6 6 0 25 12 14 1 29 5 12 1 5.0
45 106 57 40 95 103 40 10675 5 12 13 16 0 35 11 6 0 28 11 6 0 14 7 11 0 15 14 12 1 6.0
46 39 60 40 97 62 40 23957 5 14 15 8 0 17 6 15 0 12 15 6 0 16 7 8 0 19 6 15 1 4.0
47 52 36 40 119 38 40 45000 5 14 6 18 0 17 9 9 0 21 9 6 0 16 7 6 0 33 8 8 1 4.0
48 108 30 40 51 81 40 2681 1 31 11 10 1 6.0
49 116 110 40 45 35 40 6603 2 18 5 15 0 36 6 10 1 5.0
50 72 92 40 102 22 40 3937 2 21 6 7 0 18 8 18 1 5.0
51 95 111 40 92 108 40 3014 1 31 8 14 1 6.0
52 120 26 40 67 54 40 28664 5 16 8 14 0 21 14 6 0 13 15 7 0 12 13 7 1 16 7 8 1 4.0
53 113 72 40 115 51 40 4505 2 21 5 6 0 32 11 8 1 5.0
54 20 96 40 28 98 40 2661 4 16 14 18 0 25 15 9 0 18 12 8 0 17 8 10 0 6.0
55 108 97 40 81 70 40 30812 3 35 10 8 0 12 8 13 0 29 6 16 1 4.0
56 66 20 40 57 119 40 4883 1 28 11 11 0 5.0
57 57 94 40 24 108 40 4365 5 29 11 9 0 32 7 10 0 12 9 17 0 30 6 9 0 36 6 8 1 6.0
58 80 40 40 26 74 40 21077 2 26 6 14 0 34 6 6 0 4.0
59 62 75 40 66 79 40 18441 5 18 12 9 0 29 6 11 0 17 11 8 0 21 6 9 0 12 5 8 0 4.0
60 103 63 40 37 95 40 2322 3 23 11 16 0 12 10 14 0 12 6 16 0 6.0
61 23 59 40 102 46 40 45000 3 23 10 14 0 21 11 6 0 22 9 12 1 4.0
62 47 64 40 38 80 40 9988 1 26 8 17 0 4.0
63 113 27 40 55 69 40 3733 1 21 13 13 0 5.0
64 71 60 40 91 34 40 10559 5 22 9 16 0 30 6 17 0 21 13 6 0 26 5 12 0 17 5 11 0 6.0
65 108 113 40 70 30 40 12445 5 28 9 8 0 20 9 10 0 14 10 12 0 29 5 6 0 12 5 8 0 5.0
66 114 117 40 117 68 40 2851 1 34 8 13 0 6.0
67 38 26 40 94 111 40 10337 3 31 11 7 0 30 7 9 0 14 15 13 1 5.0
68 106 34 40 41 47 40 9430 2 31 14 6 0 15 5 12 0 4.0
69 76 60 40 44 71 40 1312 1 32 9 12 1 6.0
70 41 20 40 106 54 40 11034 5 34 14 8 0 26 8 16 0 17 7 6 0 17 7 12 1 16 11 7 1 6.0
71 52 104 40 109 66 40 3947 1 31 14 8 0 5.0
72 57 55 40 116 108 40 30975 4 36 10 11 0 28 6 6 0 14 5 14 0 12 5 15 0 4.0
73 94 76 40 78 87 40 5645 2 18 9 13 0 13 13 8 0 5.0
74 90 109 40 47 48 40 1426 4 27 7 7 0 14 12 7 0 19 14 10 1 15 11 10 1 6.0
75 115 60 40 27 120 40 2856 2 20 13 6 0 17 7 16 1 6.0
76 78 55 40 44 81 40 12030 3 35 6 15 0 28 14 6 0 13 10 10 0 5.0
77 89 79 40 117 55 40 1938 5 28 9 9 0 17 10 9 0 16 12 7 0 24 7 6 0 14 8 8 0 6.0
78 40 98 40 49 43 40 4471 3 19 8 18 0 24 15 7 0 12 12 11 0 6.0
79 108 69 40 28 106 40 22162 3 29 10 15 0 17 10 10 0 19 5 8 0 4.0
80 46 107 40 67 27 40 5674 1 18 12 16 0 5.0
81 94 21 40 112 91 40 2920 4 27 10 13 0 31 8 6 0 12 12 7 0 18 5 12 1 6.0
82 63 25 40 70 92 40 16697 1 23 11 14 0 4.0
83 114 115 40 72 111 40 20904 4 19 13 16 0 36 7 12 0 13 11 12 0 19 10 8 1 4.0
84 42 99 40 62 22 40 4281 2 34 5 12 0 16 10 9 0 5.0
85 27 43 40 31 21 40 22288 1 35 11 9 0 4.0
86 80 28 40 78 39 40 21840 3 22 7 11 0 29 5 7 0 36 11 11 1 4.0
87 55 22 40 60 75 40 6863 3 33 12 9 0 19 13 9 0 12 11 8 0 6.0
88 59 65 40 89 60 40 30474 1 19 11 17 1 4.0
89 56 36 40 32 91 40 17419 5 19 10 15 0 36 9 7 0 21 13 8 0 27 9 8 0 20 5 12 1 5.0
90 73 85 40 23 56 40 3973 2 21 7 13 0 24 5 13 0 5.0
91 43 28 40 81 65 40 19727 4 36 7 12 0 34 6 8 0 18 13 6 0 20 5 9 1 4.0
92 75 115 40 55 76 40 3925 1 24 11 13 0 5.0
93 89 83 40 35 53 40 3093 1 25 14 10 0 6.0
94 94 95 40 77 113 40 38627 5 23 9 15 0 33 5 12 0 21 13 7 0 19 8 12 0 12 9 16 1 4.0
95 82 35 40 77 53 40 3288 2 28 11 7 0 13 6 16 0 6.0
96 49 114 40 91 42 40 4021 1 34 6 17 1 5.0
97 55 99 40 51 104 40 7095 2 13 8 18 0 13 8 16 0 5.0
98 109 28 40 85 59 40 7547 4 12 14 16 0 13 15 11 0 18 9 7 0 14 12 6 1 5.0
99 83 115 40 98 57 40 5408 5 23 8 7 0 23 5 7 0 16 7 7 0 25 11 12 1 20 5 7 1 6.0
100 97 71 40 53 88 40 11099 5 19 6 18 0 12 12 11 0 12 7 11 0 32 6 7 1 16 8 9 1 5.0
101 118 46 40 120 92 40 8982 2 28 10 6 0 26 6 12 1 4.0
102 49 106 40 102 49 40 14585 4 21 6 11 0 16 6 6 0 25 9 12 1 30 8 10 1 4.0
103 34 89 40 79 92 40 10219 5 33 13 6 0 15 8 17 0 20 5 9 0 12 5 8 0 19 5 10 1 5.0
104 65 74 40 34 97 40 13322 4 18 12 13 0 26 7 10 0 23 7 8 0 35 5 6 0 5.0
105 67 57 40 98 76 40 6480 5 26 15 12 0 29 5 12 0 21 5 13 0 12 11 9 0 13 7 13 0 6.0
106 100 55 40 25 69 40 1491 2 12 9 17 0 18 7 13 0 6.0
