10    106   45000 60    25    30   
0     70    70    0     70    70    1351  0     
1 72 39 40 36 37 40 28861 3 26 14 7 0 24 12 16 1 26 12 11 1 4.0
2 105 71 40 104 110 40 6615 2 15 10 9 0 26 13 6 1 5.0
3 109 74 40 113 32 40 4012 1 35 15 13 1 6.0
4 99 78 40 110 103 40 4033 2 32 10 6 0 28 9 6 0 5.0
5 110 66 40 30 104 40 2917 3 36 13 18 0 14 5 14 0 36 11 11 1 6.0
6 77 42 40 105 36 40 14695 1 36 14 14 0 5.0
7 75 100 40 27 107 40 36367 3 26 13 6 0 12 12 6 0 27 13 11 1 4.0
8 76 40 40 110 105 40 3303 2 30 7 7 0 13 9 17 1 6.0
9 34 62 40 115 114 40 4189 2 14 5 18 0 28 8 10 1 5.0
10 76 28 40 100 99 40 6759 1 30 13 9 0 5.0
11 30 79 40 42 31 40 9265 1 36 14 14 1 5.0
12 106 75 40 111 34 40 15319 2 31 10 9 1 18 5 8 1 4.0
13 26 76 40 104 40 40 15034 2 27 5 16 0 27 7 7 0 4.0
14 39 70 40 34 115 40 45000 2 32 14 15 0 31 8 15 0 4.0
15 75 103 40 115 110 40 2136 3 34 9 11 0 34 7 9 0 14 6 16 0 6.0
16 109 65 40 33 40 40 1878 2 12 10 11 0 30 8 9 1 6.0
17 111 65 40 98 100 40 26729 3 28 12 17 0 34 8 15 0 14 5 9 0 4.0
18 67 32 40 28 34 40 1153 1 33 7 15 0 6.0
19 79 42 40 98 34 40 34453 2 31 12 16 0 26 15 11 0 4.0
20 67 113 40 35 34 40 6075 2 33 8 15 0 32 7 13 1 6.0
21 111 70 40 112 43 40 814 2 13 8 18 0 34 6 8 0 6.0
22 108 78 40 26 111 40 45000 2 34 15 13 0 27 14 10 0 4.0
23 68 39 40 103 38 40 986 1 26 9 15 0 6.0
24 101 76 40 43 26 40 2549 2 35 15 15 0 14 10 17 1 6.0
25 103 73 40 29 106 40 45000 2 23 6 11 0 21 9 10 1 4.0
26 102 78 40 101 108 40 4862 3 35 6 16 0 25 6 10 0 33 5 13 1 6.0
27 62 39 40 113 99 40 9191 3 23 8 16 0 22 15 8 0 15 15 6 0 5.0
28 70 38 40 37 98 40 7728 2 35 7 18 0 31 10 8 0 5.0
29 75 115 40 100 29 40 10674 2 21 7 7 0 36 11 15 1 5.0
30 63 34 40 110 34 40 4453 1 19 10 18 0 5.0
31 63 110 40 38 29 40 33447 3 31 10 15 0 27 9 16 0 21 11 8 0 4.0
32 38 66 40 34 27 40 1054 1 18 14 14 0 6.0
33 64 40 40 37 103 40 13350 3 35 13 9 0 16 6 14 0 22 5 13 1 5.0
34 70 98 40 104 104 40 7561 1 36 8 12 0 5.0
35 42 69 40 105 39 40 12476 3 30 15 17 0 31 11 9 0 15 14 14 0 6.0
36 103 63 40 100 110 40 1656 1 17 12 17 0 6.0
37 108 73 40 33 104 40 24186 1 28 7 18 0 4.0
38 66 115 40 115 105 40 4078 3 16 8 17 0 17 5 14 0 34 6 18 1 6.0
39 36 64 40 104 43 40 19254 1 28 14 18 0 4.0
40 41 69 40 106 114 40 1921 2 16 12 11 0 21 8 8 1 6.0
41 69 27 40 43 104 40 15706 3 12 15 15 0 25 9 12 0 23 5 12 1 4.0
42 111 79 40 32 107 40 6066 2 21 13 12 0 33 12 9 1 6.0
43 104 79 40 33 102 40 10521 3 34 15 9 0 16 6 17 0 14 7 6 1 5.0
44 104 75 40 108 41 40 13584 2 17 13 18 0 36 8 10 0 5.0
45 30 67 40 99 109 40 5305 3 24 12 14 0 18 12 18 0 30 7 11 0 6.0
46 69 37 40 41 43 40 45000 2 31 11 14 0 29 12 6 0 4.0
47 35 74 40 99 115 40 7746 2 23 15 10 0 16 13 16 0 5.0
48 70 114 40 34 30 40 2950 2 13 9 18 0 13 10 10 1 6.0
49 33 63 40 35 27 40 8104 2 12 5 6 0 25 14 9 1 4.0
50 41 73 40 37 100 40 542 1 31 14 8 0 6.0
51 106 63 40 105 40 40 4873 1 33 15 7 0 5.0
52 71 35 40 29 110 40 16482 2 18 14 15 0 30 13 8 0 4.0
53 69 101 40 114 42 40 9869 2 19 5 17 0 13 10 14 1 4.0
54 31 76 40 34 107 40 10516 3 36 13 13 0 27 12 10 0 20 8 7 1 5.0
55 33 75 40 28 40 40 12928 2 26 14 11 0 18 12 13 0 5.0
56 112 69 40 37 35 40 4326 1 25 9 15 0 5.0
57 79 102 40 115 103 40 32263 2 27 11 10 0 33 13 17 1 4.0
58 41 70 40 114 32 40 16967 1 34 10 10 0 4.0
59 76 41 40 30 107 40 6846 2 29 10 17 0 17 7 17 0 6.0
60 77 105 40 98 98 40 3748 1 31 13 17 1 6.0
61 75 36 40 30 37 40 14974 3 18 11 14 0 21 6 7 0 23 12 12 1 5.0
62 63 99 40 32 32 40 10874 2 19 7 14 0 17 14 7 1 4.0
63 104 69 40 107 98 40 4270 2 21 9 15 1 14 5 10 1 5.0
64 78 100 40 106 36 40 45000 3 32 13 12 0 25 13 11 0 16 8 14 0 4.0
65 70 28 40 35 26 40 4194 2 23 14 17 0 12 7 16 0 6.0
66 34 72 40 113 41 40 1503 1 36 14 7 1 6.0
67 113 76 40 40 101 40 12675 2 28 6 18 0 24 11 15 1 5.0
68 74 101 40 26 112 40 2107 2 21 9 10 0 23 7 10 0 6.0
69 33 70 40 101 106 40 1667 2 21 13 8 0 21 6 10 0 6.0
70 29 70 40 36 34 40 35563 3 13 6 7 0 36 9 18 1 21 14 14 1 4.0
71 75 33 40 110 42 40 1320 1 19 14 13 0 6.0
72 69 106 40 114 33 40 13033 3 29 12 9 0 16 12 11 0 25 7 9 1 5.0
73 35 66 40 34 31 40 13790 1 19 13 14 1 4.0
74 109 70 40 36 111 40 11727 3 20 7 17 0 33 14 8 1 13 5 11 1 5.0
75 67 107 40 34 100 40 9411 1 27 8 16 0 4.0
76 38 65 40 28 31 40 16351 3 21 12 17 0 30 5 10 0 13 11 7 0 4.0
77 111 75 40 98 107 40 5745 1 36 15 13 0 6.0
78 63 28 40 34 111 40 7163 3 33 10 16 0 14 9 7 0 12 9 6 1 5.0
79 68 105 40 101 37 40 18473 3 32 8 14 0 17 12 14 0 12 5 6 0 4.0
80 72 104 40 40 114 40 2533 1 32 9 12 0 6.0
81 74 39 40 108 112 40 6836 1 36 14 14 1 6.0
82 101 79 40 32 36 40 7620 1 23 11 14 0 5.0
83 39 71 40 28 35 40 33591 2 36 15 13 0 27 13 9 1 4.0
84 79 103 40 115 34 40 4017 2 27 6 15 0 25 7 6 0 5.0
85 67 111 40 27 103 40 7230 1 21 15 11 0 5.0
86 35 76 40 108 102 40 9499 1 28 14 18 1 5.0
87 106 66 40 102 106 40 5015 3 36 10 15 0 27 5 6 0 13 6 8 0 6.0
88 99 72 40 104 102 40 8837 1 34 13 8 0 4.0
89 31 77 40 38 34 40 33007 3 22 10 14 0 34 9 7 0 36 9 16 1 4.0
90 32 73 40 99 106 40 2792 2 31 9 10 0 12 8 7 0 6.0
91 26 73 40 109 34 40 40754 1 33 15 14 0 4.0
92 72 33 40 41 103 40 1936 2 25 8 11 0 12 6 17 0 6.0
93 74 104 40 105 34 40 3566 2 25 15 6 0 26 8 6 0 5.0
94 78 29 40 100 112 40 26511 3 24 13 16 0 19 9 17 0 24 10 11 1 4.0
95 102 65 40 31 102 40 4861 2 33 10 7 0 26 7 6 0 5.0
96 70 108 40 42 114 40 1320 2 21 5 18 1 29 6 9 1 6.0
97 73 26 40 113 109 40 8448 2 32 9 7 0 23 11 6 0 4.0
98 62 27 40 26 100 40 9245 3 27 6 15 0 16 8 16 0 31 5 16 1 5.0
99 76 33 40 98 31 40 13792 1 35 14 14 0 5.0
100 77 106 40 38 36 40 45000 3 26 9 18 0 17 7 13 0 18 12 6 0 4.0
101 64 101 40 37 38 40 16095 2 14 15 10 0 24 10 6 0 4.0
102 73 27 40 107 31 40 2851 2 36 5 13 0 21 14 16 1 6.0
103 64 100 40 28 36 40 28749 3 33 6 10 0 30 10 6 0 26 11 11 1 4.0
104 62 112 40 30 27 40 7775 3 12 10 18 0 30 5 12 0 16 11 17 1 5.0
105 72 111 40 42 111 40 34887 2 34 11 17 0 27 10 14 0 4.0
106 41 76 40 110 43 40 4780 2 12 12 13 0 20 10 8 0 5.0
