10    106   45000 60    25    30   
0     70    70    0     70    70    1351  0     
1 37 83 40 66 96 40 28861 3 26 14 7 0 24 12 16 1 26 12 11 1 4.0
2 109 65 40 74 95 40 6615 2 15 10 9 0 26 13 6 1 5.0
3 50 35 40 71 71 40 4012 1 35 15 13 1 6.0
4 107 67 40 42 30 40 4033 2 32 10 6 0 28 9 6 0 5.0
5 73 114 40 44 23 40 2917 3 36 13 18 0 14 5 14 0 36 11 11 1 6.0
6 48 25 40 107 87 40 14695 1 36 14 14 0 5.0
7 100 30 40 99 70 40 36367 3 26 13 6 0 12 12 6 0 27 13 11 1 4.0
8 109 34 40 106 51 40 3303 2 30 7 7 0 13 9 17 1 6.0
9 87 119 40 22 88 40 4189 2 14 5 18 0 28 8 10 1 5.0
10 91 89 40 69 101 40 6759 1 30 13 9 0 5.0
11 71 72 40 89 34 40 9265 1 36 14 14 1 5.0
12 71 39 40 120 55 40 15319 2 31 10 9 1 18 5 8 1 4.0
13 113 80 40 42 43 40 15034 2 27 5 16 0 27 7 7 0 4.0
14 60 77 40 54 112 40 45000 2 32 14 15 0 31 8 15 0 4.0
15 47 79 40 51 62 40 2136 3 34 9 11 0 34 7 9 0 14 6 16 0 6.0
16 100 80 40 97 53 40 1878 2 12 10 11 0 30 8 9 1 6.0
17 47 22 40 105 105 40 26729 3 28 12 17 0 34 8 15 0 14 5 9 0 4.0
18 63 60 40 117 100 40 1153 1 33 7 15 0 6.0
19 104 74 40 95 24 40 34453 2 31 12 16 0 26 15 11 0 4.0
20 40 75 40 62 29 40 6075 2 33 8 15 0 32 7 13 1 6.0
21 99 34 40 104 27 40 814 2 13 8 18 0 34 6 8 0 6.0
22 27 99 40 49 102 40 45000 2 34 15 13 0 27 14 10 0 4.0
23 116 83 40 104 89 40 986 1 26 9 15 0 6.0
24 48 70 40 108 57 40 2549 2 35 15 15 0 14 10 17 1 6.0
25 114 101 40 115 37 40 45000 2 23 6 11 0 21 9 10 1 4.0
26 77 61 40 76 61 40 4862 3 35 6 16 0 25 6 10 0 33 5 13 1 6.0
27 70 73 40 101 114 40 9191 3 23 8 16 0 22 15 8 0 15 15 6 0 5.0
28 37 32 40 86 42 40 7728 2 35 7 18 0 31 10 8 0 5.0
29 45 115 40 87 41 40 10674 2 21 7 7 0 36 11 15 1 5.0
30 106 65 40 104 20 40 4453 1 19 10 18 0 5.0
31 48 74 40 34 39 40 33447 3 31 10 15 0 27 9 16 0 21 11 8 0 4.0
32 39 100 40 92 36 40 1054 1 18 14 14 0 6.0
33 98 80 40 96 76 40 13350 3 35 13 9 0 16 6 14 0 22 5 13 1 5.0
34 98 101 40 110 21 40 7561 1 36 8 12 0 5.0
35 101 53 40 51 52 40 12476 3 30 15 17 0 31 11 9 0 15 14 14 0 6.0
36 46 40 40 98 78 40 1656 1 17 12 17 0 6.0
37 106 103 40 92 43 40 24186 1 28 7 18 0 4.0
38 43 77 40 76 50 40 4078 3 16 8 17 0 17 5 14 0 34 6 18 1 6.0
39 91 67 40 93 56 40 19254 1 28 14 18 0 4.0
40 63 51 40 71 108 40 1921 2 16 12 11 0 21 8 8 1 6.0
41 100 79 40 112 76 40 15706 3 12 15 15 0 25 9 12 0 23 5 12 1 4.0
42 98 47 40 54 80 40 6066 2 21 13 12 0 33 12 9 1 6.0
43 43 57 40 80 103 40 10521 3 34 15 9 0 16 6 17 0 14 7 6 1 5.0
44 38 70 40 40 101 40 13584 2 17 13 18 0 36 8 10 0 5.0
45 106 57 40 95 103 40 5305 3 24 12 14 0 18 12 18 0 30 7 11 0 6.0
46 39 60 40 97 62 40 45000 2 31 11 14 0 29 12 6 0 4.0
47 52 36 40 119 38 40 7746 2 23 15 10 0 16 13 16 0 5.0
48 108 30 40 51 81 40 2950 2 13 9 18 0 13 10 10 1 6.0
49 116 110 40 45 35 40 8104 2 12 5 6 0 25 14 9 1 4.0
50 72 92 40 102 22 40 542 1 31 14 8 0 6.0
51 95 111 40 92 108 40 4873 1 33 15 7 0 5.0
52 120 26 40 67 54 40 16482 2 18 14 15 0 30 13 8 0 4.0
53 113 72 40 115 51 40 9869 2 19 5 17 0 13 10 14 1 4.0
54 20 96 40 28 98 40 10516 3 36 13 13 0 27 12 10 0 20 8 7 1 5.0
55 108 97 40 81 70 40 12928 2 26 14 11 0 18 12 13 0 5.0
56 66 20 40 57 119 40 4326 1 25 9 15 0 5.0
57 57 94 40 24 108 40 32263 2 27 11 10 0 33 13 17 1 4.0
58 80 40 40 26 74 40 16967 1 34 10 10 0 4.0
59 62 75 40 66 79 40 6846 2 29 10 17 0 17 7 17 0 6.0
60 103 63 40 37 95 40 3748 1 31 13 17 1 6.0
61 23 59 40 102 46 40 14974 3 18 11 14 0 21 6 7 0 23 12 12 1 5.0
62 47 64 40 38 80 40 10874 2 19 7 14 0 17 14 7 1 4.0
63 113 27 40 55 69 40 4270 2 21 9 15 1 14 5 10 1 5.0
64 71 60 40 91 34 40 45000 3 32 13 12 0 25 13 11 0 16 8 14 0 4.0
65 108 113 40 70 30 40 4194 2 23 14 17 0 12 7 16 0 6.0
66 114 117 40 117 68 40 1503 1 36 14 7 1 6.0
67 38 26 40 94 111 40 12675 2 28 6 18 0 24 11 15 1 5.0
68 106 34 40 41 47 40 2107 2 21 9 10 0 23 7 10 0 6.0
69 76 60 40 44 71 40 1667 2 21 13 8 0 21 6 10 0 6.0
70 41 20 40 106 54 40 35563 3 13 6 7 0 36 9 18 1 21 14 14 1 4.0
71 52 104 40 109 66 40 1320 1 19 14 13 0 6.0
72 57 55 40 116 108 40 13033 3 29 12 9 0 16 12 11 0 25 7 9 1 5.0
73 94 76 40 78 87 40 13790 1 19 13 14 1 4.0
74 90 109 40 47 48 40 11727 3 20 7 17 0 33 14 8 1 13 5 11 1 5.0
75 115 60 40 27 120 40 9411 1 27 8 16 0 4.0
76 78 55 40 44 81 40 16351 3 21 12 17 0 30 5 10 0 13 11 7 0 4.0
77 89 79 40 117 55 40 5745 1 36 15 13 0 6.0
78 40 98 40 49 43 40 7163 3 33 10 16 0 14 9 7 0 12 9 6 1 5.0
79 108 69 40 28 106 40 18473 3 32 8 14 0 17 12 14 0 12 5 6 0 4.0
80 46 107 40 67 27 40 2533 1 32 9 12 0 6.0
81 94 21 40 112 91 40 6836 1 36 14 14 1 6.0
82 63 25 40 70 92 40 7620 1 23 11 14 0 5.0
83 114 115 40 72 111 40 33591 2 36 15 13 0 27 13 9 1 4.0
84 42 99 40 62 22 40 4017 2 27 6 15 0 25 7 6 0 5.0
85 27 43 40 31 21 40 7230 1 21 15 11 0 5.0
86 80 28 40 78 39 40 9499 1 28 14 18 1 5.0
87 55 22 40 60 75 40 5015 3 36 10 15 0 27 5 6 0 13 6 8 0 6.0
88 59 65 40 89 60 40 8837 1 34 13 8 0 4.0
89 56 36 40 32 91 40 33007 3 22 10 14 0 34 9 7 0 36 9 16 1 4.0
90 73 85 40 23 56 40 2792 2 31 9 10 0 12 8 7 0 6.0
91 43 28 40 81 65 40 40754 1 33 15 14 0 4.0
92 75 115 40 55 76 40 1936 2 25 8 11 0 12 6 17 0 6.0
93 89 83 40 35 53 40 3566 2 25 15 6 0 26 8 6 0 5.0
94 94 95 40 77 113 40 26511 3 24 13 16 0 19 9 17 0 24 10 11 1 4.0
95 82 35 40 77 53 40 4861 2 33 10 7 0 26 7 6 0 5.0
96 49 114 40 91 42 40 1320 2 21 5 18 1 29 6 9 1 6.0
97 55 99 40 51 104 40 8448 2 32 9 7 0 23 11 6 0 4.0
98 109 28 40 85 59 40 9245 3 27 6 15 0 16 8 16 0 31 5 16 1 5.0
99 83 115 40 98 57 40 13792 1 35 14 14 0 5.0
100 97 71 40 53 88 40 45000 3 26 9 18 0 17 7 13 0 18 12 6 0 4.0
101 118 46 40 120 92 40 16095 2 14 15 10 0 24 10 6 0 4.0
102 49 106 40 102 49 40 2851 2 36 5 13 0 21 14 16 1 6.0
103 34 89 40 79 92 40 28749 3 33 6 10 0 30 10 6 0 26 11 11 1 4.0
104 65 74 40 34 97 40 7775 3 12 10 18 0 30 5 12 0 16 11 17 1 5.0
105 67 57 40 98 76 40 34887 2 34 11 17 0 27 10 14 0 4.0
106 100 55 40 25 69 40 4780 2 12 12 13 0 20 10 8 0 5.0
