5     53    45000 60    25    30   
0     40    50    0     40    50    1236  0     
1 35 25 40 38 70 40 5561 1 24 17 5 0 4.0
2 21 54 40 40 75 40 940 1 10 6 8 0 5.0
3 21 66 40 23 39 40 3285 1 27 23 9 0 6.0
4 59 63 40 34 69 40 10720 4 20 7 27 0 10 8 3 0 22 17 13 0 8 6 5 0 5.0
5 58 62 40 19 44 40 1734 5 8 5 3 0 20 18 4 0 8 6 4 0 26 21 11 1 7 6 10 1 6.0
6 45 19 40 26 45 40 25986 5 10 7 7 0 30 16 4 0 35 15 10 0 22 17 7 0 22 20 5 1 4.0
7 19 63 40 15 42 40 23544 5 20 5 2 0 32 5 5 0 17 12 5 0 11 8 4 0 40 25 2 1 4.0
8 63 66 40 65 34 40 8034 5 10 6 3 0 12 9 5 0 17 9 15 0 8 5 5 0 52 20 5 1 5.0
9 15 54 40 21 43 40 5094 3 8 6 4 0 15 14 14 0 15 15 5 0 5.0
10 45 21 40 55 46 40 21726 5 13 13 5 0 33 22 10 0 8 5 2 0 10 10 9 1 13 13 13 1 5.0
11 39 29 40 21 40 40 882 1 14 12 4 0 5.0
12 35 30 40 64 42 40 3430 2 15 5 6 0 8 6 7 0 4.0
13 19 60 40 44 81 40 2176 1 9 8 7 0 4.0
14 46 20 40 34 74 40 3319 1 10 10 5 0 4.0
15 64 57 40 26 39 40 5699 3 31 19 30 0 12 8 3 0 10 8 4 0 6.0
16 36 25 40 26 44 40 276 1 8 8 8 1 6.0
17 47 31 40 44 74 40 31566 4 33 24 5 0 8 8 8 0 26 13 22 0 10 8 5 1 4.0
18 54 62 40 59 47 40 1109 5 9 7 5 0 8 5 3 0 15 10 8 0 8 8 4 0 12 10 12 0 6.0
19 65 65 40 58 34 40 18044 3 10 10 10 0 22 13 14 0 10 6 6 1 4.0
20 64 55 40 25 38 40 14072 4 26 14 12 0 17 14 18 0 10 7 7 0 22 22 14 0 6.0
21 34 31 40 64 43 40 1454 4 28 13 13 0 14 8 3 0 24 11 3 0 10 8 5 1 6.0
22 42 20 40 27 42 40 4212 1 20 6 6 0 4.0
23 46 32 40 59 43 40 854 3 16 8 16 0 34 5 5 0 8 6 3 1 6.0
24 41 24 40 36 79 40 30 1 8 5 3 0 6.0
25 42 27 40 22 46 40 37510 1 40 15 4 0 4.0
26 26 61 40 36 81 40 7572 5 22 19 23 0 8 6 5 0 8 5 1 1 8 6 8 1 21 15 2 1 6.0
27 24 58 40 23 36 40 334 1 9 7 4 0 5.0
28 25 60 40 54 42 40 502 1 8 7 8 0 5.0
29 60 58 40 47 81 40 8025 4 31 11 5 0 17 15 10 1 15 8 6 1 11 8 3 1 5.0
30 22 67 40 24 40 40 1104 2 14 8 3 0 8 8 8 0 5.0
31 40 23 40 61 39 40 14749 4 15 8 5 0 16 11 6 0 18 11 13 0 10 7 5 1 4.0
32 66 60 40 23 44 40 2855 4 10 8 1 0 19 14 7 0 16 10 6 0 26 16 16 1 6.0
33 35 28 40 34 70 40 4486 4 17 17 4 0 8 5 3 0 8 7 7 1 8 8 10 1 5.0
34 18 60 40 39 72 40 25139 5 25 16 15 0 10 7 6 0 9 6 5 0 10 10 12 0 20 15 12 1 4.0
35 60 66 40 40 79 40 5807 1 17 17 22 0 5.0
36 34 28 40 25 40 40 167 1 10 7 5 0 6.0
37 64 67 40 56 46 40 548 1 10 8 1 0 4.0
38 28 62 40 55 38 40 8343 5 26 18 26 0 10 8 2 0 8 8 2 0 22 12 6 0 10 6 6 1 6.0
39 24 56 40 34 80 40 38000 5 32 25 11 0 11 9 6 0 8 5 3 0 31 7 2 1 26 17 9 1 4.0
40 55 60 40 66 44 40 6271 2 14 10 2 0 50 22 10 1 6.0
41 19 65 40 58 40 40 4462 3 10 7 6 0 8 7 6 0 10 9 13 0 4.0
42 24 63 40 17 47 40 192 1 12 9 2 1 5.0
43 21 62 40 46 73 40 6872 4 8 6 6 0 8 5 5 1 9 8 5 1 15 8 30 1 5.0
44 26 57 40 61 40 40 5944 5 8 5 2 0 10 5 4 0 15 15 5 0 12 7 7 0 12 7 12 1 5.0
45 65 57 40 44 77 40 216 2 10 10 2 0 9 6 4 0 6.0
46 59 60 40 59 39 40 45000 5 32 17 2 0 27 25 10 0 12 12 10 0 16 16 8 1 10 7 3 1 4.0
47 61 59 40 35 73 40 22581 5 27 5 4 0 20 15 13 0 15 10 2 0 29 25 20 0 13 8 5 1 5.0
48 58 64 40 41 75 40 433 1 10 10 5 0 6.0
49 16 59 40 42 80 40 39217 4 16 14 12 0 34 5 5 0 25 20 10 0 32 12 22 0 4.0
50 60 55 40 19 36 40 2877 5 8 8 5 0 52 25 10 0 10 10 4 1 14 8 3 1 23 19 10 1 6.0
51 62 55 40 24 36 40 394 1 10 7 4 1 5.0
52 37 31 40 66 43 40 36548 4 25 15 20 0 25 5 6 0 17 10 15 0 15 12 25 0 4.0
53 25 63 40 60 46 40 12148 4 10 8 7 0 13 11 4 0 9 8 10 0 22 18 6 0 4.0
