5     53    45000 60    25    30   
0     40    50    0     40    50    1236  0     
1 25 62 40 27 45 40 44770 2 12 12 12 0 27 21 9 0 4.0
2 55 65 40 39 78 40 7710 2 52 7 30 0 19 11 11 0 6.0
3 24 64 40 53 39 40 377 3 14 8 4 0 13 7 2 0 9 6 6 0 6.0
4 65 54 40 57 45 40 7269 3 12 12 9 0 19 13 7 1 9 6 6 1 4.0
5 26 57 40 23 46 40 4611 2 22 16 16 0 11 6 4 1 6.0
6 66 60 40 16 36 40 1218 1 9 9 4 0 4.0
7 64 56 40 46 76 40 45000 3 12 12 12 0 21 21 21 1 21 9 3 1 4.0
8 57 60 40 40 80 40 1048 3 12 12 16 0 13 12 8 0 9 6 1 1 6.0
9 45 25 40 25 46 40 14272 3 12 9 7 0 18 18 18 0 10 9 6 1 5.0
10 59 64 40 20 37 40 9303 2 12 12 15 0 15 12 12 0 4.0
11 21 64 40 34 81 40 3522 1 60 25 2 0 5.0
12 36 24 40 66 47 40 6996 1 18 18 18 0 5.0
13 22 67 40 62 37 40 21248 3 54 14 8 0 13 9 1 1 17 15 11 1 4.0
14 18 62 40 38 82 40 1202 3 9 9 3 0 11 6 5 0 40 6 6 1 6.0
15 37 20 40 23 40 40 6042 2 40 20 5 0 13 6 3 1 5.0
16 21 67 40 23 39 40 2328 2 12 11 4 0 16 8 6 0 5.0
17 41 22 40 60 44 40 7316 2 37 25 23 0 11 6 11 0 6.0
18 57 63 40 19 45 40 1513 3 15 5 16 0 29 6 6 0 9 9 3 0 6.0
19 41 25 40 38 69 40 3944 2 12 9 4 0 14 14 12 1 5.0
20 59 61 40 26 35 40 19810 2 26 25 26 0 11 8 4 0 5.0
21 54 64 40 39 72 40 18530 2 32 23 6 1 9 9 9 1 4.0
22 47 30 40 18 47 40 45000 3 15 9 9 0 32 25 11 1 22 16 30 1 4.0
23 37 23 40 42 80 40 975 1 11 10 11 0 6.0
24 54 55 40 21 36 40 8222 2 12 9 5 0 35 17 25 0 6.0
25 19 62 40 41 71 40 189 1 9 6 1 1 4.0
26 59 59 40 40 82 40 2905 1 22 9 13 0 5.0
27 28 62 40 18 44 40 37777 2 33 20 12 0 35 23 23 0 5.0
28 55 58 40 28 36 40 11127 2 33 25 10 0 35 25 5 0 6.0
29 40 25 40 66 45 40 30492 3 29 21 20 0 35 11 12 0 20 14 13 0 5.0
30 22 66 40 65 39 40 5436 2 9 6 6 0 12 9 12 1 4.0
31 63 60 40 61 46 40 31221 2 28 12 3 0 21 18 18 0 4.0
32 57 64 40 22 39 40 11181 3 35 17 12 0 12 9 3 0 9 7 2 1 5.0
33 57 54 40 54 43 40 10777 1 38 25 21 0 6.0
34 41 28 40 15 38 40 10614 3 14 12 10 0 9 6 4 0 12 12 12 1 4.0
35 34 24 40 42 73 40 11389 2 12 11 8 0 54 23 6 0 5.0
36 57 56 40 35 75 40 3973 1 12 9 18 0 4.0
37 24 57 40 54 40 40 45000 2 22 22 6 0 34 25 13 0 4.0
38 59 67 40 60 36 40 1702 2 13 8 8 0 26 9 6 1 6.0
39 22 55 40 61 40 40 669 1 19 13 1 1 4.0
40 28 67 40 59 39 40 8974 1 10 10 15 0 4.0
41 36 20 40 42 77 40 2787 2 22 12 18 0 10 10 10 0 6.0
42 15 56 40 26 40 40 836 2 12 12 6 0 11 8 8 0 6.0
43 16 61 40 28 42 40 8778 3 35 9 9 0 12 12 12 0 11 8 9 0 5.0
44 39 25 40 45 74 40 2409 2 19 14 2 0 16 13 7 1 5.0
45 44 31 40 53 35 40 7497 1 20 12 30 1 6.0
46 17 62 40 40 76 40 6795 2 30 7 7 0 9 9 6 0 4.0
47 44 21 40 38 72 40 45000 2 30 25 4 0 29 11 12 0 4.0
48 41 24 40 53 45 40 2686 2 12 6 3 0 20 20 8 1 6.0
49 61 66 40 36 80 40 3537 2 20 7 2 0 40 8 5 0 5.0
50 43 19 40 38 81 40 1407 1 23 18 3 0 5.0
51 21 65 40 60 46 40 4997 3 15 14 9 0 9 9 6 0 20 13 13 0 6.0
52 21 60 40 23 44 40 2489 1 12 10 5 0 4.0
53 36 22 40 64 42 40 282 1 12 6 3 1 5.0
