5     53    45000 60    25    30   
0     40    50    0     40    50    1236  0     
1 58 57 40 27 17 40 2944 2 16 14 6 0 11 7 2 1 4.0
2 29 47 40 50 18 40 1721 1 11 11 11 0 5.0
3 47 59 40 25 45 40 6337 2 10 10 7 0 19 19 19 0 6.0
4 69 83 40 21 68 40 45000 3 12 11 18 0 10 7 2 0 17 17 11 1 4.0
5 55 46 40 39 77 40 11168 3 40 25 28 0 18 18 6 0 34 21 9 1 6.0
6 56 18 40 23 62 40 3281 1 29 22 6 0 6.0
7 55 24 40 67 56 40 5515 2 29 23 6 0 22 22 6 0 6.0
8 22 35 40 29 44 40 2712 3 15 8 6 0 10 10 6 1 13 12 30 1 6.0
9 27 71 40 45 82 40 45000 3 13 10 3 0 26 18 30 0 60 25 3 1 4.0
10 28 70 40 48 48 40 420 1 11 11 1 0 4.0
11 36 16 40 11 84 40 392 1 10 7 4 0 5.0
12 46 34 40 66 41 40 3866 1 13 13 13 0 4.0
13 26 15 40 33 36 40 9918 3 29 19 3 0 13 13 10 0 13 8 3 0 4.0
14 55 81 40 45 36 40 237 1 12 7 3 0 5.0
15 46 61 40 19 43 40 15441 2 19 19 25 0 29 25 18 1 6.0
16 62 41 40 39 63 40 23035 1 39 25 17 0 5.0
17 57 34 40 37 62 40 869 2 10 10 3 0 14 9 10 0 6.0
18 42 67 40 18 71 40 7553 3 10 10 10 0 13 13 13 0 38 25 5 0 5.0
19 22 77 40 60 59 40 45000 3 32 25 4 0 25 20 4 0 13 13 13 1 4.0
20 28 16 40 45 30 40 16883 2 23 23 26 0 11 8 5 0 5.0
21 60 23 40 51 17 40 4471 2 23 6 6 0 34 8 10 1 5.0
22 13 56 40 59 82 40 1966 3 11 8 13 0 11 8 2 1 14 14 14 1 6.0
23 58 47 40 66 84 40 883 3 11 9 8 0 16 11 16 0 10 8 5 1 6.0
24 43 62 40 11 33 40 859 1 13 11 8 0 6.0
25 14 83 40 22 28 40 14840 3 11 11 3 0 25 19 6 0 15 10 8 1 4.0
26 15 63 40 56 67 40 2275 1 12 9 12 0 4.0
27 45 83 40 20 84 40 4166 1 15 14 16 0 5.0
28 66 20 40 47 32 40 11605 1 15 12 11 0 4.0
29 26 42 40 29 67 40 13895 3 15 14 15 0 13 13 13 1 33 25 14 1 6.0
30 13 42 40 29 36 40 1654 2 12 10 8 0 11 7 7 0 5.0
31 22 50 40 47 71 40 45000 3 19 19 13 0 22 17 13 0 60 25 10 1 4.0
32 45 68 40 29 54 40 21201 3 11 8 10 0 25 16 15 0 16 16 25 0 4.0
33 44 48 40 55 21 40 5200 3 10 7 7 0 34 25 3 0 35 13 4 0 5.0
34 32 71 40 67 32 40 2154 2 8 7 6 0 14 11 8 0 5.0
35 66 72 40 58 81 40 12997 3 33 11 30 0 30 10 4 0 13 10 4 0 5.0
36 23 77 40 20 52 40 379 1 10 8 8 1 6.0
37 44 69 40 56 80 40 3760 3 13 10 6 0 13 9 9 0 10 10 10 1 5.0
38 39 19 40 21 56 40 8419 3 13 10 7 0 10 7 1 0 32 25 5 0 4.0
39 39 31 40 13 59 40 6482 3 16 16 6 0 22 22 7 0 32 7 7 1 5.0
40 52 29 40 39 41 40 29161 1 23 23 30 0 4.0
41 28 48 40 66 61 40 1758 2 23 13 10 0 12 10 3 1 6.0
42 19 18 40 23 67 40 5506 1 13 13 16 0 4.0
43 35 23 40 45 43 40 10054 2 12 11 10 0 10 8 13 1 4.0
44 70 44 40 61 39 40 2782 2 11 10 9 1 16 16 15 1 6.0
45 64 20 40 37 35 40 137 1 18 11 3 0 6.0
46 37 58 40 38 26 40 7133 1 19 19 6 0 4.0
47 17 19 40 42 47 40 4116 2 19 13 19 0 14 10 2 1 6.0
48 29 62 40 30 82 40 1140 1 10 10 10 0 5.0
49 20 38 40 23 38 40 20001 3 11 10 6 0 10 7 9 1 60 7 13 1 4.0
50 60 35 40 44 82 40 920 1 10 10 10 0 5.0
51 25 51 40 60 30 40 13948 2 48 25 13 0 18 11 1 0 6.0
52 34 42 40 49 36 40 45000 2 23 18 13 0 38 25 13 0 4.0
53 68 64 40 45 25 40 4141 1 24 24 8 0 5.0
