5     53    45000 60    25    30   
0     40    50    0     40    50    1236  0     
1 38 20 40 66 45 40 7327 2 24 18 5 0 11 6 8 0 4.0
2 37 24 40 23 45 40 21384 2 28 23 10 0 20 8 28 0 5.0
3 37 78 40 66 50 40 3640 3 10 9 4 0 22 18 14 0 8 6 6 0 6.0
4 36 71 40 45 29 40 2373 3 8 6 4 0 21 18 4 0 9 7 5 1 5.0
5 37 79 40 41 31 40 1389 1 26 21 12 1 6.0
6 61 47 40 20 54 40 2566 2 8 7 11 0 11 8 7 1 4.0
7 67 57 40 16 44 40 45000 4 30 17 4 0 35 15 10 0 23 18 8 1 23 20 5 1 4.0
8 55 45 40 45 26 40 2931 4 20 6 3 0 33 6 6 0 18 13 5 0 11 8 4 0 5.0
9 23 57 40 21 51 40 3545 3 41 25 2 0 10 7 3 1 13 9 6 1 5.0
10 57 50 40 46 75 40 5546 1 18 10 16 0 5.0
11 54 53 40 44 30 40 7314 2 9 6 5 0 53 20 5 0 5.0
12 35 75 40 42 71 40 14909 2 8 7 5 0 16 14 14 0 4.0
13 16 57 40 26 50 40 41680 4 15 15 5 0 13 13 5 0 33 23 10 0 8 6 2 1 4.0
14 44 20 40 57 54 40 30232 3 10 10 9 0 14 14 14 0 14 13 5 1 4.0
15 45 32 40 67 44 40 314 2 16 6 7 0 8 6 7 0 6.0
16 17 49 40 17 45 40 572 2 10 8 7 0 10 10 5 1 6.0
17 59 46 40 56 50 40 45000 5 32 19 30 0 13 8 4 0 11 9 4 0 8 8 8 0 33 24 6 1 4.0
18 62 57 40 21 55 40 3188 4 9 9 9 0 26 14 22 0 10 8 6 0 9 8 5 0 6.0
19 65 54 40 19 46 40 5641 2 8 6 4 0 15 11 9 1 4.0
20 58 57 40 27 51 40 318 1 9 8 5 0 6.0
21 40 28 40 67 56 40 2895 5 13 10 13 0 10 10 10 0 22 13 15 0 10 6 7 1 26 15 13 1 6.0
22 38 22 40 47 29 40 45000 4 17 14 18 0 10 8 8 0 23 23 14 0 28 13 13 1 4.0
23 61 53 40 21 49 40 418 2 14 8 3 0 24 12 4 0 6.0
24 46 21 40 64 46 40 99 1 10 8 5 0 6.0
25 59 44 40 45 25 40 43261 2 20 6 6 0 16 8 16 0 4.0
26 18 46 40 59 47 40 875 1 35 6 6 1 6.0
27 45 75 40 40 69 40 254 1 8 6 4 0 5.0
28 37 77 40 39 81 40 2921 2 8 6 3 0 41 15 4 1 5.0
29 47 26 40 40 70 40 16469 4 22 19 24 0 8 6 6 0 8 6 1 0 8 6 8 1 5.0
30 17 52 40 66 46 40 4504 4 22 15 3 0 9 7 4 0 8 8 8 0 31 11 5 1 5.0
31 37 80 40 34 28 40 15735 5 18 15 10 0 15 9 6 0 12 8 4 0 15 8 4 1 8 8 8 1 4.0
32 45 74 40 42 78 40 1505 5 15 8 6 0 17 11 6 0 19 11 13 0 10 8 5 1 10 8 1 1 6.0
33 15 47 40 40 75 40 21812 3 20 15 8 0 17 10 6 0 27 17 17 0 5.0
34 21 48 40 16 47 40 19724 5 18 18 4 0 8 6 4 0 8 8 8 0 8 8 10 0 25 17 15 1 4.0
35 45 20 40 42 31 40 799 2 10 8 7 0 9 7 5 1 5.0
36 66 48 40 15 48 40 751 1 11 11 13 0 6.0
37 39 26 40 24 50 40 26736 1 20 15 13 1 4.0
38 38 79 40 44 77 40 4083 2 17 17 23 0 10 8 5 1 6.0
39 42 77 40 45 28 40 40450 5 10 8 1 0 26 18 26 0 10 8 3 0 9 9 3 0 23 13 7 1 4.0
40 37 20 40 15 46 40 5737 2 10 7 6 0 33 25 12 0 6.0
41 41 71 40 54 47 40 14622 5 11 9 7 0 8 6 3 0 32 8 3 0 26 18 9 0 15 11 3 0 4.0
42 40 71 40 43 75 40 10828 2 51 23 10 0 10 8 6 0 5.0
43 43 24 40 44 32 40 4153 5 9 8 7 0 11 9 13 0 12 9 2 0 9 7 7 0 8 6 5 1 5.0
44 42 75 40 38 73 40 8129 3 9 8 5 0 15 8 30 0 8 6 3 1 5.0
45 26 57 40 15 49 40 1840 4 10 6 4 0 15 15 5 0 13 8 8 0 13 8 13 0 6.0
46 43 28 40 14 44 40 5653 2 10 10 3 0 10 7 4 1 4.0
47 56 47 40 40 32 40 14381 5 33 18 3 0 27 25 10 0 12 12 10 0 16 16 9 0 11 7 4 1 5.0
48 39 76 40 35 32 40 4604 3 27 6 4 0 21 16 13 1 15 10 2 1 6.0
49 27 45 40 42 69 40 45000 5 29 25 20 0 14 8 6 0 10 10 5 0 17 14 13 0 35 6 6 0 4.0
50 20 49 40 41 72 40 2254 2 25 20 10 0 33 13 22 1 6.0
51 41 79 40 65 46 40 20533 4 8 8 5 0 53 25 10 0 11 10 5 1 15 8 4 1 5.0
52 44 19 40 66 51 40 38881 5 23 20 10 0 11 7 5 0 25 15 20 0 26 6 7 0 18 10 15 0 4.0
53 59 55 40 56 51 40 27160 5 15 13 25 0 10 9 7 0 14 12 4 0 9 8 11 1 23 18 6 1 4.0
