5     53    45000 60    25    30   
0     40    50    0     40    50    1236  0     
1 24 69 40 33 32 40 6554 1 10 10 10 0 4.0
2 12 53 40 46 16 40 1932 1 23 18 8 0 6.0
3 31 51 40 40 79 40 2710 1 44 6 26 0 6.0
4 54 81 40 67 29 40 3937 4 16 9 9 0 12 7 3 0 11 6 1 0 8 5 5 0 4.0
5 57 56 40 57 67 40 4276 5 10 10 8 0 16 11 6 0 8 5 5 0 18 13 14 1 9 5 3 1 6.0
6 51 77 40 53 17 40 32531 5 8 7 3 0 10 10 10 0 18 18 18 0 18 7 2 0 10 10 14 1 4.0
7 43 28 40 28 79 40 21507 5 11 10 6 0 8 5 1 0 10 8 6 0 15 15 15 0 8 7 5 1 4.0
8 40 24 40 23 76 40 3019 5 10 10 12 0 12 10 10 0 52 25 1 0 15 15 15 0 46 12 6 1 6.0
9 15 73 40 38 77 40 3460 3 11 8 1 0 14 12 9 0 8 8 2 0 5.0
10 28 71 40 50 54 40 8015 5 9 5 4 0 34 5 5 0 34 17 4 0 11 5 2 1 10 9 3 1 4.0
11 37 67 40 40 82 40 534 1 13 7 5 0 5.0
12 58 49 40 28 51 40 19079 2 31 25 20 0 9 5 9 0 5.0
13 66 43 40 21 74 40 1478 1 12 4 13 0 4.0
14 68 50 40 61 37 40 373 1 25 5 5 0 6.0
15 63 44 40 23 19 40 2580 3 8 8 2 0 10 8 3 0 12 12 10 0 5.0
16 43 15 40 39 21 40 19131 1 22 22 22 1 5.0
17 14 28 40 45 23 40 1317 4 9 6 3 0 27 20 5 0 8 8 8 0 12 7 7 1 6.0
18 34 23 40 45 39 40 13474 5 27 23 9 0 18 14 27 0 9 8 9 0 10 7 4 0 30 14 21 0 6.0
19 65 23 40 17 46 40 8872 3 8 5 1 0 19 7 11 0 28 17 10 1 5.0
20 44 49 40 43 25 40 32438 4 30 20 20 0 28 25 8 0 30 25 4 0 25 18 17 0 5.0
21 13 38 40 33 75 40 21408 4 30 9 10 0 17 12 11 0 8 5 5 0 10 8 10 1 4.0
22 42 72 40 66 51 40 1552 1 24 10 2 0 4.0
23 57 38 40 64 28 40 6774 3 18 15 15 0 30 14 10 0 10 8 2 1 6.0
24 13 34 40 22 55 40 51 1 8 6 2 0 6.0
25 52 62 40 64 74 40 44376 1 32 22 18 0 4.0
26 46 81 40 27 82 40 8148 5 12 10 8 0 8 5 3 0 10 10 10 1 10 9 6 1 46 20 5 1 5.0
27 62 76 40 19 58 40 1715 1 10 8 15 0 5.0
28 13 43 40 41 29 40 1428 1 18 18 5 0 6.0
29 27 26 40 15 42 40 12209 4 29 21 11 0 11 7 7 1 22 7 5 1 16 11 1 1 5.0
30 42 58 40 36 54 40 11852 2 8 8 13 0 18 10 15 0 4.0
31 43 54 40 43 21 40 11682 4 8 8 8 0 10 10 5 0 9 7 7 0 30 7 7 1 4.0
32 23 33 40 15 80 40 4036 4 10 10 10 0 9 6 8 0 16 12 2 0 14 11 6 1 5.0
33 58 55 40 14 23 40 4487 4 17 10 30 0 26 6 6 0 8 8 5 1 26 25 3 1 6.0
34 57 36 40 29 31 40 14649 5 25 9 10 0 10 5 2 0 17 17 6 0 17 6 1 0 34 6 4 1 4.0
35 36 49 40 21 41 40 803 1 20 15 2 0 5.0
36 42 59 40 27 54 40 2355 1 12 12 8 0 4.0
37 40 84 40 25 34 40 2279 1 8 8 5 0 4.0
38 41 68 40 30 31 40 2932 5 17 11 11 0 10 8 4 0 10 5 2 0 15 11 6 0 8 8 6 1 6.0
39 16 47 40 11 61 40 15150 5 12 9 1 0 15 11 25 0 8 5 2 0 10 10 7 1 17 17 2 1 4.0
40 32 33 40 10 40 40 14932 2 8 7 6 0 18 10 12 1 4.0
41 55 60 40 49 28 40 2580 3 10 10 5 0 8 5 3 0 21 16 14 0 6.0
42 25 15 40 34 31 40 444 1 8 8 13 1 6.0
43 30 79 40 65 81 40 16920 4 9 7 6 0 10 10 13 1 17 12 11 1 20 20 16 1 5.0
44 43 73 40 54 40 40 7447 5 10 8 5 0 21 7 12 0 9 9 1 0 25 6 6 0 20 15 10 1 5.0
45 18 64 40 13 25 40 6822 2 27 8 25 0 16 12 6 0 6.0
46 62 71 40 34 55 40 45000 5 9 6 1 0 9 5 2 0 18 12 27 0 32 25 30 1 8 6 3 1 4.0
47 13 81 40 35 28 40 19262 5 13 8 6 0 8 6 4 0 9 9 9 0 8 6 8 0 10 8 7 1 4.0
48 52 48 40 13 16 40 10039 1 28 24 19 0 6.0
49 62 26 40 37 50 40 4391 4 8 5 5 0 21 16 5 0 13 7 4 0 9 5 2 0 5.0
50 66 76 40 40 25 40 7935 5 10 10 17 0 15 15 17 0 9 5 1 1 8 6 6 1 22 13 4 1 5.0
51 39 84 40 31 73 40 868 1 10 10 10 1 6.0
52 40 56 40 30 17 40 22802 4 25 8 7 0 11 8 14 0 14 11 11 0 15 13 6 0 4.0
53 30 74 40 11 25 40 6464 4 13 13 5 0 20 12 11 0 10 10 1 0 20 17 4 0 5.0
