5     53    45000 60    25    30   
0     40    50    0     40    50    1236  0     
1 16 46 40 17 49 40 30462 2 10 10 10 0 24 19 8 1 4.0
2 63 47 40 45 23 40 5621 3 47 6 28 0 17 9 9 0 13 7 4 0 6.0
3 22 47 40 56 46 40 1001 4 12 6 2 0 8 6 6 0 11 10 8 0 17 12 6 1 6.0
4 37 28 40 24 47 40 12224 5 8 6 6 0 19 14 15 0 9 6 3 0 8 8 3 0 10 10 10 1 4.0
5 57 56 40 34 28 40 7863 4 19 19 19 0 19 8 3 0 11 11 15 0 12 11 7 1 6.0
6 40 75 40 14 50 40 180 1 8 6 1 0 4.0
7 45 75 40 43 23 40 35057 5 10 8 6 0 16 16 16 0 9 8 6 0 11 11 13 0 13 10 10 1 4.0
8 66 49 40 22 44 40 3314 4 55 25 2 0 16 16 16 0 49 13 7 1 12 8 1 1 6.0
9 21 44 40 46 25 40 13804 5 15 13 10 0 8 8 3 0 9 6 4 1 36 6 6 1 36 18 5 1 5.0
10 44 76 40 25 52 40 465 1 12 6 3 1 4.0
11 64 53 40 63 50 40 892 2 10 9 3 0 14 7 5 1 5.0
12 42 79 40 55 48 40 21431 2 33 25 21 0 10 6 9 1 5.0
13 42 73 40 43 32 40 9664 5 13 5 14 0 26 6 6 0 8 8 3 0 11 8 4 0 13 13 10 1 4.0
14 60 52 40 42 69 40 8256 1 24 24 24 0 6.0
15 16 52 40 42 81 40 6623 4 9 7 4 0 29 21 5 0 8 8 8 0 13 8 8 1 5.0
16 37 80 40 40 73 40 27354 2 29 24 10 0 19 15 29 0 5.0
17 47 72 40 44 73 40 4018 4 10 9 10 0 11 8 5 0 31 15 23 1 8 6 1 1 6.0
18 59 50 40 37 26 40 18993 5 20 8 12 0 29 18 10 0 31 21 21 0 29 25 9 0 31 25 5 1 6.0
19 34 79 40 54 46 40 21743 4 26 19 18 0 31 10 11 0 18 13 12 0 8 6 5 0 5.0
20 43 29 40 36 30 40 13173 5 11 8 11 0 25 10 3 0 19 16 16 0 31 15 10 0 10 8 3 0 5.0
21 47 19 40 26 52 40 45000 5 8 6 2 0 34 24 19 0 13 10 9 0 8 6 3 0 10 10 10 0 4.0
22 46 75 40 20 56 40 2037 1 10 9 7 0 4.0
23 45 76 40 42 77 40 13009 4 49 21 5 0 10 8 16 0 19 19 5 1 30 22 12 1 6.0
24 40 81 40 44 78 40 314 1 12 7 7 0 6.0
25 24 56 40 42 26 40 18693 4 24 8 5 0 17 12 1 0 9 9 14 1 19 10 16 1 4.0
26 22 50 40 43 25 40 823 1 9 9 9 0 5.0
27 67 50 40 55 55 40 1415 2 10 10 5 1 10 7 7 1 5.0
28 34 22 40 18 55 40 1749 1 31 8 8 1 6.0
29 43 81 40 44 26 40 4514 4 10 10 10 0 9 7 8 0 17 13 2 1 15 12 6 1 5.0
30 60 50 40 59 44 40 18120 1 18 10 30 0 4.0
31 44 82 40 44 20 40 24367 5 27 6 6 0 8 8 5 0 27 25 3 0 26 10 10 0 10 6 3 1 4.0
32 24 49 40 37 82 40 8620 5 18 18 7 0 18 6 2 0 36 7 4 0 21 16 3 0 13 13 8 0 5.0
33 35 25 40 67 48 40 1573 2 8 8 5 0 18 12 12 0 6.0
34 43 78 40 59 53 40 6888 4 11 9 4 0 10 6 3 0 16 12 7 0 9 8 6 1 4.0
35 60 53 40 60 48 40 9667 5 13 9 2 0 16 12 26 0 8 6 3 0 11 10 8 0 18 18 3 0 5.0
36 34 21 40 45 74 40 773 1 9 7 6 0 4.0
37 63 48 40 43 77 40 17591 1 19 10 13 0 4.0
38 56 54 40 38 27 40 5661 4 10 10 5 0 8 6 4 1 22 17 15 1 9 9 14 1 6.0
39 66 52 40 46 24 40 33084 4 9 8 7 0 10 10 14 1 18 13 12 1 21 21 17 1 4.0
40 45 71 40 39 79 40 16559 2 10 8 6 0 22 8 13 0 4.0
41 64 46 40 40 24 40 5803 5 10 10 1 0 26 6 6 0 21 16 10 1 29 8 26 1 17 13 7 1 6.0
42 35 19 40 47 25 40 58 1 9 6 2 0 6.0
43 55 53 40 34 31 40 45000 4 10 6 3 0 19 13 28 0 33 25 30 0 9 6 4 1 5.0
44 16 49 40 15 46 40 2890 4 14 9 7 0 9 6 5 0 9 9 9 0 8 7 9 0 5.0
45 46 31 40 46 21 40 666 1 10 8 8 0 6.0
46 25 44 40 19 46 40 45000 2 29 25 20 0 8 6 6 0 4.0
47 24 48 40 44 21 40 45000 5 23 17 5 0 14 7 4 0 10 6 2 0 10 10 18 0 16 16 18 0 4.0
48 19 50 40 21 51 40 94 1 10 6 2 0 6.0
49 64 48 40 25 50 40 8642 4 9 7 6 0 24 14 4 0 10 10 10 0 26 9 8 0 5.0
50 38 79 40 24 50 40 1632 1 12 8 15 0 5.0
51 15 55 40 63 54 40 1875 1 15 12 12 0 6.0
52 57 50 40 37 81 40 24711 4 16 14 6 0 14 14 5 0 22 13 12 0 10 10 2 0 4.0
53 20 46 40 55 47 40 1977 1 21 18 4 0 5.0
