5     53    45000 60    25    30   
0     40    50    0     40    50    1236  0     
1 42 23 40 57 47 40 4152 1 17 8 13 0 4.0
2 22 55 40 54 44 40 232 1 8 6 12 0 6.0
3 47 19 40 14 57 40 33 1 8 5 2 0 6.0
4 22 56 40 46 20 40 45000 4 17 17 20 0 13 5 1 0 10 9 7 0 20 10 10 0 4.0
5 20 52 40 38 30 40 1778 5 15 15 15 0 23 17 9 0 8 6 1 0 25 15 2 1 8 6 1 1 6.0
6 20 46 40 47 20 40 17829 5 30 25 30 0 10 10 10 0 10 10 8 0 18 12 3 0 11 7 1 1 6.0
7 60 57 40 16 52 40 5234 5 10 10 7 0 9 9 8 0 13 10 6 0 13 13 3 0 13 7 4 1 5.0
8 46 24 40 23 49 40 22888 5 22 17 7 0 18 16 9 0 15 15 15 0 13 9 6 0 8 7 5 1 4.0
9 38 31 40 56 53 40 5684 3 8 6 1 0 9 8 5 0 24 18 7 0 5.0
10 39 24 40 43 30 40 16984 5 10 7 5 0 16 6 9 0 15 13 9 0 25 25 2 1 15 8 5 1 4.0
11 37 82 40 43 72 40 573 1 10 8 5 0 5.0
12 45 74 40 56 49 40 4364 2 8 5 4 0 15 15 15 0 5.0
13 24 50 40 39 78 40 2309 1 23 17 2 0 4.0
14 38 75 40 61 44 40 180 1 11 7 3 0 6.0
15 42 25 40 41 32 40 7145 3 30 15 2 0 21 10 7 0 25 17 10 0 5.0
16 55 49 40 44 29 40 45000 1 42 22 27 1 4.0
17 40 29 40 23 56 40 6720 4 10 10 10 0 11 9 10 0 15 10 10 0 34 5 5 1 5.0
18 45 19 40 22 47 40 6067 5 17 10 30 0 8 5 4 0 9 5 2 0 35 12 7 0 18 14 7 0 6.0
19 62 46 40 61 45 40 26228 3 26 13 22 0 11 7 3 0 10 6 3 1 4.0
20 24 44 40 36 78 40 43515 4 27 15 30 0 52 20 5 0 30 25 5 0 8 6 15 0 4.0
21 62 50 40 65 54 40 7802 4 28 16 5 0 24 9 9 0 20 11 3 0 10 10 10 1 5.0
22 16 53 40 14 49 40 1776 1 25 16 3 0 5.0
23 39 26 40 60 54 40 7681 3 25 6 7 0 10 10 10 0 15 7 7 1 4.0
24 47 25 40 56 54 40 4988 1 23 13 9 0 5.0
25 26 47 40 43 20 40 12551 1 20 10 12 0 4.0
26 40 75 40 39 75 40 871 5 12 12 2 0 21 6 7 0 23 16 5 1 9 5 3 1 15 10 10 1 6.0
27 26 53 40 41 81 40 378 1 10 10 6 0 6.0
28 58 51 40 64 54 40 27377 1 23 11 19 0 4.0
29 45 75 40 43 76 40 2089 4 17 5 6 0 15 15 5 1 15 15 10 1 12 8 1 1 6.0
30 39 76 40 19 49 40 6389 2 14 14 30 0 20 15 25 0 6.0
31 40 76 40 60 53 40 18941 4 25 6 6 0 10 8 2 0 21 14 11 0 13 8 8 1 4.0
32 36 20 40 27 50 40 6899 4 18 17 11 0 8 6 6 0 19 16 5 0 15 5 9 1 5.0
33 63 53 40 60 56 40 17285 4 9 7 3 0 10 10 7 0 20 15 25 1 9 9 6 1 5.0
34 67 52 40 66 45 40 21383 5 12 11 7 0 22 22 8 0 8 5 1 0 11 9 7 0 13 13 2 1 4.0
35 40 69 40 41 75 40 399 1 11 8 7 0 6.0
36 41 28 40 37 71 40 51 1 8 6 2 0 6.0
37 20 50 40 60 55 40 2495 1 20 20 9 0 6.0
38 40 71 40 41 25 40 7115 5 16 15 16 0 22 17 7 0 13 12 10 0 14 8 11 0 9 8 4 1 6.0
39 18 54 40 34 81 40 11049 5 8 8 6 0 16 10 18 0 8 5 1 0 42 25 5 1 12 7 3 1 5.0
40 15 55 40 40 22 40 4276 2 12 5 5 0 20 14 10 1 5.0
41 59 56 40 35 75 40 4673 3 15 8 8 0 17 12 5 0 15 14 8 0 5.0
42 38 71 40 17 48 40 572 1 25 18 5 1 6.0
43 60 47 40 24 52 40 42139 4 15 10 30 0 13 12 5 1 10 9 9 1 12 12 12 1 4.0
44 35 76 40 37 69 40 4647 5 10 10 7 0 12 9 4 0 15 15 15 0 8 8 5 0 11 8 8 1 5.0
45 36 23 40 20 51 40 7615 2 22 17 7 0 9 7 5 0 4.0
46 22 57 40 27 56 40 19408 5 9 8 6 0 8 8 8 0 21 17 3 0 17 17 8 1 17 13 7 1 4.0
47 43 23 40 38 22 40 2666 5 12 7 2 0 10 8 2 0 34 6 4 0 28 8 8 0 12 11 4 1 6.0
48 55 52 40 37 74 40 845 1 16 12 12 0 6.0
49 47 26 40 19 56 40 20354 4 10 8 7 0 19 14 15 0 8 5 4 0 15 15 18 0 4.0
50 60 44 40 44 20 40 20725 5 10 10 14 0 16 8 30 0 18 18 30 1 14 9 5 1 9 7 6 1 5.0
51 38 82 40 39 81 40 120 1 8 8 2 1 5.0
52 64 44 40 44 74 40 19684 4 20 17 5 0 24 12 18 0 8 5 1 0 8 7 4 0 4.0
53 34 70 40 58 50 40 15043 4 10 8 1 0 17 5 5 0 7 7 8 0 21 21 15 0 4.0
