5     53    45000 60    25    30   
0     40    50    0     40    50    1236  0     
1 58 57 40 27 17 40 9321 2 21 9 16 0 9 7 15 1 4.0
2 29 47 40 50 18 40 65 1 9 6 3 0 6.0
3 47 59 40 25 45 40 4222 2 21 21 23 0 16 6 2 0 6.0
4 69 83 40 21 68 40 45000 3 12 11 8 0 23 12 12 0 18 18 18 1 4.0
5 55 46 40 39 77 40 1825 3 27 21 11 0 9 8 2 0 29 18 3 1 6.0
6 56 18 40 23 62 40 90 1 9 7 2 0 6.0
7 55 24 40 67 56 40 45000 2 33 25 30 0 11 11 11 0 5.0
8 22 35 40 29 44 40 6474 3 12 12 9 0 21 14 4 1 13 9 2 1 4.0
9 27 71 40 45 82 40 6694 3 12 12 9 0 11 11 10 0 16 12 8 1 5.0
10 28 70 40 48 48 40 3609 1 16 16 4 0 4.0
11 36 16 40 11 84 40 860 1 15 8 5 0 5.0
12 46 34 40 66 41 40 6067 1 26 21 9 0 5.0
13 26 15 40 33 36 40 33587 3 21 19 11 0 18 18 18 0 15 11 7 0 4.0
14 55 81 40 45 36 40 380 1 9 9 6 0 6.0
15 46 61 40 19 43 40 863 2 10 7 2 0 11 10 6 1 5.0
16 62 41 40 39 63 40 12011 1 28 22 9 0 4.0
17 57 34 40 37 62 40 3592 2 12 9 6 0 19 8 11 0 5.0
18 42 67 40 18 71 40 3811 3 18 16 11 0 29 25 3 0 18 9 6 0 6.0
19 22 77 40 60 59 40 22562 3 12 9 6 0 9 6 5 0 18 18 18 1 4.0
20 28 16 40 45 30 40 3279 2 28 21 2 0 13 9 4 0 4.0
21 60 23 40 51 17 40 5727 2 35 18 3 0 25 12 8 1 5.0
22 13 56 40 59 82 40 45000 3 28 19 11 0 46 25 30 1 11 11 11 1 5.0
23 58 47 40 66 84 40 15853 3 13 11 12 0 18 12 12 0 40 6 6 1 4.0
24 43 62 40 11 33 40 14013 1 21 12 30 0 5.0
25 14 83 40 22 28 40 31393 3 9 6 5 0 11 6 3 0 41 15 9 1 4.0
26 15 63 40 56 67 40 603 1 21 17 9 0 6.0
27 45 83 40 20 84 40 8124 1 31 16 26 0 6.0
28 66 20 40 47 32 40 2665 1 13 9 4 0 4.0
29 26 42 40 29 67 40 13613 3 12 8 4 0 32 18 30 1 60 23 6 1 6.0
30 13 42 40 29 36 40 3048 2 35 25 6 0 9 7 18 0 6.0
31 22 50 40 47 71 40 31031 3 33 19 6 0 28 11 11 0 24 13 4 1 4.0
32 45 68 40 29 54 40 6792 3 12 12 12 0 29 19 4 0 29 7 9 0 5.0
33 44 48 40 55 21 40 15203 3 12 12 12 0 18 9 9 0 28 15 11 0 5.0
34 32 71 40 67 32 40 17549 2 23 12 15 0 15 15 3 0 4.0
35 66 72 40 58 81 40 3068 3 25 7 8 0 27 19 6 0 11 6 4 0 6.0
36 23 77 40 20 52 40 1374 1 18 12 12 1 6.0
37 44 69 40 56 80 40 6960 3 12 12 7 0 27 13 23 0 20 6 8 1 6.0
38 39 19 40 21 56 40 4463 3 18 18 6 0 18 18 12 0 15 10 1 0 6.0
39 39 31 40 13 59 40 26482 3 16 16 30 0 23 18 29 0 29 7 7 1 5.0
40 52 29 40 39 41 40 298 1 12 9 2 0 5.0
41 28 48 40 66 61 40 8191 2 25 16 13 0 15 9 9 1 5.0
42 19 18 40 23 67 40 1527 1 22 21 13 0 6.0
43 35 23 40 45 43 40 16623 2 9 8 8 0 22 19 6 1 4.0
44 70 44 40 61 39 40 1331 2 18 6 11 1 11 9 4 1 5.0
45 64 20 40 37 35 40 2991 1 12 12 8 0 4.0
46 37 58 40 38 26 40 39668 1 23 18 29 0 4.0
47 17 19 40 42 47 40 2002 2 11 11 7 0 15 13 9 1 6.0
48 29 62 40 30 82 40 2385 1 26 25 10 0 6.0
49 20 38 40 23 38 40 4568 3 9 6 1 0 13 11 8 1 16 16 3 1 4.0
50 60 35 40 44 82 40 1350 1 13 10 8 0 5.0
51 25 51 40 60 30 40 6095 2 10 7 2 0 24 24 11 0 5.0
52 34 42 40 49 36 40 31427 2 19 18 19 0 26 21 9 0 4.0
53 68 64 40 45 25 40 5383 1 16 14 12 0 4.0
