5     53    45000 60    25    30   
0     40    50    0     40    50    1236  0     
1 39 30 40 35 71 40 2755 2 16 13 6 0 11 7 2 1 4.0
2 62 61 40 60 44 40 2470 2 11 10 11 0 10 10 7 1 5.0
3 39 31 40 38 72 40 4889 1 18 18 18 1 6.0
4 62 64 40 66 39 40 45000 3 12 10 17 0 10 7 2 0 17 17 10 0 4.0
5 20 59 40 65 41 40 11168 3 40 25 28 0 18 18 6 0 34 21 9 1 6.0
6 23 66 40 46 75 40 8603 3 28 21 6 0 28 23 6 0 21 21 6 0 6.0
7 46 29 40 23 35 40 4465 3 14 8 6 0 10 10 6 0 12 12 30 0 6.0
8 56 56 40 40 80 40 8298 3 12 10 3 0 25 18 30 0 60 25 3 0 6.0
9 56 61 40 23 36 40 1041 2 11 11 1 0 10 7 4 0 4.0
10 20 62 40 58 40 40 17121 3 12 12 12 0 28 18 3 1 13 13 10 1 4.0
11 53 64 40 23 42 40 790 2 13 8 3 0 12 7 3 0 5.0
12 63 65 40 43 70 40 14252 1 18 18 25 1 4.0
13 45 32 40 22 43 40 45000 2 28 25 17 0 38 25 17 0 4.0
14 44 20 40 62 44 40 283 1 10 10 3 0 5.0
15 62 65 40 24 40 40 1448 2 13 9 10 0 10 9 10 0 6.0
16 26 58 40 46 82 40 13137 3 12 12 12 0 37 25 5 0 31 25 4 0 5.0
17 16 57 40 44 69 40 9439 3 25 20 4 0 12 12 12 0 23 23 25 0 6.0
18 64 60 40 47 76 40 3281 3 10 7 5 0 22 6 6 0 33 7 10 0 5.0
19 19 67 40 46 69 40 31507 3 11 8 13 0 11 7 2 1 13 13 13 1 4.0
20 38 19 40 16 40 40 749 1 10 9 7 0 5.0
21 28 61 40 64 37 40 3289 2 15 10 15 0 9 8 5 1 5.0
22 41 24 40 21 47 40 406 1 12 10 7 0 6.0
23 39 21 40 64 45 40 639 2 10 10 2 0 25 18 6 1 6.0
24 21 67 40 56 36 40 1762 2 15 10 7 0 12 9 12 1 6.0
25 62 57 40 21 34 40 10492 1 15 13 16 0 4.0
26 57 66 40 53 39 40 11116 3 14 12 10 0 15 13 15 0 12 12 12 0 4.0
27 16 60 40 47 80 40 13937 2 32 25 13 0 12 10 7 1 5.0
28 35 25 40 25 45 40 25660 2 10 7 7 0 18 18 12 0 4.0
29 38 30 40 25 43 40 14624 2 21 17 12 0 60 25 9 0 6.0
30 34 24 40 53 46 40 794 1 10 8 9 1 5.0
31 59 56 40 34 75 40 27491 3 25 15 14 0 15 15 25 0 10 7 7 0 4.0
32 18 58 40 59 38 40 5160 2 32 25 2 0 34 12 4 0 4.0
33 20 64 40 36 73 40 359 1 8 7 6 0 5.0
34 15 63 40 39 73 40 16030 3 13 10 7 0 32 10 30 0 29 10 4 1 5.0
35 60 55 40 54 40 40 1000 2 12 10 4 1 10 7 7 1 5.0
36 65 56 40 15 41 40 384 1 12 9 6 0 6.0
37 54 63 40 28 35 40 1398 1 13 9 9 0 5.0
38 40 25 40 42 75 40 2790 2 10 9 9 0 12 10 7 0 4.0
39 22 65 40 40 71 40 70 1 10 7 1 0 5.0
40 40 32 40 35 75 40 7120 1 31 25 5 0 4.0
41 20 54 40 56 35 40 3126 3 15 15 6 1 21 21 7 1 31 7 7 1 6.0
42 58 64 40 63 42 40 28581 1 22 22 29 0 4.0
43 28 57 40 21 36 40 13291 2 23 12 10 0 12 10 3 1 4.0
44 43 22 40 65 36 40 2465 3 12 12 15 0 12 10 9 0 10 8 13 1 6.0
45 16 56 40 16 35 40 207 1 10 10 9 0 6.0
46 41 25 40 59 40 40 12053 2 15 15 14 0 17 10 3 0 4.0
47 59 64 40 44 81 40 5021 3 18 18 6 0 18 12 18 0 13 9 2 1 6.0
48 46 31 40 18 41 40 1140 1 10 10 10 1 5.0
49 24 63 40 17 43 40 3822 2 11 10 6 0 10 7 9 1 4.0
50 39 32 40 20 47 40 4636 1 60 7 12 0 5.0
51 21 56 40 62 34 40 13067 2 10 10 10 0 46 25 12 0 6.0
52 57 64 40 43 69 40 13061 2 17 11 1 0 22 17 12 1 4.0
53 63 64 40 26 40 40 13302 2 37 25 12 0 23 23 7 0 5.0
