5     53    45000 60    25    30   
0     40    50    0     40    50    1236  0     
1 24 69 40 33 32 40 9159 1 28 20 6 1 4.0
2 12 53 40 46 16 40 18713 2 12 7 9 0 32 25 11 0 5.0
3 31 51 40 40 79 40 3650 1 23 9 30 0 6.0
4 54 81 40 67 29 40 10786 3 12 10 4 0 26 20 16 1 9 7 6 1 5.0
5 57 56 40 57 67 40 665 3 9 6 4 0 24 21 5 0 10 8 5 1 6.0
6 51 77 40 53 17 40 23904 3 30 25 13 0 9 8 12 0 12 9 8 1 4.0
7 43 28 40 28 79 40 45000 2 35 19 5 0 41 18 12 1 4.0
8 40 24 40 23 76 40 8289 3 26 20 9 0 26 23 6 0 23 6 3 1 5.0
9 15 73 40 38 77 40 4491 3 38 6 6 0 20 15 6 0 13 9 5 0 5.0
10 28 71 40 50 54 40 4525 1 47 25 2 1 5.0
11 37 67 40 40 82 40 504 1 12 8 4 0 5.0
12 58 49 40 28 51 40 21604 2 15 11 6 0 20 11 18 0 4.0
13 66 43 40 21 74 40 37294 2 10 6 6 0 60 23 6 1 4.0
14 68 50 40 61 37 40 32980 2 9 8 5 0 18 16 16 1 4.0
15 63 44 40 23 19 40 606 1 18 18 6 0 6.0
16 43 15 40 39 21 40 7041 2 15 15 6 0 39 25 12 0 6.0
17 14 28 40 45 23 40 4339 2 9 6 2 0 12 12 11 0 4.0
18 34 23 40 45 39 40 2050 3 16 16 16 0 16 15 5 0 18 6 8 1 6.0
19 65 23 40 17 46 40 7266 3 9 7 8 0 11 9 8 0 12 12 6 0 4.0
20 44 49 40 43 25 40 22066 2 37 22 30 0 15 9 4 1 6.0
21 13 38 40 33 75 40 139 1 12 10 5 0 6.0
22 42 72 40 66 51 40 4265 1 9 9 9 0 4.0
23 57 38 40 64 28 40 5428 3 39 25 6 0 10 10 10 0 30 16 26 0 6.0
24 13 34 40 22 55 40 309 2 12 9 6 0 11 9 6 0 6.0
25 52 62 40 64 74 40 37135 2 9 6 4 0 18 12 10 0 4.0
26 46 81 40 27 82 40 3386 3 10 9 5 0 15 12 15 0 12 12 12 1 6.0
27 62 76 40 19 58 40 8788 1 26 15 17 0 5.0
28 13 43 40 41 29 40 9334 2 12 7 8 0 30 17 15 0 5.0
29 27 26 40 15 42 40 11782 2 20 16 21 0 12 9 9 0 5.0
30 42 58 40 36 54 40 13543 1 26 25 16 1 5.0
31 43 54 40 43 21 40 30455 3 33 15 15 0 16 9 4 0 28 13 4 1 4.0
32 23 33 40 15 80 40 1501 3 12 9 6 0 23 7 7 0 19 9 19 0 6.0
33 58 55 40 14 23 40 2799 1 40 6 6 0 5.0
34 57 36 40 29 31 40 10279 3 9 7 4 0 9 6 4 0 47 18 5 1 4.0
35 36 49 40 21 41 40 14106 1 26 22 27 0 5.0
36 42 59 40 27 54 40 206 2 9 7 6 0 9 6 1 0 6.0
37 40 84 40 25 34 40 3887 1 9 7 9 0 4.0
38 41 68 40 30 31 40 1037 2 25 18 3 0 11 8 5 0 6.0
39 16 47 40 11 61 40 21439 3 9 9 9 0 36 13 6 0 20 18 12 0 4.0
40 32 33 40 10 40 40 700 1 18 10 7 1 6.0
41 55 60 40 49 28 40 4191 3 13 9 4 1 17 9 4 1 9 9 9 1 4.0
42 25 15 40 34 31 40 862 1 18 9 6 0 5.0
43 30 79 40 65 81 40 9299 2 19 13 7 0 22 13 15 0 5.0
44 43 73 40 54 40 40 8467 3 12 9 6 0 12 9 1 0 23 17 9 1 5.0
45 18 64 40 13 25 40 828 1 19 12 7 0 6.0
46 62 71 40 34 55 40 45000 1 31 19 19 0 4.0
47 13 81 40 35 28 40 2532 2 20 20 5 0 9 6 4 1 5.0
48 52 48 40 13 16 40 1473 2 9 9 9 0 9 9 12 0 6.0
49 62 26 40 37 50 40 24893 2 29 19 18 0 12 9 8 1 4.0
50 66 76 40 40 25 40 1389 3 11 8 6 0 12 12 15 0 23 18 15 1 6.0
51 39 84 40 31 73 40 15538 2 20 20 26 0 12 9 6 1 5.0
52 40 56 40 30 17 40 45000 2 12 9 1 0 30 21 30 0 4.0
53 30 74 40 11 25 40 1793 2 12 9 3 0 10 10 3 1 4.0
