5     53    45000 60    25    30   
0     40    50    0     40    50    1236  0     
1 42 23 40 57 47 40 9159 1 28 20 6 1 4.0
2 22 55 40 54 44 40 18713 2 12 7 9 0 32 25 11 0 5.0
3 47 19 40 14 57 40 3650 1 23 9 30 0 6.0
4 22 56 40 46 20 40 10786 3 12 10 4 0 26 20 16 1 9 7 6 1 5.0
5 20 52 40 38 30 40 665 3 9 6 4 0 24 21 5 0 10 8 5 1 6.0
6 20 46 40 47 20 40 23904 3 30 25 13 0 9 8 12 0 12 9 8 1 4.0
7 60 57 40 16 52 40 45000 2 35 19 5 0 41 18 12 1 4.0
8 46 24 40 23 49 40 8289 3 26 20 9 0 26 23 6 0 23 6 3 1 5.0
9 38 31 40 56 53 40 4491 3 38 6 6 0 20 15 6 0 13 9 5 0 5.0
10 39 24 40 43 30 40 4525 1 47 25 2 1 5.0
11 37 82 40 43 72 40 504 1 12 8 4 0 5.0
12 45 74 40 56 49 40 21604 2 15 11 6 0 20 11 18 0 4.0
13 24 50 40 39 78 40 37294 2 10 6 6 0 60 23 6 1 4.0
14 38 75 40 61 44 40 32980 2 9 8 5 0 18 16 16 1 4.0
15 42 25 40 41 32 40 606 1 18 18 6 0 6.0
16 55 49 40 44 29 40 7041 2 15 15 6 0 39 25 12 0 6.0
17 40 29 40 23 56 40 4339 2 9 6 2 0 12 12 11 0 4.0
18 45 19 40 22 47 40 2050 3 16 16 16 0 16 15 5 0 18 6 8 1 6.0
19 62 46 40 61 45 40 7266 3 9 7 8 0 11 9 8 0 12 12 6 0 4.0
20 24 44 40 36 78 40 22066 2 37 22 30 0 15 9 4 1 6.0
21 62 50 40 65 54 40 139 1 12 10 5 0 6.0
22 16 53 40 14 49 40 4265 1 9 9 9 0 4.0
23 39 26 40 60 54 40 5428 3 39 25 6 0 10 10 10 0 30 16 26 0 6.0
24 47 25 40 56 54 40 309 2 12 9 6 0 11 9 6 0 6.0
25 26 47 40 43 20 40 37135 2 9 6 4 0 18 12 10 0 4.0
26 40 75 40 39 75 40 3386 3 10 9 5 0 15 12 15 0 12 12 12 1 6.0
27 26 53 40 41 81 40 8788 1 26 15 17 0 5.0
28 58 51 40 64 54 40 9334 2 12 7 8 0 30 17 15 0 5.0
29 45 75 40 43 76 40 11782 2 20 16 21 0 12 9 9 0 5.0
30 39 76 40 19 49 40 13543 1 26 25 16 1 5.0
31 40 76 40 60 53 40 30455 3 33 15 15 0 16 9 4 0 28 13 4 1 4.0
32 36 20 40 27 50 40 1501 3 12 9 6 0 23 7 7 0 19 9 19 0 6.0
33 63 53 40 60 56 40 2799 1 40 6 6 0 5.0
34 67 52 40 66 45 40 10279 3 9 7 4 0 9 6 4 0 47 18 5 1 4.0
35 40 69 40 41 75 40 14106 1 26 22 27 0 5.0
36 41 28 40 37 71 40 206 2 9 7 6 0 9 6 1 0 6.0
37 20 50 40 60 55 40 3887 1 9 7 9 0 4.0
38 40 71 40 41 25 40 1037 2 25 18 3 0 11 8 5 0 6.0
39 18 54 40 34 81 40 21439 3 9 9 9 0 36 13 6 0 20 18 12 0 4.0
40 15 55 40 40 22 40 700 1 18 10 7 1 6.0
41 59 56 40 35 75 40 4191 3 13 9 4 1 17 9 4 1 9 9 9 1 4.0
42 38 71 40 17 48 40 862 1 18 9 6 0 5.0
43 60 47 40 24 52 40 9299 2 19 13 7 0 22 13 15 0 5.0
44 35 76 40 37 69 40 8467 3 12 9 6 0 12 9 1 0 23 17 9 1 5.0
45 36 23 40 20 51 40 828 1 19 12 7 0 6.0
46 22 57 40 27 56 40 45000 1 31 19 19 0 4.0
47 43 23 40 38 22 40 2532 2 20 20 5 0 9 6 4 1 5.0
48 55 52 40 37 74 40 1473 2 9 9 9 0 9 9 12 0 6.0
49 47 26 40 19 56 40 24893 2 29 19 18 0 12 9 8 1 4.0
50 60 44 40 44 20 40 1389 3 11 8 6 0 12 12 15 0 23 18 15 1 6.0
51 38 82 40 39 81 40 15538 2 20 20 26 0 12 9 6 1 5.0
52 64 44 40 44 74 40 45000 2 12 9 1 0 30 21 30 0 4.0
53 34 70 40 58 50 40 1793 2 12 9 3 0 10 10 3 1 4.0
