5     52    45000 60    25    30   
0     40    50    0     40    50    1236  0     
1 53 58 40 62 47 40 1617 2 13 11 5 0 9 6 2 1 4.0
2 20 57 40 17 39 40 1439 2 9 9 9 0 8 8 6 0 5.0
3 26 57 40 41 75 40 3886 2 15 15 15 0 10 9 14 1 6.0
4 56 57 40 28 45 40 27605 2 8 6 2 0 14 14 9 0 4.0
5 47 21 40 34 70 40 8484 5 33 24 23 0 15 15 5 0 28 18 8 0 23 18 5 1 23 19 5 1 6.0
6 56 66 40 40 76 40 1748 2 18 18 5 0 12 7 5 1 6.0
7 21 60 40 16 34 40 11938 5 8 8 5 0 10 10 26 0 10 8 3 0 21 15 26 1 50 24 3 1 6.0
8 39 31 40 59 35 40 1021 4 9 9 1 0 8 6 3 0 10 10 10 0 23 15 3 1 6.0
9 43 28 40 64 40 40 34503 5 11 11 8 0 11 7 3 0 10 6 3 1 15 15 20 1 23 23 14 1 4.0
10 37 30 40 22 40 40 40757 4 31 24 14 0 8 8 3 0 11 7 8 0 8 8 8 1 4.0
11 28 65 40 40 71 40 1401 1 10 10 10 1 5.0
12 54 54 40 63 35 40 10874 3 30 20 4 0 25 25 4 0 20 16 4 0 4.0
13 44 27 40 23 40 40 28610 5 10 10 10 0 19 19 21 0 9 6 4 1 18 5 5 1 27 6 8 1 4.0
14 27 60 40 64 42 40 754 2 9 7 11 0 9 6 2 0 5.0
15 19 62 40 47 69 40 1195 2 11 11 11 0 9 7 6 0 6.0
16 65 56 40 56 46 40 2425 2 13 9 13 0 8 7 4 0 5.0
17 16 57 40 17 43 40 1936 5 10 9 6 0 9 9 2 0 20 15 5 0 12 8 6 0 10 7 10 0 6.0
18 40 26 40 34 77 40 5113 4 12 11 13 0 12 10 9 0 12 11 12 0 10 10 10 1 5.0
19 40 29 40 20 44 40 45000 2 26 22 11 1 10 8 6 1 4.0
20 21 57 40 65 47 40 385 1 9 6 6 0 5.0
21 54 67 40 26 43 40 22332 5 15 15 10 0 18 14 10 0 53 22 8 0 9 7 8 0 20 13 12 1 5.0
22 21 67 40 56 37 40 1774 2 13 13 20 0 8 6 6 0 6.0
23 59 60 40 36 79 40 508 2 27 22 2 0 28 10 4 0 6.0
24 55 67 40 42 75 40 5786 5 7 6 5 0 11 9 6 0 26 9 26 0 24 8 3 1 10 8 3 1 6.0
25 22 63 40 21 37 40 968 1 8 6 6 1 4.0
26 65 67 40 35 79 40 1648 2 10 8 5 0 11 7 7 0 4.0
27 15 54 40 59 39 40 4817 5 8 8 8 0 10 8 6 0 8 6 1 0 25 20 4 1 13 13 5 1 5.0
28 62 60 40 39 71 40 10163 1 17 17 6 0 4.0
29 21 58 40 21 39 40 9651 5 25 6 6 0 18 18 24 0 19 10 8 0 10 8 3 0 10 10 13 1 6.0
30 53 66 40 39 81 40 1474 2 10 9 8 0 8 7 11 0 5.0
31 38 19 40 20 46 40 9760 4 9 8 7 0 13 13 12 0 14 9 3 1 15 15 5 1 4.0
32 27 58 40 39 73 40 5801 5 15 10 15 0 11 8 2 0 8 8 8 0 9 8 5 1 8 6 7 1 4.0
33 66 60 40 46 70 40 3757 2 50 6 10 0 8 8 8 0 5.0
34 40 30 40 65 41 40 16684 3 38 25 10 0 14 9 1 0 18 14 10 0 5.0
35 35 23 40 26 36 40 8417 2 30 20 10 0 19 19 6 0 5.0
36 28 67 40 59 40 40 3690 2 21 17 8 0 15 15 15 0 6.0
37 61 55 40 15 39 40 9962 5 24 12 10 0 15 10 9 0 37 9 7 0 15 15 3 1 10 9 3 1 5.0
38 56 59 40 23 35 40 12024 3 8 8 8 0 35 18 8 0 15 13 8 1 4.0
39 57 64 40 63 42 40 6390 1 20 20 16 0 5.0
40 37 23 40 44 74 40 1764 1 8 8 15 0 4.0
41 17 64 40 38 75 40 231 1 11 8 5 1 6.0
42 38 20 40 40 79 40 11350 5 9 7 4 0 21 8 13 0 16 13 6 0 13 10 9 0 10 9 8 0 4.0
43 27 62 40 17 41 40 35678 2 25 20 10 0 15 15 15 0 4.0
44 65 61 40 55 40 40 15362 5 13 13 13 0 18 18 5 0 24 24 30 0 8 8 8 0 23 11 20 1 6.0
45 40 24 40 53 39 40 1220 2 16 11 19 0 26 25 3 1 6.0
46 34 20 40 63 46 40 42279 4 9 6 2 0 53 25 6 0 17 10 22 0 10 8 13 0 4.0
47 45 23 40 59 37 40 199 1 8 6 5 1 6.0
48 28 64 40 43 75 40 8314 5 10 6 2 0 12 10 8 0 12 11 7 0 13 11 9 0 20 20 10 1 5.0
49 44 25 40 18 40 40 16268 2 8 6 6 0 17 17 18 0 4.0
50 63 57 40 16 45 40 593 2 10 6 2 0 15 7 5 0 5.0
51 37 20 40 64 38 40 6100 4 18 14 10 0 13 6 4 0 9 6 13 0 15 15 15 1 6.0
52 59 66 40 36 73 40 12970 5 36 25 11 0 10 8 10 0 9 6 3 0 8 8 3 0 13 13 17 0 5.0
