5     53    45000 60    25    30   
0     40    50    0     40    50    1236  0     
1 58 57 40 27 17 40 1886 2 14 12 5 0 10 6 2 1 4.0
2 29 47 40 50 18 40 7088 3 10 9 10 0 9 9 6 0 16 16 16 0 5.0
3 47 59 40 25 45 40 21258 4 10 9 15 0 9 6 2 0 15 15 9 0 35 25 25 1 6.0
4 69 83 40 21 68 40 45000 5 16 16 5 0 30 19 8 0 24 19 5 0 24 20 5 0 19 19 5 1 4.0
5 55 46 40 39 77 40 1257 4 12 7 5 0 9 9 5 0 11 10 27 0 11 9 3 1 6.0
6 56 18 40 23 62 40 8447 1 22 16 28 0 6.0
7 55 24 40 67 56 40 5366 5 53 25 3 0 10 10 1 0 9 6 3 0 11 11 11 0 24 16 3 1 6.0
8 22 35 40 29 44 40 3223 4 11 11 9 0 11 7 3 0 10 6 3 1 16 16 22 1 6.0
9 27 71 40 45 82 40 45000 5 24 24 15 0 33 25 15 0 9 9 3 1 12 8 9 1 9 8 9 1 4.0
10 28 70 40 48 48 40 4622 1 11 11 11 1 4.0
11 36 16 40 11 84 40 7729 2 32 22 4 0 27 25 4 1 5.0
12 46 34 40 66 41 40 4974 2 22 17 4 0 11 11 11 1 4.0
13 26 15 40 33 36 40 32094 5 20 20 22 0 9 6 4 0 19 5 5 0 29 6 9 0 10 7 11 1 4.0
14 55 81 40 45 36 40 113 1 10 6 2 0 5.0
15 46 61 40 19 43 40 2731 4 12 12 12 0 9 8 6 0 13 9 13 0 8 7 4 1 6.0
16 62 41 40 39 63 40 1051 2 11 9 6 0 9 9 2 0 5.0
17 57 34 40 37 62 40 3032 4 22 16 5 0 13 9 6 0 10 8 10 1 13 12 14 1 6.0
18 42 67 40 18 71 40 12397 5 12 10 9 0 13 12 13 0 11 11 11 0 28 24 12 0 10 9 6 1 5.0
19 22 77 40 60 59 40 45000 4 9 6 6 0 16 16 11 0 19 15 11 0 57 23 8 0 4.0
20 28 16 40 45 30 40 11076 5 9 7 8 0 22 13 12 0 13 13 22 0 9 6 6 0 29 23 2 0 5.0
21 60 23 40 51 17 40 12521 5 30 11 4 0 7 6 5 0 12 9 6 0 28 9 28 0 26 9 3 0 5.0
22 13 56 40 59 82 40 144 1 11 9 3 0 6.0
23 58 47 40 66 84 40 450 4 9 6 6 0 11 8 5 0 11 8 8 1 9 8 8 1 6.0
24 43 62 40 11 33 40 446 1 11 9 6 0 6.0
25 14 83 40 22 28 40 17551 4 9 6 1 0 27 22 4 0 13 13 5 1 18 18 6 1 4.0
26 15 63 40 56 67 40 1706 1 27 6 6 0 4.0
27 45 83 40 20 84 40 13646 2 19 19 25 1 20 11 9 1 5.0
28 66 20 40 47 32 40 1583 1 10 9 3 1 4.0
29 26 42 40 29 67 40 2988 4 11 11 13 0 10 9 8 0 9 7 11 1 9 9 8 1 6.0
30 13 42 40 29 36 40 2237 1 13 13 12 0 5.0
31 22 50 40 47 71 40 13115 5 15 9 3 0 16 16 5 0 16 11 16 0 12 8 2 0 9 9 9 1 4.0
32 45 68 40 29 54 40 25822 5 10 9 5 0 9 6 8 0 54 6 11 0 9 9 9 0 40 25 11 0 4.0
33 44 48 40 55 21 40 3515 2 15 10 1 0 19 15 11 0 5.0
34 32 71 40 67 32 40 24678 4 32 22 11 0 20 20 6 0 23 18 9 0 16 16 16 1 5.0
35 66 72 40 58 81 40 8924 5 25 12 10 0 16 11 10 0 40 10 7 0 16 16 3 0 11 10 3 0 5.0
36 23 77 40 20 52 40 432 1 9 9 9 0 6.0
37 44 69 40 56 80 40 8624 1 38 19 9 0 5.0
38 39 19 40 21 56 40 19936 4 16 13 9 0 22 22 17 1 9 8 16 1 12 9 5 1 4.0
39 39 31 40 13 59 40 5416 4 10 8 4 0 23 8 13 1 17 13 6 1 14 11 9 1 5.0
40 52 29 40 39 41 40 13494 2 10 9 9 0 27 22 11 0 4.0
41 28 48 40 66 61 40 14474 5 16 16 16 0 13 13 13 0 19 19 5 1 25 25 30 1 9 9 9 1 6.0
42 19 18 40 23 67 40 11827 1 24 11 22 0 4.0
43 35 23 40 45 43 40 45000 4 17 12 20 0 28 25 3 0 9 6 2 0 57 25 6 1 4.0
44 70 44 40 61 39 40 3372 4 18 10 24 0 11 8 13 0 9 6 5 0 10 6 2 0 6.0
45 64 20 40 37 35 40 221 1 12 10 8 0 6.0
46 37 58 40 38 26 40 8358 2 12 12 8 0 14 11 9 0 4.0
47 17 19 40 42 47 40 10332 5 22 22 11 0 9 6 6 0 18 18 19 0 10 6 2 0 16 7 5 0 6.0
48 29 62 40 30 82 40 3575 1 19 15 11 0 5.0
49 20 38 40 23 38 40 45000 4 14 6 4 0 10 6 13 0 16 16 16 0 39 25 12 0 4.0
50 60 35 40 44 82 40 1002 1 11 9 11 0 5.0
51 25 51 40 60 30 40 159 1 10 6 3 0 6.0
52 34 42 40 49 36 40 13287 4 9 9 3 0 13 13 18 0 10 7 2 0 11 11 11 0 4.0
53 68 64 40 45 25 40 1384 1 14 11 10 0 5.0
