5     53    45000 60    25    30   
0     40    50    0     40    50    1236  0     
1 51 37 40 15 63 40 12441 2 29 21 6 0 13 7 10 0 4.0
2 32 81 40 27 63 40 30460 2 33 25 11 0 24 9 30 0 5.0
3 61 38 40 27 33 40 5705 3 12 10 4 0 26 21 16 0 10 7 7 0 6.0
4 10 81 40 52 16 40 3761 3 10 7 4 0 24 21 5 1 10 8 5 1 5.0
5 19 68 40 38 27 40 2498 2 31 25 14 0 9 8 13 1 6.0
6 45 21 40 38 19 40 1949 1 13 9 8 0 4.0
7 27 78 40 67 67 40 45000 3 36 20 5 0 42 18 12 1 27 21 9 1 4.0
8 48 59 40 54 60 40 6018 3 27 24 6 0 24 7 3 0 39 7 7 1 5.0
9 20 40 40 48 57 40 5912 3 21 15 6 0 13 10 5 0 48 25 2 1 5.0
10 16 24 40 12 25 40 2964 2 12 8 4 0 15 11 7 0 5.0
11 49 33 40 55 16 40 5460 1 21 11 18 0 5.0
12 70 28 40 13 67 40 1833 1 10 7 6 0 4.0
13 66 22 40 18 22 40 45000 3 60 24 6 0 10 8 5 1 18 17 17 1 4.0
14 37 37 40 38 84 40 45000 3 18 18 6 0 16 16 6 0 39 25 12 1 4.0
15 57 65 40 18 76 40 538 2 10 7 2 0 12 12 11 1 6.0
16 64 25 40 52 84 40 2898 2 16 16 16 0 17 15 5 0 6.0
17 22 85 40 30 39 40 4021 2 18 7 8 0 10 7 8 0 4.0
18 42 26 40 30 45 40 9307 3 11 10 8 0 12 12 6 0 38 23 30 0 6.0
19 49 35 40 64 16 40 4205 2 15 10 4 0 13 10 5 1 4.0
20 64 52 40 52 73 40 6918 2 10 10 10 0 39 25 7 0 6.0
21 16 63 40 11 45 40 3227 2 10 10 10 1 31 16 26 1 6.0
22 43 82 40 54 73 40 10027 3 12 10 7 0 11 9 6 1 10 7 4 1 4.0
23 11 57 40 18 49 40 657 1 18 13 10 0 6.0
24 14 41 40 20 65 40 795 2 10 10 5 0 15 12 15 0 6.0
25 30 29 40 34 24 40 27007 1 12 12 12 1 4.0
26 69 85 40 55 31 40 4909 1 26 16 17 0 6.0
27 23 83 40 67 33 40 11369 2 12 7 8 0 31 17 15 0 5.0
28 13 26 40 56 35 40 9098 2 20 17 21 0 12 9 9 0 5.0
29 56 17 40 68 77 40 31558 3 27 25 17 0 33 16 16 0 17 10 4 0 5.0
30 37 75 40 40 39 40 3052 2 29 14 4 0 12 10 6 1 5.0
31 14 35 40 20 26 40 15413 2 24 7 7 0 19 10 19 0 4.0
32 29 68 40 68 43 40 767 3 41 7 7 0 10 7 4 0 10 7 4 1 6.0
33 59 45 40 61 77 40 8396 1 48 18 5 0 5.0
34 70 45 40 25 19 40 37859 3 26 23 28 0 10 7 7 0 10 7 1 1 4.0
35 21 30 40 65 18 40 1922 2 10 7 10 0 26 18 3 0 5.0
36 10 84 40 43 84 40 210 1 11 8 5 0 6.0
37 62 17 40 17 24 40 25954 2 10 9 10 0 37 13 6 0 4.0
38 18 84 40 12 53 40 3358 2 21 18 12 0 18 10 7 1 6.0
39 28 17 40 21 16 40 1528 1 14 10 4 1 4.0
40 61 76 40 70 72 40 378 1 17 10 4 0 6.0
41 37 66 40 36 51 40 5235 2 10 10 10 0 18 10 7 0 4.0
42 23 81 40 28 16 40 5672 2 20 13 7 0 22 13 16 0 5.0
43 64 75 40 27 28 40 6623 3 12 9 6 0 12 10 1 0 23 17 9 0 5.0
44 48 60 40 19 23 40 28680 2 20 12 7 0 32 20 20 1 5.0
45 54 69 40 50 68 40 1143 1 21 21 5 1 6.0
46 49 73 40 19 19 40 10623 2 10 7 4 0 10 9 9 0 4.0
47 12 58 40 25 41 40 13713 2 10 10 12 0 30 20 18 0 5.0
48 59 25 40 46 18 40 1206 2 12 9 8 0 11 8 6 1 6.0
49 40 29 40 66 52 40 20814 2 13 13 15 0 24 18 15 0 4.0
50 39 69 40 55 64 40 1686 1 20 20 27 0 6.0
51 35 34 40 16 37 40 28547 3 12 9 6 0 12 10 1 0 31 21 30 0 5.0
52 49 23 40 41 17 40 860 1 12 10 3 0 4.0
53 47 54 40 45 41 40 862 1 10 10 3 1 4.0
