5     53    45000 60    25    30   
0     40    50    0     40    50    1236  0     
1 40 20 40 47 76 40 6200 2 18 8 14 0 8 6 13 1 4.0
2 55 56 40 56 35 40 2866 3 8 6 3 0 18 18 21 0 14 6 2 0 6.0
3 18 59 40 56 41 40 4614 4 11 10 7 0 21 11 11 0 16 16 16 0 24 18 9 1 6.0
4 66 66 40 64 38 40 45000 5 8 7 2 0 26 16 3 0 8 6 2 0 32 25 30 0 11 11 11 1 4.0
5 47 30 40 47 74 40 716 4 11 11 8 0 19 13 4 0 12 8 2 0 11 11 8 1 6.0
6 56 63 40 64 42 40 641 1 10 10 9 0 6.0
7 15 58 40 39 70 40 15038 5 14 11 7 0 14 14 4 0 14 7 4 0 24 18 8 0 19 17 9 1 5.0
8 34 27 40 35 71 40 12785 4 16 16 16 0 14 9 6 0 8 8 6 1 9 6 2 1 4.0
9 15 54 40 20 35 40 13137 5 9 9 6 0 25 19 8 0 11 8 5 1 17 7 10 1 16 14 9 1 5.0
10 63 65 40 57 46 40 6873 1 26 25 3 1 4.0
11 19 59 40 23 37 40 1675 2 16 8 5 0 11 8 6 1 5.0
12 66 61 40 37 72 40 5353 2 8 6 5 0 16 16 16 1 5.0
13 23 67 40 46 79 40 28471 5 25 18 2 0 12 8 3 0 32 16 3 0 23 11 7 0 26 18 11 1 4.0
14 15 60 40 27 36 40 23102 1 44 24 28 0 6.0
15 62 58 40 56 37 40 6207 4 11 11 11 0 12 9 11 0 16 11 11 0 36 6 6 1 5.0
16 19 63 40 19 38 40 13389 2 18 11 30 0 8 6 5 0 4.0
17 44 19 40 43 78 40 23229 4 10 6 3 0 37 13 8 0 19 15 8 1 27 14 23 1 5.0
18 36 28 40 39 72 40 15094 5 12 8 3 0 11 7 3 0 29 16 30 0 55 21 5 0 32 25 6 1 6.0
19 57 64 40 15 42 40 24340 4 8 6 16 0 29 17 6 0 25 10 10 0 22 12 4 0 4.0
20 61 66 40 21 37 40 13365 5 11 11 11 0 26 17 4 0 26 6 8 0 11 11 11 0 16 8 8 0 4.0
21 54 67 40 64 47 40 12905 5 25 14 9 0 21 11 13 0 13 13 3 0 23 6 7 0 24 17 5 0 5.0
22 21 59 40 57 44 40 320 1 9 6 4 0 5.0
23 18 63 40 47 73 40 26108 4 16 11 11 0 11 11 6 0 24 12 21 1 18 6 7 1 4.0
24 21 63 40 60 40 40 2373 1 16 16 5 0 5.0
25 46 30 40 25 47 40 45000 4 16 16 11 0 13 9 1 0 15 15 30 1 21 16 26 1 4.0
26 57 61 40 63 39 40 176 1 26 6 6 0 6.0
27 47 19 40 43 81 40 2605 2 11 8 2 1 22 15 12 1 6.0
28 40 28 40 46 72 40 5103 1 14 8 8 1 4.0
29 24 66 40 25 44 40 3704 4 19 18 12 0 8 7 7 0 20 17 5 1 16 6 9 1 6.0
30 62 60 40 62 36 40 115 1 10 8 3 0 6.0
31 28 57 40 65 42 40 45000 5 11 11 7 0 21 16 26 0 9 9 6 0 13 12 8 0 23 23 9 1 4.0
32 45 29 40 40 79 40 2760 5 8 6 1 0 12 10 7 0 14 14 3 0 12 9 7 0 9 6 2 0 5.0
33 41 31 40 53 38 40 18432 2 22 22 10 0 17 16 17 0 5.0
34 24 67 40 44 80 40 26452 4 24 18 8 0 14 13 11 0 15 8 12 0 9 8 5 1 4.0
35 55 64 40 23 40 40 6454 5 8 8 6 0 17 11 19 0 8 6 1 0 45 25 5 0 13 7 4 0 6.0
36 35 30 40 37 70 40 207 1 13 6 5 0 6.0
37 21 67 40 23 38 40 2402 1 21 15 11 0 6.0
38 36 32 40 16 46 40 4912 4 16 8 8 0 18 13 5 1 16 15 8 1 26 19 5 1 6.0
39 61 55 40 19 41 40 11903 4 16 11 30 0 14 13 5 1 11 10 10 1 13 13 13 1 5.0
40 60 60 40 55 45 40 2053 2 11 11 8 0 13 10 4 0 5.0
41 17 57 40 24 44 40 11645 5 16 16 16 0 8 8 5 0 12 8 8 1 24 18 8 1 10 8 6 1 5.0
42 54 65 40 43 82 40 128 1 9 8 7 0 6.0
43 57 67 40 66 46 40 36523 4 8 8 8 0 22 18 4 0 18 18 9 0 18 14 7 1 4.0
44 40 22 40 38 73 40 3264 4 13 7 2 0 11 8 3 0 36 7 4 0 30 9 9 0 5.0
45 21 55 40 16 41 40 1620 1 13 12 4 0 4.0
46 24 64 40 40 80 40 11782 2 17 13 13 0 11 9 7 0 4.0
47 41 28 40 26 38 40 12343 5 21 15 16 0 8 6 5 0 16 16 19 0 11 11 15 0 17 8 30 0 6.0
48 59 63 40 20 46 40 3973 1 19 19 30 0 6.0
49 37 19 40 39 81 40 7577 4 15 9 5 0 9 8 7 0 8 8 3 0 21 18 5 0 4.0
50 23 60 40 22 38 40 8015 1 25 13 19 0 5.0
51 41 30 40 54 35 40 45 1 8 6 1 0 5.0
52 40 25 40 25 34 40 3756 4 9 8 4 0 11 8 1 0 18 6 5 0 8 7 8 0 4.0
53 65 62 40 64 46 40 15508 1 22 22 16 0 4.0
