5     53    45000 60    25    30   
0     40    50    0     40    50    1236  0     
1 58 57 40 27 17 40 8677 2 18 14 11 0 13 10 6 1 4.0
2 29 47 40 50 18 40 4181 1 24 14 7 0 5.0
3 47 59 40 25 45 40 712 2 14 8 3 0 13 10 10 0 6.0
4 69 83 40 21 68 40 15700 3 12 12 24 0 11 9 8 0 16 8 2 1 4.0
5 55 46 40 39 77 40 4493 3 23 16 16 0 14 14 14 0 46 9 5 1 6.0
6 56 18 40 23 62 40 1275 1 14 14 10 0 6.0
7 55 24 40 67 56 40 16492 2 23 18 18 0 29 10 17 0 5.0
8 22 35 40 29 44 40 5319 3 17 16 16 0 12 10 8 1 16 8 1 1 5.0
9 27 71 40 45 82 40 39392 3 24 17 10 0 17 13 17 0 25 19 30 1 5.0
10 28 70 40 48 48 40 1744 1 14 12 2 0 4.0
11 36 16 40 11 84 40 17481 1 23 14 23 0 4.0
12 46 34 40 66 41 40 1570 1 27 25 7 0 6.0
13 26 15 40 33 36 40 29221 3 17 14 3 0 27 23 6 0 12 8 3 0 4.0
14 55 81 40 45 36 40 6310 1 29 18 11 0 5.0
15 46 61 40 19 43 40 11039 2 27 21 27 0 21 14 7 1 6.0
16 62 41 40 39 63 40 14771 1 14 14 14 0 4.0
17 57 34 40 37 62 40 713 2 12 8 12 0 17 17 7 0 6.0
18 42 67 40 18 71 40 13132 3 16 11 10 0 13 10 12 0 27 23 5 0 4.0
19 22 77 40 60 59 40 45000 3 14 10 7 0 29 25 8 0 14 11 8 1 4.0
20 28 16 40 45 30 40 11511 2 60 10 10 0 21 12 9 0 5.0
21 60 23 40 51 17 40 16754 2 11 11 11 0 44 24 24 1 6.0
22 13 56 40 59 82 40 9690 3 17 11 24 0 11 8 1 1 12 9 8 1 5.0
23 58 47 40 66 84 40 16505 3 19 16 5 0 44 25 4 0 19 14 5 1 4.0
24 43 62 40 11 33 40 3094 1 21 14 14 0 6.0
25 14 83 40 22 28 40 45000 3 11 8 1 0 29 25 29 0 31 24 7 1 5.0
26 15 63 40 56 67 40 1662 1 13 12 13 0 6.0
27 45 83 40 20 84 40 4745 1 60 15 7 0 6.0
28 66 20 40 47 32 40 5166 1 21 14 7 0 4.0
29 26 42 40 29 67 40 6981 3 29 10 17 0 14 10 10 1 19 16 12 1 6.0
30 13 42 40 29 36 40 1137 2 60 10 5 0 14 10 1 0 6.0
31 22 50 40 47 71 40 45000 3 18 16 14 0 27 19 1 0 41 10 10 1 4.0
32 45 68 40 29 54 40 5437 3 28 25 27 0 23 10 3 0 12 12 18 0 6.0
33 44 48 40 55 21 40 1977 3 16 16 4 0 14 11 8 0 11 11 11 0 6.0
34 32 71 40 67 32 40 45000 2 44 24 24 0 16 15 16 0 4.0
35 66 72 40 58 81 40 3657 3 38 22 8 0 12 9 12 0 11 8 5 0 6.0
36 23 77 40 20 52 40 107 1 11 8 2 1 6.0
37 44 69 40 56 80 40 19232 3 22 22 8 0 14 11 1 0 18 18 14 1 4.0
38 39 19 40 21 56 40 15293 3 60 25 10 0 24 14 8 0 18 18 1 0 6.0
39 39 31 40 13 59 40 6225 3 26 25 7 0 11 8 2 0 12 9 5 1 5.0
40 52 29 40 39 41 40 1600 1 17 14 3 0 4.0
41 28 48 40 66 61 40 4107 2 25 12 3 0 15 13 13 1 5.0
42 19 18 40 23 67 40 1132 1 21 21 3 0 5.0
43 35 23 40 45 43 40 11839 2 11 8 2 0 11 10 11 1 4.0
44 70 44 40 61 39 40 10339 2 18 12 9 1 21 14 7 1 4.0
45 64 20 40 37 35 40 2575 1 19 18 7 0 5.0
46 37 58 40 38 26 40 5691 1 23 23 5 0 4.0
47 17 19 40 42 47 40 4802 2 11 8 11 0 23 15 8 1 5.0
48 29 62 40 30 82 40 3974 1 23 22 5 0 5.0
49 20 38 40 23 38 40 19215 3 11 8 5 0 15 12 11 1 14 12 7 1 4.0
50 60 35 40 44 82 40 9401 1 25 17 19 0 5.0
51 25 51 40 60 30 40 6254 2 11 8 8 0 32 24 8 0 5.0
52 34 42 40 49 36 40 7304 2 49 25 3 0 44 12 9 0 5.0
53 68 64 40 45 25 40 5385 1 16 11 15 0 4.0
