5     53    45000 60    25    30   
0     40    50    0     40    50    1236  0     
1 25 62 40 27 45 40 2944 2 16 14 6 0 11 7 2 0 4.0
2 55 65 40 39 78 40 2470 2 11 10 11 0 10 10 7 0 5.0
3 24 64 40 53 39 40 6716 3 18 18 18 0 12 10 17 0 10 7 2 0 6.0
4 65 54 40 57 45 40 45000 3 17 17 10 0 40 25 28 1 18 18 6 1 4.0
5 26 57 40 23 46 40 3202 2 34 22 9 0 28 22 6 1 6.0
6 66 60 40 16 36 40 3312 1 28 23 6 0 6.0
7 64 56 40 46 76 40 3335 3 22 22 6 0 14 8 6 1 10 10 6 1 6.0
8 57 60 40 40 80 40 8217 3 12 12 30 0 12 10 3 0 25 18 30 1 6.0
9 45 25 40 25 46 40 12728 3 60 25 3 0 11 11 1 0 10 7 4 1 4.0
10 59 64 40 20 37 40 11252 2 12 12 12 0 28 18 3 0 4.0
11 21 64 40 34 81 40 2368 1 13 13 10 0 5.0
12 36 24 40 66 47 40 549 1 13 8 3 0 4.0
13 22 67 40 62 37 40 45000 3 12 7 3 0 18 18 25 1 28 25 17 1 4.0
14 18 62 40 38 82 40 16679 3 38 25 17 0 10 10 3 0 14 9 10 1 5.0
15 37 20 40 23 40 40 1838 2 10 9 10 0 12 12 12 1 6.0
16 21 67 40 23 39 40 10736 2 37 25 5 0 31 25 4 0 5.0
17 41 22 40 60 44 40 2076 2 25 20 4 0 12 12 12 0 6.0
18 57 63 40 19 45 40 13655 3 23 23 25 0 10 7 5 0 22 6 6 0 5.0
19 41 25 40 38 69 40 31137 2 33 7 10 0 11 8 13 1 4.0
20 59 61 40 26 35 40 3447 2 11 7 2 0 14 14 14 0 5.0
21 54 64 40 39 72 40 3629 2 10 9 7 1 15 10 15 1 5.0
22 47 30 40 18 47 40 677 3 9 8 5 0 12 10 7 1 10 10 2 1 6.0
23 37 23 40 42 80 40 595 1 25 18 6 0 6.0
24 54 55 40 21 36 40 1762 2 15 10 7 0 12 9 12 0 6.0
25 19 62 40 41 71 40 11299 1 15 14 16 1 4.0
26 59 59 40 40 82 40 2949 1 14 12 10 0 4.0
27 28 62 40 18 44 40 6048 2 15 14 15 0 12 12 12 0 5.0
28 55 58 40 28 36 40 45000 2 32 25 14 0 12 10 7 0 4.0
29 40 25 40 66 45 40 7291 3 10 7 7 0 18 18 12 0 22 17 12 0 6.0
30 22 66 40 65 39 40 15687 2 60 25 9 0 10 8 9 1 5.0
31 63 60 40 61 46 40 26305 2 25 15 14 0 15 15 25 0 4.0
32 57 64 40 22 39 40 6022 3 10 7 7 0 33 25 2 0 34 12 4 1 4.0
33 57 54 40 54 43 40 359 1 8 7 6 0 5.0
34 41 28 40 15 38 40 16181 3 14 10 7 0 32 10 30 0 30 10 4 1 5.0
35 34 24 40 42 73 40 1000 2 12 10 4 0 10 7 7 0 5.0
36 57 56 40 35 75 40 384 1 12 9 6 0 6.0
37 24 57 40 54 40 40 2473 2 13 9 9 0 10 9 9 0 5.0
38 59 67 40 60 36 40 1538 2 12 10 7 0 10 7 1 1 4.0
39 22 55 40 61 40 40 3869 1 31 25 5 1 5.0
40 28 67 40 59 39 40 2481 1 15 15 6 0 4.0
41 36 20 40 42 77 40 2418 2 21 21 7 0 31 7 7 0 6.0
42 15 56 40 26 40 40 34201 2 22 22 29 0 23 12 10 0 4.0
43 16 61 40 28 42 40 15336 3 12 10 3 0 12 12 15 0 12 10 9 0 4.0
44 39 25 40 45 74 40 1117 2 10 8 13 0 10 10 9 1 6.0
45 44 31 40 53 35 40 726 1 15 15 14 1 6.0
46 17 62 40 40 76 40 8082 2 17 10 3 0 18 18 6 0 4.0
47 44 21 40 38 72 40 3426 2 18 12 18 0 14 9 2 0 6.0
48 41 24 40 53 45 40 1893 2 10 10 10 0 11 10 6 1 5.0
49 61 66 40 36 80 40 16801 2 10 7 9 0 60 7 12 0 4.0
50 43 19 40 38 81 40 920 1 10 10 10 0 5.0
51 21 65 40 60 46 40 16312 3 46 25 12 0 17 11 1 0 22 17 12 0 6.0
52 21 60 40 23 44 40 31011 1 37 25 12 0 4.0
53 36 22 40 64 42 40 3328 1 23 23 7 1 5.0
