5     53    45000 60    25    30   
0     40    50    0     40    50    1236  0     
1 42 23 40 57 47 40 6024 1 19 9 15 1 4.0
2 22 55 40 54 44 40 420 2 9 7 14 0 9 6 3 0 6.0
3 47 19 40 14 57 40 3244 1 19 19 22 0 6.0
4 22 56 40 46 20 40 23884 3 15 6 2 0 11 11 8 1 22 11 11 1 4.0
5 20 52 40 38 30 40 2292 3 17 17 17 0 26 19 10 0 9 7 2 1 6.0
6 20 46 40 47 20 40 18646 3 27 16 3 0 9 7 2 0 33 25 30 1 6.0
7 60 57 40 16 52 40 4223 2 11 11 11 0 11 11 9 1 5.0
8 46 24 40 23 49 40 5263 3 20 13 4 0 12 8 2 0 11 11 8 1 4.0
9 38 31 40 56 53 40 5207 3 11 11 9 0 15 11 7 0 15 15 4 0 5.0
10 39 24 40 43 30 40 1579 1 14 8 4 1 4.0
11 37 82 40 43 72 40 5448 1 25 19 8 0 5.0
12 45 74 40 56 49 40 10510 2 20 18 10 0 17 17 17 0 5.0
13 24 50 40 39 78 40 4169 2 14 10 7 0 9 8 6 1 4.0
14 38 75 40 61 44 40 520 2 9 7 2 0 10 9 6 1 6.0
15 42 25 40 41 32 40 4895 1 27 21 8 0 5.0
16 55 49 40 44 29 40 4147 2 11 8 6 0 18 7 11 0 4.0
17 40 29 40 23 56 40 7200 2 17 15 10 0 28 25 3 0 5.0
18 45 19 40 22 47 40 1075 3 17 9 6 0 11 9 6 0 9 6 5 1 6.0
19 62 46 40 61 45 40 20767 3 17 17 17 0 26 19 2 0 13 8 3 0 4.0
20 24 44 40 36 78 40 7568 2 33 17 3 0 24 11 8 1 4.0
21 62 50 40 65 54 40 7813 1 28 19 11 0 5.0
22 16 53 40 14 49 40 45000 1 47 25 30 0 5.0
23 39 26 40 60 54 40 14367 3 11 11 11 0 13 10 11 0 17 12 12 0 4.0
24 47 25 40 56 54 40 14158 2 38 6 6 0 19 11 30 0 5.0
25 26 47 40 43 20 40 2447 2 9 6 5 0 11 6 3 0 4.0
26 40 75 40 39 75 40 3257 3 39 14 8 0 20 16 8 0 29 15 24 1 6.0
27 26 53 40 41 81 40 181 1 12 8 3 0 6.0
28 58 51 40 64 54 40 45000 2 11 7 3 0 31 17 30 0 4.0
29 45 75 40 43 76 40 6614 2 58 22 6 0 33 25 6 0 6.0
30 39 76 40 19 49 40 511 1 9 7 17 1 6.0
31 40 76 40 60 53 40 28522 3 31 18 6 0 27 11 11 0 23 12 4 1 4.0
32 36 20 40 27 50 40 6265 3 12 12 12 0 28 18 4 0 28 7 8 0 5.0
33 63 53 40 60 56 40 2592 1 11 11 11 0 5.0
34 67 52 40 66 45 40 29579 3 17 8 8 0 26 14 10 0 22 11 14 1 4.0
35 40 69 40 41 75 40 380 1 14 14 3 0 6.0
36 41 28 40 37 71 40 2201 2 24 7 8 0 26 18 6 0 6.0
37 20 50 40 60 55 40 166 1 10 6 4 0 6.0
38 40 71 40 41 25 40 2458 2 17 12 12 0 11 11 7 0 6.0
39 18 54 40 34 81 40 11789 3 26 12 22 0 19 6 7 0 17 17 6 0 5.0
40 15 55 40 40 22 40 4385 1 17 17 11 1 5.0
41 59 56 40 35 75 40 23338 3 14 9 1 1 16 16 30 1 22 17 28 1 5.0
42 38 71 40 17 48 40 349 1 28 7 7 0 6.0
43 60 47 40 24 52 40 24869 2 11 9 2 0 23 16 12 0 4.0
44 35 76 40 37 69 40 5682 3 14 9 9 0 21 19 13 0 9 7 7 1 5.0
45 36 23 40 20 51 40 5888 1 21 18 6 0 4.0
46 22 57 40 27 56 40 3370 1 17 6 10 0 4.0
47 43 23 40 38 22 40 948 2 11 8 3 0 11 11 8 1 6.0
48 55 52 40 37 74 40 4099 2 22 17 28 0 10 10 7 0 6.0
49 47 26 40 19 56 40 15428 2 14 13 8 0 24 24 9 1 4.0
50 60 44 40 44 20 40 2431 3 9 6 1 0 13 11 8 0 15 15 3 1 5.0
51 38 82 40 39 81 40 1000 2 13 9 8 0 9 7 2 1 5.0
52 64 44 40 44 74 40 31193 2 23 23 11 0 18 17 18 0 4.0
53 34 70 40 58 50 40 12296 2 25 19 8 0 15 13 12 1 4.0
