5     52    45000 60    25    30   
0     40    50    0     40    50    1236  0     
1 26 48 40 64 38 40 5505 2 17 8 13 0 8 6 12 1 4.0
2 34 70 40 17 45 40 2360 2 8 5 2 0 17 17 20 0 6.0
3 15 40 40 30 84 40 284 2 13 5 1 0 10 9 7 1 6.0
4 21 42 40 52 73 40 33695 2 20 10 10 0 15 15 15 0 4.0
5 64 62 40 23 58 40 6171 5 23 17 9 0 8 6 1 0 25 15 2 0 8 6 1 1 30 25 30 1 6.0
6 69 67 40 20 29 40 1282 2 10 10 10 0 10 10 8 1 6.0
7 49 68 40 43 28 40 4979 5 18 12 3 0 11 7 1 0 10 10 7 0 9 9 8 1 13 10 6 1 5.0
8 19 74 40 14 76 40 14548 4 13 13 3 0 13 7 4 0 22 17 7 0 18 16 9 1 4.0
9 15 41 40 17 16 40 7892 5 15 15 15 0 13 9 6 0 8 7 5 1 8 6 1 1 9 8 5 1 5.0
10 20 83 40 44 17 40 21122 4 24 18 7 0 10 7 5 0 16 6 9 0 15 13 9 1 4.0
11 55 62 40 64 26 40 1792 1 25 25 2 1 5.0
12 12 16 40 68 18 40 1432 3 15 8 5 0 10 8 5 0 8 5 4 0 5.0
13 30 28 40 32 42 40 19953 5 15 15 15 0 23 17 2 0 11 7 3 1 30 15 2 1 21 10 7 1 4.0
14 14 34 40 54 31 40 22813 2 25 17 10 0 42 22 27 0 6.0
15 46 24 40 16 43 40 2148 2 10 10 10 0 11 9 10 0 5.0
16 67 38 40 27 50 40 5091 2 15 10 10 0 34 5 5 0 4.0
17 51 21 40 26 34 40 15567 5 17 10 30 0 8 5 4 0 9 5 2 0 35 12 7 0 18 14 7 0 5.0
18 33 56 40 52 42 40 12067 4 26 13 22 0 11 7 3 0 10 6 3 0 27 15 30 1 6.0
19 42 42 40 68 35 40 29915 2 52 20 5 1 30 25 5 1 4.0
20 11 36 40 64 40 40 1436 1 8 6 15 0 4.0
21 60 69 40 38 63 40 9404 5 28 16 5 0 24 9 9 0 20 11 3 0 10 10 10 0 25 16 3 1 5.0
22 18 25 40 19 42 40 3033 2 25 6 7 0 10 10 10 0 5.0
23 52 60 40 69 84 40 9449 2 15 7 7 0 23 13 9 0 4.0
24 46 80 40 62 32 40 10278 5 20 10 12 0 12 12 2 0 21 6 7 0 23 16 5 1 9 5 3 1 5.0
25 11 53 40 16 72 40 7844 1 15 10 10 1 4.0
26 64 56 40 51 15 40 1014 2 10 10 6 0 23 11 19 0 6.0
27 11 45 40 43 57 40 6212 5 17 5 6 0 15 15 5 0 15 15 10 0 12 8 1 1 14 14 30 1 6.0
28 23 23 40 70 62 40 42714 1 20 15 25 0 4.0
29 50 74 40 46 38 40 4456 5 25 6 6 0 10 8 2 0 21 14 11 0 13 8 8 0 18 17 11 1 6.0
30 19 50 40 10 74 40 863 2 8 6 6 0 19 16 5 0 6.0
31 65 23 40 20 38 40 33492 4 15 5 9 0 9 7 3 0 10 10 7 1 20 15 25 1 4.0
32 13 20 40 59 83 40 7094 5 9 9 6 0 12 11 7 0 22 22 8 0 8 5 1 1 11 9 7 1 5.0
33 59 30 40 61 72 40 1858 2 13 13 2 0 11 8 7 0 4.0
34 39 17 40 37 64 40 27465 3 8 6 2 0 20 20 9 0 16 15 16 0 4.0
35 23 77 40 10 60 40 2704 2 22 17 7 0 13 12 10 0 6.0
36 24 62 40 54 15 40 806 2 14 8 11 0 9 8 4 0 6.0
37 24 19 40 67 53 40 6104 5 8 8 6 0 16 10 18 0 8 5 1 0 42 25 5 1 12 7 3 1 6.0
38 51 73 40 36 44 40 3029 3 12 5 5 0 20 14 10 0 15 8 8 1 6.0
39 12 78 40 46 51 40 1280 1 17 12 5 0 5.0
40 44 54 40 61 47 40 2318 1 15 14 8 0 5.0
41 39 67 40 30 54 40 2873 1 25 18 5 1 5.0
42 45 83 40 17 23 40 2165 5 15 10 30 0 13 12 5 0 10 9 9 0 12 12 12 0 10 10 7 0 6.0
43 51 84 40 65 67 40 20520 2 12 9 4 0 15 15 15 0 4.0
44 17 60 40 57 78 40 3688 5 8 8 5 0 11 8 8 0 22 17 7 0 9 7 5 0 9 8 6 1 5.0
45 41 52 40 42 23 40 4110 2 8 8 8 0 21 17 3 1 4.0
46 18 44 40 22 71 40 13834 4 17 17 8 0 17 13 7 0 12 7 2 0 10 8 2 0 4.0
47 43 44 40 42 34 40 628 1 34 6 4 1 6.0
48 23 19 40 23 41 40 3366 5 28 8 8 0 12 11 4 0 16 12 12 0 10 8 7 0 19 14 15 1 6.0
49 26 74 40 25 36 40 9782 2 8 5 4 0 15 15 18 0 4.0
50 69 40 40 55 53 40 6801 2 10 10 14 0 16 8 30 0 5.0
51 16 38 40 19 61 40 10217 4 18 18 30 0 14 9 5 0 9 7 6 0 8 8 2 1 5.0
52 36 52 40 40 80 40 6635 5 20 17 5 0 24 12 18 0 8 5 1 0 8 7 4 0 10 8 1 0 5.0
