5     52    45000 60    25    30   
0     40    50    0     40    50    1236  0     
1 44 70 40 34 24 40 7157 2 17 13 10 0 12 10 6 1 4.0
2 36 21 40 14 47 40 3744 2 23 13 6 0 13 8 3 0 5.0
3 57 56 40 45 75 40 423 1 12 9 9 0 6.0
4 41 80 40 40 19 40 13776 2 12 12 23 0 10 8 8 1 4.0
5 46 78 40 55 49 40 88 1 15 7 2 0 6.0
6 23 51 40 45 20 40 3221 1 22 15 15 0 6.0
7 16 50 40 57 46 40 7522 3 13 13 13 0 44 8 5 0 13 13 10 0 5.0
8 21 52 40 56 50 40 13677 3 21 17 17 0 27 10 16 0 16 15 15 0 5.0
9 39 70 40 25 48 40 8463 3 12 10 8 0 15 7 1 0 23 16 10 1 5.0
10 60 45 40 38 26 40 45000 3 16 12 16 0 24 18 30 0 13 12 2 0 4.0
11 20 46 40 43 70 40 24831 2 22 14 22 0 26 24 6 0 4.0
12 47 31 40 42 24 40 207 1 16 13 3 1 6.0
13 56 48 40 64 57 40 45000 3 25 21 6 0 11 8 3 1 28 17 10 1 4.0
14 40 82 40 36 23 40 14115 1 26 19 26 0 5.0
15 37 32 40 18 53 40 942 1 19 13 6 0 6.0
16 57 49 40 56 57 40 11826 1 13 13 13 0 4.0
17 45 30 40 36 29 40 603 2 12 8 12 0 16 16 6 0 6.0
18 37 76 40 39 74 40 10822 3 15 10 9 0 12 10 11 0 25 21 5 1 4.0
19 54 54 40 27 49 40 6097 1 13 10 6 0 4.0
20 66 51 40 55 47 40 6052 1 27 23 7 0 5.0
21 38 70 40 64 45 40 5527 3 13 10 8 0 60 10 10 1 20 11 8 1 6.0
22 42 78 40 18 49 40 40415 2 10 10 10 0 41 23 23 1 5.0
23 45 77 40 66 46 40 8378 1 16 10 23 0 4.0
24 66 44 40 45 78 40 630 2 10 7 1 0 12 8 8 0 6.0
25 34 32 40 40 72 40 9999 2 18 15 5 0 42 25 4 0 5.0
26 39 25 40 45 32 40 959 1 18 13 5 1 6.0
27 18 50 40 45 25 40 16196 3 19 13 13 0 10 7 1 0 27 25 27 1 6.0
28 54 50 40 44 24 40 14023 2 29 23 6 0 12 11 12 1 4.0
29 63 55 40 17 47 40 7585 3 60 14 6 0 19 13 6 0 27 10 16 1 6.0
30 41 73 40 46 32 40 507 1 14 10 10 0 6.0
31 20 53 40 38 71 40 45000 2 18 15 11 0 58 10 5 0 4.0
32 21 57 40 23 44 40 956 3 13 9 1 0 17 15 13 0 26 18 1 1 6.0
33 40 73 40 54 49 40 11465 2 39 10 10 0 26 25 26 0 6.0
34 55 46 40 25 51 40 13383 2 22 10 3 1 12 11 17 1 4.0
35 14 52 40 44 71 40 786 2 15 15 4 0 13 10 7 0 6.0
36 36 25 40 67 44 40 610 1 10 10 10 1 6.0
37 20 50 40 65 51 40 45000 3 42 23 23 0 15 14 15 0 36 21 7 1 4.0
38 40 77 40 37 74 40 1280 3 11 8 11 0 10 8 5 0 10 7 2 1 5.0
39 54 51 40 43 74 40 3803 2 21 21 7 1 13 10 1 1 5.0
40 34 69 40 38 24 40 40995 2 17 17 14 0 57 25 10 0 4.0
41 37 20 40 34 81 40 3205 2 23 13 8 0 17 17 1 1 5.0
42 46 22 40 66 52 40 3077 2 24 24 6 0 10 7 2 0 5.0
43 25 54 40 34 72 40 9430 2 12 8 5 0 16 13 3 0 4.0
44 23 46 40 20 45 40 9967 3 23 11 3 0 14 12 12 0 19 19 3 0 4.0
45 43 27 40 63 48 40 1140 2 10 8 2 0 10 9 10 1 5.0
46 37 21 40 39 71 40 6408 2 17 11 8 0 19 13 6 0 4.0
47 39 19 40 57 47 40 5482 2 18 17 6 0 22 22 5 0 5.0
48 35 25 40 25 57 40 8579 3 10 8 10 0 21 14 8 0 22 21 5 0 5.0
49 18 44 40 24 50 40 1870 1 10 7 5 1 4.0
50 14 50 40 46 20 40 3046 2 14 12 10 0 13 12 6 0 5.0
51 36 72 40 27 50 40 11172 3 24 16 18 0 10 7 7 0 30 23 7 1 5.0
52 64 55 40 26 57 40 997 1 46 25 3 0 6.0
