5     53    45000 60    25    30   
0     40    50    0     40    50    1236  0     
1 53 66 40 53 82 40 21755 4 18 8 14 0 8 6 13 0 8 6 3 0 18 18 20 1 4.0
2 18 73 40 42 38 40 68 1 14 6 2 1 6.0
3 21 52 40 45 75 40 2481 3 10 10 7 0 20 10 10 0 15 15 15 1 6.0
4 36 74 40 65 62 40 31714 4 23 18 9 0 8 7 2 0 25 15 3 0 8 6 2 1 4.0
5 24 51 40 42 15 40 5340 1 31 25 30 0 6.0
6 33 76 40 40 16 40 2023 4 10 10 10 0 10 10 8 0 18 12 4 1 11 8 2 1 6.0
7 64 54 40 68 30 40 6045 4 10 10 8 0 10 10 9 0 14 10 7 0 14 14 4 1 5.0
8 63 58 40 55 60 40 8794 2 13 7 4 0 23 18 8 0 4.0
9 48 30 40 18 25 40 11949 4 18 17 9 0 15 15 15 0 13 9 6 0 8 8 6 0 5.0
10 17 27 40 60 17 40 2093 2 9 6 2 0 9 9 6 0 4.0
11 16 31 40 59 49 40 5804 2 24 19 8 0 10 8 5 1 5.0
12 45 32 40 48 50 40 6117 3 17 7 10 0 15 14 9 0 25 25 3 1 5.0
13 66 40 40 35 65 40 3189 2 15 8 5 0 10 8 6 0 4.0
14 42 37 40 48 62 40 3500 3 8 6 5 0 15 15 15 0 24 18 2 0 6.0
15 51 45 40 57 52 40 37105 5 12 8 3 0 30 15 3 0 22 10 7 0 25 18 10 0 43 23 27 1 5.0
16 43 26 40 30 55 40 8701 3 10 10 10 0 12 9 10 0 16 11 11 1 4.0
17 14 67 40 11 23 40 16760 5 35 6 6 0 18 10 30 0 8 6 5 0 10 6 3 0 36 13 8 1 5.0
18 12 40 40 53 31 40 14025 5 18 15 8 0 26 14 22 0 11 8 3 0 10 7 3 1 28 15 30 1 6.0
19 12 75 40 12 70 40 44147 4 53 20 5 0 30 25 6 1 8 6 15 1 28 16 6 1 4.0
20 40 55 40 34 70 40 6629 2 24 10 10 0 21 11 4 1 4.0
21 14 49 40 61 55 40 4047 2 11 11 11 0 25 17 4 0 5.0
22 26 82 40 49 45 40 3255 2 25 6 8 0 10 10 10 0 5.0
23 29 27 40 32 21 40 18961 4 15 8 8 0 24 13 9 0 20 10 13 0 13 13 3 1 4.0
24 10 73 40 47 20 40 5336 2 22 6 7 0 23 17 5 0 5.0
25 62 65 40 17 57 40 14392 3 9 6 4 0 16 11 11 0 10 10 6 0 4.0
26 15 51 40 15 32 40 949 1 23 11 20 0 6.0
27 44 73 40 14 74 40 1158 2 17 6 7 0 15 15 5 1 6.0
28 36 19 40 69 57 40 12814 1 15 15 10 0 4.0
29 33 31 40 13 48 40 7638 5 13 9 1 0 14 14 30 0 20 15 25 0 25 6 6 0 10 8 2 1 6.0
30 64 21 40 16 28 40 1942 2 21 14 11 0 13 8 8 0 6.0
31 44 37 40 47 85 40 25573 4 19 18 12 0 8 7 7 0 19 17 5 0 15 6 9 0 4.0
32 65 17 40 70 46 40 10528 4 10 8 3 0 10 10 7 0 20 15 25 0 9 9 6 1 5.0
33 55 15 40 65 46 40 10914 2 13 12 8 0 22 22 9 1 5.0
34 16 59 40 66 27 40 8135 4 8 6 1 0 12 10 7 1 14 14 3 1 12 9 7 1 4.0
35 45 43 40 17 42 40 2924 2 9 6 2 0 21 21 10 0 6.0
36 16 35 40 33 41 40 4062 2 16 16 17 0 23 18 8 0 6.0
37 31 58 40 45 70 40 2528 3 14 12 11 0 15 8 12 0 9 8 5 1 6.0
38 51 71 40 39 56 40 6827 4 8 8 6 0 16 11 19 0 8 6 1 0 43 25 5 1 6.0
39 57 48 40 40 83 40 4424 3 12 7 4 0 13 6 5 0 20 14 10 1 5.0
40 15 42 40 20 79 40 1324 1 15 8 8 0 5.0
41 12 38 40 65 66 40 12401 4 18 13 5 0 16 14 8 0 25 18 5 0 15 10 30 0 5.0
42 13 30 40 34 24 40 1027 3 13 13 5 0 10 10 10 0 13 13 13 1 6.0
43 48 84 40 41 29 40 30825 5 10 10 8 0 13 10 4 0 15 15 15 0 8 8 5 0 11 8 8 0 4.0
44 67 64 40 25 47 40 4040 4 23 18 8 0 10 8 6 0 9 8 7 0 8 8 8 1 5.0
45 39 44 40 21 22 40 3926 1 21 18 4 1 4.0
46 69 37 40 65 74 40 19632 5 18 18 9 0 18 13 7 0 12 7 2 0 10 8 3 0 35 7 4 1 4.0
47 61 23 40 37 48 40 1808 1 29 9 9 0 6.0
48 40 82 40 17 76 40 210 1 13 11 4 0 6.0
49 31 76 40 36 17 40 29941 5 17 12 13 0 10 9 7 0 20 15 15 0 8 6 5 1 16 16 19 1 4.0
50 56 48 40 16 69 40 1817 1 10 10 14 1 5.0
51 41 44 40 51 67 40 14563 4 17 8 30 0 19 18 30 0 14 9 5 1 9 8 7 1 5.0
52 53 54 40 34 78 40 21667 4 8 8 3 0 20 17 5 0 24 13 19 0 8 6 1 0 4.0
53 57 47 40 15 27 40 15962 5 9 8 4 0 10 8 1 0 18 6 5 0 8 7 8 0 21 21 15 1 4.0
