5     53    45000 60    25    30   
0     40    50    0     40    50    1236  0     
1 24 69 40 33 32 40 1405 1 13 11 5 0 4.0
2 12 53 40 46 16 40 140 1 9 6 2 0 5.0
3 31 51 40 40 79 40 611 1 9 9 9 0 6.0
4 54 81 40 67 29 40 45000 4 8 8 6 0 15 15 15 0 10 9 14 0 8 6 2 0 4.0
5 57 56 40 57 67 40 8841 5 14 14 9 0 33 25 24 0 15 15 5 0 28 18 8 1 23 18 5 1 6.0
6 51 77 40 53 17 40 6124 5 23 19 5 0 18 18 5 0 12 7 5 0 8 8 5 0 10 10 26 1 6.0
7 43 28 40 28 79 40 10095 5 10 8 3 0 21 15 27 0 51 24 3 0 9 9 1 0 8 6 3 1 6.0
8 40 24 40 23 76 40 1543 5 10 10 10 0 23 15 3 0 11 11 8 0 11 7 3 0 10 6 3 1 6.0
9 15 73 40 38 77 40 45000 3 15 15 20 0 23 23 14 0 32 24 14 0 4.0
10 28 71 40 50 54 40 16670 5 8 8 3 0 11 7 8 0 8 8 8 0 10 10 10 1 31 20 4 1 4.0
11 37 67 40 40 82 40 3643 1 26 25 4 0 5.0
12 58 49 40 28 51 40 4012 2 20 16 4 0 10 10 10 0 4.0
13 66 43 40 21 74 40 20572 1 19 19 21 0 4.0
14 68 50 40 61 37 40 203 1 9 6 4 0 5.0
15 63 44 40 23 19 40 1740 3 18 5 5 0 28 6 8 0 9 7 11 0 6.0
16 43 15 40 39 21 40 150 1 9 6 2 1 5.0
17 14 28 40 45 23 40 1923 4 11 11 11 0 9 7 6 0 13 9 13 0 8 7 4 1 6.0
18 34 23 40 45 39 40 3306 5 10 9 6 0 9 9 2 0 20 15 5 0 12 8 6 0 10 7 10 0 5.0
19 65 23 40 17 46 40 39485 3 12 11 13 0 12 10 9 0 12 11 12 1 4.0
20 44 49 40 43 25 40 9918 4 10 10 10 0 27 22 11 0 10 8 6 0 9 6 6 0 5.0
21 13 38 40 33 75 40 18622 4 15 15 10 0 18 14 10 0 54 22 8 0 9 7 8 1 5.0
22 42 72 40 66 51 40 1509 1 20 13 12 0 6.0
23 57 38 40 64 28 40 1070 3 13 13 20 0 8 6 6 0 27 22 2 1 6.0
24 13 34 40 22 55 40 841 1 28 10 4 0 6.0
25 52 62 40 64 74 40 706 1 7 6 5 0 4.0
26 46 81 40 27 82 40 14538 5 11 9 6 0 27 9 27 0 25 8 3 1 10 8 3 1 8 6 6 1 4.0
27 62 76 40 19 58 40 496 1 10 8 5 0 5.0
28 13 43 40 41 29 40 3159 1 11 7 7 0 4.0
29 27 26 40 15 42 40 2566 4 8 8 8 0 10 8 6 1 8 6 1 1 26 20 4 1 6.0
30 42 58 40 36 54 40 2845 2 13 13 5 0 17 17 6 0 5.0
31 43 54 40 43 21 40 25330 4 26 6 6 0 18 18 24 0 19 10 8 0 10 8 3 1 4.0
32 23 33 40 15 80 40 5013 4 10 10 13 0 10 9 8 0 8 7 11 0 9 8 7 1 4.0
33 58 55 40 14 23 40 6185 4 13 13 12 0 14 9 3 0 15 15 5 1 15 10 15 1 5.0
34 57 36 40 29 31 40 6104 5 11 8 2 0 8 8 8 0 9 8 5 0 8 6 7 0 51 6 10 1 5.0
35 36 49 40 21 41 40 528 1 8 8 8 0 5.0
36 42 59 40 27 54 40 5626 1 38 25 10 0 6.0
37 40 84 40 25 34 40 167 1 14 9 1 0 5.0
38 41 68 40 30 31 40 28939 5 18 14 10 0 31 20 10 0 19 19 6 0 21 17 8 0 15 15 15 1 4.0
39 16 47 40 11 61 40 7557 5 24 12 10 0 15 10 9 0 38 9 7 0 15 15 3 1 10 9 3 1 5.0
40 32 33 40 10 40 40 10466 2 8 8 8 0 36 18 8 1 4.0
41 55 60 40 49 28 40 4682 3 15 13 8 0 20 20 16 0 8 8 15 0 6.0
42 25 15 40 34 31 40 896 1 11 8 5 1 4.0
43 30 79 40 65 81 40 20678 4 9 7 4 0 21 8 13 1 16 13 6 1 13 10 9 1 4.0
44 43 73 40 54 40 40 7553 5 10 9 8 0 26 20 10 0 15 15 15 0 13 13 13 0 18 18 5 1 6.0
45 18 64 40 13 25 40 4100 2 24 24 30 0 8 8 8 0 6.0
46 62 71 40 34 55 40 45000 5 23 11 20 0 16 11 19 0 27 25 3 0 9 6 2 1 54 25 6 1 4.0
47 13 81 40 35 28 40 5049 5 17 10 22 0 10 8 13 0 8 6 5 0 10 6 2 0 12 10 8 1 6.0
48 52 48 40 13 16 40 1054 1 12 11 7 0 5.0
49 62 26 40 37 50 40 31934 4 13 11 9 0 20 20 10 0 8 6 6 0 17 17 18 0 4.0
50 66 76 40 40 25 40 3844 5 10 6 2 0 15 7 5 0 18 14 10 1 13 6 4 1 9 6 13 1 5.0
51 39 84 40 31 73 40 2980 1 15 15 15 1 6.0
52 40 56 40 30 17 40 31651 4 37 25 11 0 10 8 10 0 9 6 3 0 8 8 3 0 4.0
53 30 74 40 11 25 40 4750 4 13 13 17 0 9 7 2 0 10 10 10 0 13 11 9 0 5.0
