5     53    45000 60    25    30   
0     40    50    0     40    50    1236  0     
1 35 25 40 38 70 40 4152 1 17 8 13 0 4.0
2 21 54 40 40 75 40 232 1 8 6 12 0 6.0
3 21 66 40 23 39 40 33 1 8 5 2 0 6.0
4 59 63 40 34 69 40 45000 4 17 17 20 0 13 5 1 0 10 9 7 0 20 10 10 0 4.0
5 58 62 40 19 44 40 1778 5 15 15 15 0 23 17 9 0 8 6 1 0 25 15 2 1 8 6 1 1 6.0
6 45 19 40 26 45 40 17829 5 30 25 30 0 10 10 10 0 10 10 8 0 18 12 3 0 11 7 1 1 6.0
7 19 63 40 15 42 40 5234 5 10 10 7 0 9 9 8 0 13 10 6 0 13 13 3 0 13 7 4 1 5.0
8 63 66 40 65 34 40 22888 5 22 17 7 0 18 16 9 0 15 15 15 0 13 9 6 0 8 7 5 1 4.0
9 15 54 40 21 43 40 5684 3 8 6 1 0 9 8 5 0 24 18 7 0 5.0
10 45 21 40 55 46 40 16984 5 10 7 5 0 16 6 9 0 15 13 9 0 25 25 2 1 15 8 5 1 4.0
11 39 29 40 21 40 40 573 1 10 8 5 0 5.0
12 35 30 40 64 42 40 4364 2 8 5 4 0 15 15 15 0 5.0
13 19 60 40 44 81 40 2309 1 23 17 2 0 4.0
14 46 20 40 34 74 40 180 1 11 7 3 0 6.0
15 64 57 40 26 39 40 7145 3 30 15 2 0 21 10 7 0 25 17 10 0 5.0
16 36 25 40 26 44 40 45000 1 42 22 27 1 4.0
17 47 31 40 44 74 40 6720 4 10 10 10 0 11 9 10 0 15 10 10 0 34 5 5 1 5.0
18 54 62 40 59 47 40 6067 5 17 10 30 0 8 5 4 0 9 5 2 0 35 12 7 0 18 14 7 0 6.0
19 65 65 40 58 34 40 26228 3 26 13 22 0 11 7 3 0 10 6 3 1 4.0
20 64 55 40 25 38 40 43515 4 27 15 30 0 52 20 5 0 30 25 5 0 8 6 15 0 4.0
21 34 31 40 64 43 40 7802 4 28 16 5 0 24 9 9 0 20 11 3 0 10 10 10 1 5.0
22 42 20 40 27 42 40 1776 1 25 16 3 0 5.0
23 46 32 40 59 43 40 7681 3 25 6 7 0 10 10 10 0 15 7 7 1 4.0
24 41 24 40 36 79 40 4988 1 23 13 9 0 5.0
25 42 27 40 22 46 40 12551 1 20 10 12 0 4.0
26 26 61 40 36 81 40 871 5 12 12 2 0 21 6 7 0 23 16 5 1 9 5 3 1 15 10 10 1 6.0
27 24 58 40 23 36 40 378 1 10 10 6 0 6.0
28 25 60 40 54 42 40 27377 1 23 11 19 0 4.0
29 60 58 40 47 81 40 2089 4 17 5 6 0 15 15 5 1 15 15 10 1 12 8 1 1 6.0
30 22 67 40 24 40 40 6389 2 14 14 30 0 20 15 25 0 6.0
31 40 23 40 61 39 40 18941 4 25 6 6 0 10 8 2 0 21 14 11 0 13 8 8 1 4.0
32 66 60 40 23 44 40 6899 4 18 17 11 0 8 6 6 0 19 16 5 0 15 5 9 1 5.0
33 35 28 40 34 70 40 17285 4 9 7 3 0 10 10 7 0 20 15 25 1 9 9 6 1 5.0
34 18 60 40 39 72 40 21383 5 12 11 7 0 22 22 8 0 8 5 1 0 11 9 7 0 13 13 2 1 4.0
35 60 66 40 40 79 40 399 1 11 8 7 0 6.0
36 34 28 40 25 40 40 51 1 8 6 2 0 6.0
37 64 67 40 56 46 40 2495 1 20 20 9 0 6.0
38 28 62 40 55 38 40 7115 5 16 15 16 0 22 17 7 0 13 12 10 0 14 8 11 0 9 8 4 1 6.0
39 24 56 40 34 80 40 11049 5 8 8 6 0 16 10 18 0 8 5 1 0 42 25 5 1 12 7 3 1 5.0
40 55 60 40 66 44 40 4276 2 12 5 5 0 20 14 10 1 5.0
41 19 65 40 58 40 40 4673 3 15 8 8 0 17 12 5 0 15 14 8 0 5.0
42 24 63 40 17 47 40 572 1 25 18 5 1 6.0
43 21 62 40 46 73 40 42139 4 15 10 30 0 13 12 5 1 10 9 9 1 12 12 12 1 4.0
44 26 57 40 61 40 40 4647 5 10 10 7 0 12 9 4 0 15 15 15 0 8 8 5 0 11 8 8 1 5.0
45 65 57 40 44 77 40 7615 2 22 17 7 0 9 7 5 0 4.0
46 59 60 40 59 39 40 19408 5 9 8 6 0 8 8 8 0 21 17 3 0 17 17 8 1 17 13 7 1 4.0
47 61 59 40 35 73 40 2666 5 12 7 2 0 10 8 2 0 34 6 4 0 28 8 8 0 12 11 4 1 6.0
48 58 64 40 41 75 40 845 1 16 12 12 0 6.0
49 16 59 40 42 80 40 20354 4 10 8 7 0 19 14 15 0 8 5 4 0 15 15 18 0 4.0
50 60 55 40 19 36 40 20725 5 10 10 14 0 16 8 30 0 18 18 30 1 14 9 5 1 9 7 6 1 5.0
51 62 55 40 24 36 40 120 1 8 8 2 1 5.0
52 37 31 40 66 43 40 19684 4 20 17 5 0 24 12 18 0 8 5 1 0 8 7 4 0 4.0
53 25 63 40 60 46 40 15043 4 10 8 1 0 17 5 5 0 7 7 8 0 21 21 15 0 4.0
