5     53    45000 60    25    30   
0     40    50    0     40    50    1236  0     
1 17 55 40 56 46 40 37093 4 24 18 5 0 11 6 8 0 28 23 10 0 20 8 28 1 4.0
2 20 50 40 23 51 40 705 1 10 9 4 1 5.0
3 44 20 40 25 46 40 3541 3 22 18 14 0 8 6 6 0 8 6 4 1 6.0
4 54 53 40 23 46 40 10571 4 21 18 4 0 9 7 5 0 26 21 12 0 8 7 11 1 5.0
5 40 27 40 25 56 40 131 1 11 8 7 0 6.0
6 45 76 40 27 51 40 26869 4 30 17 4 0 35 15 10 0 23 18 8 1 23 20 5 1 4.0
7 60 46 40 67 57 40 16533 4 20 6 3 0 33 6 6 0 18 13 5 0 11 8 4 1 4.0
8 16 51 40 34 29 40 2110 2 40 25 2 0 10 7 3 0 5.0
9 66 50 40 63 45 40 10952 4 13 9 6 0 18 10 16 0 9 6 5 0 53 20 5 0 5.0
10 35 76 40 41 29 40 6578 2 8 7 5 0 16 14 14 0 5.0
11 38 23 40 56 50 40 2587 2 15 15 5 0 13 13 5 1 5.0
12 44 31 40 15 50 40 37473 3 33 23 10 0 8 6 2 0 10 10 9 1 4.0
13 39 80 40 55 47 40 15772 2 14 14 14 0 14 13 5 0 4.0
14 14 57 40 36 30 40 10409 3 16 6 7 0 8 6 7 0 10 8 7 0 4.0
15 46 28 40 46 20 40 6256 5 10 10 5 0 32 19 30 0 13 8 4 0 11 9 4 0 8 8 8 1 6.0
16 15 52 40 58 45 40 7278 3 33 24 6 0 9 9 9 0 26 14 22 1 6.0
17 57 47 40 43 27 40 7379 5 10 8 6 0 9 8 5 0 8 6 4 0 15 11 9 0 9 8 5 1 4.0
18 59 48 40 37 72 40 4150 5 13 10 13 0 10 10 10 0 22 13 15 0 10 6 7 1 26 15 13 1 6.0
19 44 70 40 22 49 40 45000 4 17 14 18 0 10 8 8 1 23 23 14 1 28 13 13 1 4.0
20 40 24 40 46 27 40 1315 2 14 8 3 0 24 12 4 1 6.0
21 34 31 40 35 78 40 260 2 10 8 5 0 20 6 6 0 6.0
22 42 76 40 35 23 40 19353 2 16 8 16 0 35 6 6 0 4.0
23 37 79 40 45 21 40 3585 4 8 6 4 0 8 6 3 0 40 15 4 0 22 19 24 1 6.0
24 43 75 40 67 53 40 84 2 8 6 6 0 8 6 1 0 6.0
25 37 30 40 27 46 40 25413 3 8 6 8 0 22 15 3 0 9 7 4 0 4.0
26 26 52 40 36 72 40 355 1 8 8 8 0 6.0
27 62 56 40 17 54 40 5839 2 31 11 5 0 18 15 10 1 5.0
28 44 81 40 58 57 40 908 1 15 9 6 0 5.0
29 61 49 40 37 25 40 4929 5 12 8 4 0 15 8 4 0 8 8 8 0 15 8 6 0 17 11 6 1 5.0
30 61 52 40 40 78 40 4059 2 19 11 13 0 10 8 5 0 5.0
31 19 49 40 23 53 40 36400 4 10 8 1 0 20 15 8 0 17 10 6 0 27 17 17 0 4.0
32 40 81 40 46 80 40 789 4 18 18 4 0 8 6 4 0 8 8 8 0 8 8 10 1 6.0
33 40 73 40 46 79 40 13478 2 25 17 15 0 10 8 7 1 5.0
34 15 56 40 65 55 40 27206 4 9 7 5 0 11 11 13 1 20 15 13 1 17 17 23 1 4.0
35 36 29 40 46 25 40 438 2 10 8 5 0 10 8 1 0 5.0
36 38 32 40 45 72 40 5926 2 26 18 26 0 10 8 3 0 6.0
37 16 54 40 61 54 40 18893 3 9 9 3 0 23 13 7 0 10 7 6 1 4.0
38 38 69 40 35 75 40 6666 4 33 25 12 0 11 9 7 0 8 6 3 0 32 8 3 1 6.0
39 20 55 40 56 53 40 44851 3 26 18 9 0 15 11 3 0 51 23 10 1 4.0
40 43 79 40 65 51 40 267 1 10 8 6 0 6.0
41 47 78 40 14 55 40 5671 4 9 8 7 0 11 9 13 0 12 9 2 0 9 7 7 0 4.0
42 16 56 40 37 80 40 3725 3 8 6 5 0 9 8 5 0 15 8 30 1 5.0
43 42 20 40 67 45 40 5706 5 8 6 3 0 10 6 4 0 15 15 5 0 13 8 8 0 13 8 13 0 5.0
44 37 70 40 34 21 40 18048 4 10 10 3 0 10 7 4 0 33 18 3 0 27 25 10 1 5.0
45 24 50 40 59 50 40 747 1 12 12 10 1 6.0
46 34 73 40 39 22 40 45000 5 16 16 9 0 11 7 4 0 27 6 4 0 21 16 13 0 15 10 2 1 4.0
47 54 44 40 35 19 40 16570 1 29 25 20 0 5.0
48 67 52 40 25 44 40 582 1 14 8 6 0 6.0
49 45 27 40 25 45 40 44541 5 10 10 5 0 17 14 13 0 35 6 6 0 25 20 10 1 33 13 22 1 4.0
50 38 74 40 21 55 40 50 1 8 8 5 1 6.0
51 35 73 40 59 49 40 26552 4 53 25 10 0 11 10 5 0 15 8 4 1 23 20 10 1 5.0
52 38 30 40 56 51 40 27893 4 11 7 5 0 25 15 20 0 26 6 7 0 18 10 15 0 4.0
53 58 47 40 42 79 40 27160 5 15 13 25 0 10 9 7 0 14 12 4 0 9 8 11 0 23 18 6 1 4.0
