5     53    45000 60    25    30   
0     40    50    0     40    50    1236  0     
1 51 37 40 15 63 40 8412 2 20 9 15 0 9 7 14 0 4.0
2 32 81 40 27 63 40 3771 2 9 6 3 0 20 20 23 0 6.0
3 61 38 40 27 33 40 1606 3 15 6 2 0 11 11 8 0 23 11 11 0 6.0
4 10 81 40 52 16 40 45000 3 17 17 17 0 26 20 10 1 9 7 2 1 4.0
5 19 68 40 38 27 40 357 2 28 17 3 0 9 7 2 1 6.0
6 45 21 40 38 19 40 17633 1 33 25 30 0 6.0
7 27 78 40 67 67 40 6178 3 11 11 11 0 11 11 9 1 20 14 4 1 5.0
8 48 59 40 54 60 40 6060 3 13 9 2 0 11 11 9 0 11 11 10 1 4.0
9 20 40 40 48 57 40 4397 3 15 11 7 0 15 15 4 0 15 8 5 1 5.0
10 16 24 40 12 25 40 29887 2 26 20 9 0 20 19 10 0 4.0
11 49 33 40 55 16 40 7044 1 17 17 17 0 5.0
12 70 28 40 13 67 40 1296 1 15 10 7 0 5.0
13 66 22 40 18 22 40 3620 3 9 9 6 0 10 7 2 1 10 10 6 1 4.0
14 37 37 40 38 84 40 5594 3 27 21 9 0 11 9 6 0 19 7 11 1 6.0
15 57 65 40 18 76 40 5018 2 17 15 10 0 28 25 3 1 5.0
16 64 25 40 52 84 40 3276 2 17 9 6 0 11 9 6 0 4.0
17 22 85 40 30 39 40 8025 2 9 6 5 0 17 17 17 0 5.0
18 42 26 40 30 45 40 1910 3 27 20 2 0 13 9 3 0 34 17 3 0 6.0
19 49 35 40 64 16 40 27649 2 24 11 8 0 28 20 11 1 4.0
20 64 52 40 52 73 40 45000 2 48 25 30 0 11 11 11 0 4.0
21 16 63 40 11 45 40 5370 2 13 10 11 1 18 12 12 1 5.0
22 43 82 40 54 73 40 12243 3 39 6 6 0 20 11 30 1 9 6 5 1 5.0
23 11 57 40 18 49 40 546 1 11 6 3 0 4.0
24 14 41 40 20 65 40 14680 2 40 14 9 0 20 16 9 0 5.0
25 30 29 40 34 24 40 45000 1 30 15 25 1 4.0
26 69 85 40 55 31 40 66 1 13 9 3 0 6.0
27 23 83 40 67 33 40 10105 2 11 7 3 0 31 17 30 0 6.0
28 13 26 40 56 35 40 45000 2 60 23 6 0 34 25 6 0 4.0
29 56 17 40 68 77 40 4089 3 9 7 17 0 32 18 6 0 27 11 11 0 6.0
30 37 75 40 40 39 40 1396 2 23 13 4 0 12 12 12 1 6.0
31 14 35 40 20 26 40 14381 2 28 19 4 0 28 7 9 0 4.0
32 29 68 40 68 43 40 7971 3 11 11 11 0 17 9 9 0 27 15 10 1 5.0
33 59 45 40 61 77 40 6898 1 23 11 14 0 5.0
34 70 45 40 25 19 40 17844 3 14 14 3 0 24 7 8 0 26 19 6 1 4.0
35 21 30 40 65 18 40 1833 2 10 6 4 0 18 12 12 0 6.0
36 10 84 40 43 84 40 449 1 11 11 7 0 6.0
37 62 17 40 17 24 40 5707 2 26 13 22 0 19 6 7 0 6.0
38 18 84 40 12 53 40 3665 2 17 17 6 0 17 17 11 1 6.0
39 28 17 40 21 16 40 176 1 14 10 1 1 5.0
40 61 76 40 70 72 40 10594 1 16 16 30 0 5.0
41 37 66 40 36 51 40 15731 2 23 17 28 0 28 7 7 0 5.0
42 23 81 40 28 16 40 1319 2 11 9 2 0 24 16 13 0 6.0
43 64 75 40 27 28 40 38355 3 15 9 9 0 21 20 13 0 9 7 7 0 4.0
44 48 60 40 19 23 40 2964 2 22 19 6 0 17 6 10 1 5.0
45 54 69 40 50 68 40 771 1 11 9 3 1 4.0
46 49 73 40 19 19 40 39371 2 11 11 8 0 23 17 28 0 4.0
47 12 58 40 25 41 40 1799 2 10 10 7 0 14 13 9 0 6.0
48 59 25 40 46 18 40 2313 2 25 25 10 0 9 6 1 1 6.0
49 40 29 40 66 52 40 4226 2 13 11 8 0 15 15 3 0 4.0
50 39 69 40 55 64 40 1350 1 13 10 8 0 5.0
51 35 34 40 16 37 40 11402 3 10 7 2 0 23 23 11 0 18 18 19 0 5.0
52 49 23 40 41 17 40 12888 1 26 20 9 0 4.0
53 47 54 40 45 41 40 5046 1 15 14 12 1 4.0
