5     52    45000 60    25    30   
0     40    50    0     40    50    1236  0     
1 26 48 40 64 38 40 6869 2 24 17 5 0 10 6 8 1 4.0
2 34 70 40 17 45 40 18347 2 27 23 9 0 20 7 27 0 5.0
3 15 40 40 30 84 40 2999 2 10 8 3 0 22 17 13 1 6.0
4 21 42 40 52 73 40 423 2 8 6 5 0 8 5 3 0 5.0
5 64 62 40 23 58 40 1812 5 20 18 4 0 8 6 4 0 26 21 11 0 7 6 10 1 10 7 7 1 6.0
6 69 67 40 20 29 40 14486 2 29 16 4 0 34 15 10 1 4.0
7 49 68 40 43 28 40 36824 5 22 17 7 0 22 20 5 0 20 5 2 0 32 5 5 1 17 12 5 1 4.0
8 19 74 40 14 76 40 2885 4 11 8 4 0 39 25 2 0 10 6 3 0 12 9 5 1 5.0
9 15 41 40 17 16 40 12957 5 17 9 15 0 8 5 5 0 52 20 5 1 8 6 4 1 15 14 14 1 5.0
10 20 83 40 44 17 40 17505 4 15 15 5 0 13 13 5 0 32 22 10 0 8 5 2 1 5.0
11 55 62 40 64 26 40 1182 1 10 10 9 1 5.0
12 12 16 40 68 18 40 14485 3 13 13 13 0 14 12 4 0 15 5 6 0 4.0
13 30 28 40 32 42 40 45000 5 8 6 7 0 9 8 7 0 10 10 5 1 31 19 30 1 12 8 3 1 4.0
14 14 34 40 54 31 40 5523 2 10 8 4 0 8 8 8 0 4.0
15 46 24 40 16 43 40 1357 2 32 24 5 0 8 8 8 0 6.0
16 67 38 40 27 50 40 4228 2 26 13 22 0 10 8 5 0 6.0
17 51 21 40 26 34 40 8543 5 9 7 5 0 8 5 3 0 15 10 8 0 8 8 4 0 12 10 12 0 4.0
18 33 56 40 52 42 40 3239 4 10 10 10 0 22 13 14 0 10 6 6 0 26 14 12 1 6.0
19 42 42 40 68 35 40 16059 2 17 14 18 1 10 7 7 1 4.0
20 11 36 40 64 40 40 5990 1 22 22 14 0 5.0
21 60 69 40 38 63 40 1581 5 27 13 13 0 14 8 3 0 24 11 3 0 10 8 5 0 20 6 6 1 6.0
22 18 25 40 19 42 40 16954 2 16 8 16 0 34 5 5 0 4.0
23 52 60 40 69 84 40 74 2 8 6 3 0 8 5 3 0 6.0
24 46 80 40 62 32 40 3136 5 39 15 4 0 22 19 23 0 8 6 5 0 8 5 1 1 8 6 8 1 6.0
25 11 53 40 16 72 40 9846 1 21 15 2 1 4.0
26 64 56 40 51 15 40 486 2 9 7 4 0 8 7 8 0 6.0
27 11 45 40 43 57 40 7317 5 30 11 5 0 17 15 10 0 15 8 6 0 11 8 3 1 14 8 3 1 5.0
28 23 23 40 70 62 40 574 1 8 8 8 0 5.0
29 50 74 40 46 38 40 7138 5 15 8 5 0 16 11 6 0 18 11 13 0 10 7 5 0 10 8 1 1 5.0
30 19 50 40 10 74 40 3675 2 19 14 7 0 16 10 6 0 5.0
31 65 23 40 20 38 40 26806 4 26 16 16 0 17 17 4 0 8 5 3 1 8 7 7 1 4.0
32 13 20 40 59 83 40 2548 5 8 8 10 0 25 16 15 0 10 7 6 0 9 6 5 1 10 10 12 1 6.0
33 59 30 40 61 72 40 19353 2 20 15 12 0 17 17 22 0 5.0
34 39 17 40 37 64 40 27563 3 10 7 5 0 10 8 1 0 26 18 26 0 4.0
35 23 77 40 10 60 40 263 2 10 8 2 0 8 8 2 0 5.0
36 24 62 40 54 15 40 928 2 22 12 6 0 10 6 6 0 6.0
37 24 19 40 67 53 40 45000 5 32 25 11 0 11 9 6 0 8 5 3 0 31 7 2 1 26 17 9 1 4.0
38 51 73 40 36 44 40 6651 3 14 10 2 0 49 22 10 0 10 7 6 1 6.0
39 12 78 40 46 51 40 917 1 8 7 6 0 4.0
40 44 54 40 61 47 40 650 1 10 9 13 0 6.0
41 39 67 40 30 54 40 500 1 12 9 2 1 4.0
42 45 83 40 17 23 40 4015 5 8 6 6 0 8 5 5 0 9 8 5 0 15 8 30 0 8 5 2 0 5.0
43 51 84 40 65 67 40 2047 2 10 5 4 0 15 15 5 0 5.0
44 17 60 40 57 78 40 6140 5 12 7 7 0 12 7 12 0 10 10 2 0 9 6 4 0 32 17 2 1 4.0
45 41 52 40 42 23 40 4118 2 26 25 10 0 12 12 10 1 6.0
46 18 44 40 22 71 40 45000 4 16 16 8 0 10 7 3 0 26 5 4 0 20 15 13 0 4.0
47 43 44 40 42 34 40 343 1 15 10 2 1 5.0
48 23 19 40 23 41 40 16073 5 28 25 20 0 13 8 5 0 10 10 5 0 16 14 12 0 34 5 5 1 6.0
49 26 74 40 25 36 40 31049 2 25 20 10 0 32 12 22 0 4.0
50 69 40 40 55 53 40 2080 2 8 8 5 0 52 25 10 0 6.0
51 16 38 40 19 61 40 7575 4 10 10 4 0 14 8 3 0 23 19 10 0 10 7 4 1 5.0
52 36 52 40 40 80 40 12628 5 25 15 20 0 25 5 6 0 17 10 15 0 15 12 25 0 10 8 7 0 6.0
