5     53    45000 60    25    30   
0     40    50    0     40    50    1236  0     
1 38 20 40 66 45 40 7844 2 17 13 11 0 13 10 6 0 4.0
2 37 24 40 23 45 40 4275 2 23 13 7 0 13 8 3 0 5.0
3 37 78 40 66 50 40 2245 3 13 9 9 0 12 12 23 0 11 9 8 0 6.0
4 36 71 40 45 29 40 27632 3 15 7 2 0 23 16 15 1 13 13 13 1 4.0
5 37 79 40 41 31 40 1560 2 45 9 5 0 13 13 10 1 6.0
6 61 47 40 20 54 40 4380 1 22 17 18 0 6.0
7 67 57 40 16 44 40 12714 3 28 10 17 0 17 15 15 1 12 10 8 1 5.0
8 55 45 40 45 26 40 7599 3 15 7 1 0 23 17 10 0 17 13 17 1 5.0
9 23 57 40 21 51 40 39180 3 25 19 30 0 13 12 2 0 23 14 23 1 5.0
10 57 50 40 46 75 40 27057 2 26 25 7 0 17 13 3 0 4.0
11 54 53 40 44 30 40 8101 1 26 22 6 0 4.0
12 35 75 40 42 71 40 88 1 11 8 3 0 6.0
13 16 57 40 26 50 40 45000 3 28 18 11 0 26 20 26 1 20 13 7 1 4.0
14 44 20 40 57 54 40 5904 3 13 13 13 0 12 8 12 0 17 17 7 1 5.0
15 45 32 40 67 44 40 1853 2 15 11 9 0 13 10 11 1 6.0
16 17 49 40 17 45 40 20294 2 26 22 5 0 13 10 7 0 4.0
17 59 46 40 56 50 40 1313 2 28 24 7 0 13 11 8 0 6.0
18 62 57 40 21 55 40 19233 3 60 10 10 0 21 11 9 0 11 11 11 0 4.0
19 65 54 40 19 46 40 45000 2 42 23 23 0 17 11 23 1 4.0
20 58 57 40 27 51 40 1310 2 11 7 1 0 12 9 8 0 5.0
21 40 28 40 67 56 40 3655 2 19 16 5 1 43 25 4 1 6.0
22 38 22 40 47 29 40 8358 3 19 13 5 0 20 13 13 1 11 7 1 1 5.0
23 61 53 40 21 49 40 44619 1 28 25 28 0 4.0
24 46 21 40 64 46 40 5028 2 30 23 7 0 13 11 13 0 6.0
25 59 44 40 45 25 40 11350 1 60 15 7 1 5.0
26 18 46 40 59 47 40 1492 1 20 13 7 0 6.0
27 45 75 40 40 69 40 4639 2 28 10 17 0 14 10 10 0 6.0
28 37 77 40 39 81 40 15401 2 19 15 11 0 60 10 5 0 4.0
29 47 26 40 40 70 40 3047 3 13 9 1 0 18 16 13 0 26 19 1 0 6.0
30 17 52 40 66 46 40 7804 2 40 10 10 0 27 25 26 1 6.0
31 37 80 40 34 28 40 45000 2 23 10 3 0 12 11 18 0 4.0
32 45 74 40 42 78 40 807 3 16 15 4 0 13 11 7 0 11 11 11 1 6.0
33 15 47 40 40 75 40 12538 1 43 23 23 0 6.0
34 21 48 40 16 47 40 45000 3 15 15 16 0 37 21 7 0 11 9 11 1 4.0
35 45 20 40 42 31 40 258 2 11 8 5 0 11 7 2 0 6.0
36 66 48 40 15 48 40 1882 1 21 21 7 0 6.0
37 39 26 40 24 50 40 9944 2 13 11 1 0 18 17 14 0 4.0
38 38 79 40 44 77 40 14554 2 59 25 10 0 23 13 8 1 6.0
39 42 77 40 45 28 40 342 1 17 17 1 1 5.0
40 37 20 40 15 46 40 9803 1 25 25 7 0 4.0
41 41 71 40 54 47 40 830 2 11 7 2 0 12 9 5 0 5.0
42 40 71 40 43 75 40 1245 2 17 13 3 0 24 11 3 0 5.0
43 43 24 40 44 32 40 33407 3 15 13 13 0 20 20 3 0 11 8 2 0 4.0
44 42 75 40 38 73 40 7417 2 11 9 11 0 18 11 9 1 4.0
45 26 57 40 15 49 40 1958 1 20 13 7 1 5.0
46 43 28 40 14 44 40 10842 2 19 18 7 0 23 23 5 0 4.0
47 56 47 40 40 32 40 4647 2 11 8 11 0 22 15 8 0 5.0
48 39 76 40 35 32 40 4398 2 23 21 5 0 11 7 5 1 5.0
49 27 45 40 42 69 40 16415 2 15 12 11 0 13 12 7 0 4.0
50 20 49 40 41 72 40 9401 1 25 17 19 0 5.0
51 41 79 40 65 46 40 8339 3 11 7 7 0 31 23 7 0 48 25 3 0 5.0
52 44 19 40 66 51 40 3931 1 42 12 9 0 5.0
53 59 55 40 56 51 40 5385 1 16 11 15 1 4.0
