5     53    45000 60    25    30   
0     40    50    0     40    50    1236  0     
1 24 69 40 33 32 40 3386 1 14 11 9 0 4.0
2 12 53 40 46 16 40 711 1 10 8 5 0 5.0
3 31 51 40 40 79 40 546 1 19 11 6 0 6.0
4 54 81 40 67 29 40 11197 4 11 7 3 0 10 8 8 0 10 10 19 0 9 7 7 0 4.0
5 57 56 40 57 67 40 2825 5 13 6 2 0 19 13 13 0 11 11 11 0 38 7 4 1 11 11 8 1 6.0
6 51 77 40 53 17 40 6090 5 18 14 15 0 23 8 14 0 14 13 13 0 10 8 7 0 13 6 1 1 6.0
7 43 28 40 28 79 40 23496 5 19 14 8 0 14 10 14 0 20 15 30 0 11 10 2 0 19 12 19 1 5.0
8 40 24 40 23 76 40 8260 5 22 20 6 0 14 11 3 0 22 18 5 0 9 7 2 0 24 15 9 1 5.0
9 15 73 40 38 77 40 19050 3 22 17 22 0 17 11 6 0 11 11 11 0 5.0
10 28 71 40 50 54 40 26554 5 10 7 10 0 14 14 6 0 13 9 8 0 10 8 9 1 22 18 4 1 4.0
11 37 67 40 40 82 40 1246 1 11 8 6 0 4.0
12 58 49 40 28 51 40 1147 2 23 20 6 0 11 9 7 0 6.0
13 66 43 40 21 74 40 22150 1 56 8 8 0 4.0
14 68 50 40 61 37 40 1177 1 17 9 7 0 5.0
15 63 44 40 23 19 40 10016 3 9 9 9 0 35 19 19 0 14 9 19 0 6.0
16 43 15 40 39 21 40 291 1 9 6 1 1 4.0
17 14 28 40 45 23 40 1039 4 10 7 7 0 15 13 4 0 36 25 3 0 15 11 4 1 6.0
18 34 23 40 45 39 40 36847 5 17 11 11 0 9 6 1 0 23 23 23 0 25 19 6 0 10 9 10 0 4.0
19 65 23 40 17 46 40 45000 3 56 12 6 0 17 11 6 0 23 8 14 1 4.0
20 44 49 40 43 25 40 5863 4 12 8 8 0 15 13 9 0 50 8 4 0 11 8 1 0 5.0
21 13 38 40 33 75 40 9873 4 15 13 11 0 22 15 1 0 33 8 8 0 23 22 22 1 6.0
22 42 72 40 66 51 40 542 1 19 8 2 0 5.0
23 57 38 40 64 28 40 5580 3 10 9 15 0 13 13 3 0 11 9 6 1 4.0
24 13 34 40 22 55 40 548 1 9 9 9 0 6.0
25 52 62 40 64 74 40 23414 1 36 19 19 0 5.0
26 46 81 40 27 82 40 5166 5 13 12 13 0 31 18 6 0 9 7 9 1 9 7 4 1 9 6 2 1 6.0
27 62 76 40 19 58 40 1464 1 18 18 6 0 6.0
28 13 43 40 41 29 40 249 1 11 9 1 0 4.0
29 27 26 40 15 42 40 8957 4 15 14 12 0 49 22 8 1 19 11 7 1 14 14 1 1 6.0
30 42 58 40 36 54 40 997 2 21 21 6 0 9 6 2 0 6.0
31 43 54 40 43 21 40 37620 4 10 7 4 0 14 11 3 0 20 9 3 0 12 10 10 1 4.0
32 23 33 40 15 80 40 634 4 17 17 3 0 9 7 2 0 9 8 9 0 15 9 7 1 6.0
33 58 55 40 14 23 40 2471 4 17 11 6 0 15 15 6 0 19 19 4 1 9 7 9 1 6.0
34 57 36 40 29 31 40 22286 5 18 12 7 0 19 18 4 0 9 6 4 0 12 10 9 0 11 10 6 1 4.0
35 36 49 40 21 41 40 1823 1 20 14 15 0 6.0
36 42 59 40 27 54 40 197 1 9 6 6 0 6.0
37 40 84 40 25 34 40 6658 1 26 19 6 0 4.0
38 41 68 40 30 31 40 6316 5 40 24 2 0 35 10 7 0 13 9 12 0 9 7 7 0 17 12 6 1 6.0
39 16 47 40 11 61 40 16860 5 13 11 13 0 10 7 5 0 22 22 21 0 15 10 6 1 11 6 15 1 5.0
40 32 33 40 10 40 40 17607 2 9 6 7 0 55 17 8 1 4.0
41 55 60 40 49 28 40 18452 3 22 22 27 0 17 17 8 0 9 6 1 0 5.0
42 25 15 40 34 31 40 3520 1 22 11 17 1 5.0
43 30 79 40 65 81 40 45000 4 18 11 9 0 19 14 7 1 11 11 17 1 19 17 11 1 4.0
44 43 73 40 54 40 40 34824 5 9 9 3 0 10 7 4 0 12 9 9 0 28 22 17 0 14 12 9 1 4.0
45 18 64 40 13 25 40 1046 2 13 9 4 0 9 8 7 0 5.0
46 62 71 40 34 55 40 8549 5 14 9 1 0 17 12 8 0 20 17 2 0 9 7 9 1 22 22 2 1 4.0
47 13 81 40 35 28 40 19154 5 11 9 2 0 14 9 16 0 10 9 8 0 19 18 18 0 20 17 17 1 5.0
48 52 48 40 13 16 40 5937 1 18 14 15 0 5.0
49 62 26 40 37 50 40 45000 4 33 6 9 0 29 10 30 0 10 9 15 0 12 7 6 0 4.0
50 66 76 40 40 25 40 9943 5 20 14 3 0 33 13 7 0 9 6 1 1 23 12 12 1 11 11 11 1 5.0
51 39 84 40 31 73 40 534 1 13 9 5 1 5.0
52 40 56 40 30 17 40 7942 4 19 11 11 0 18 15 12 0 14 14 8 0 17 11 11 0 5.0
53 30 74 40 11 25 40 15471 4 14 12 17 0 11 8 7 0 13 13 5 0 33 11 9 0 4.0
