5     53    45000 60    25    30   
0     40    50    0     40    50    1236  0     
1 16 46 40 17 49 40 7572 2 25 18 5 0 11 6 8 1 4.0
2 63 47 40 45 23 40 23875 3 29 24 10 0 21 8 29 0 10 9 4 0 5.0
3 22 47 40 56 46 40 4627 4 23 18 14 0 8 6 6 0 8 6 4 0 21 19 4 1 6.0
4 37 28 40 24 47 40 12673 5 9 7 5 0 27 22 12 0 8 7 11 0 11 8 7 0 31 17 4 1 5.0
5 57 56 40 34 28 40 2602 4 37 16 10 0 24 18 8 0 24 21 5 0 21 6 3 1 6.0
6 40 75 40 14 50 40 2549 1 34 6 6 0 4.0
7 45 75 40 43 23 40 24589 5 18 13 5 0 12 8 4 0 42 25 2 0 10 7 3 0 13 9 6 1 4.0
8 66 49 40 22 44 40 8789 4 18 10 16 0 9 6 5 0 55 21 5 1 8 7 5 1 5.0
9 21 44 40 46 25 40 17180 5 16 15 15 0 16 16 5 0 14 14 5 1 35 24 10 1 8 6 2 1 5.0
10 44 76 40 25 52 40 1733 1 10 10 9 1 5.0
11 64 53 40 63 50 40 4883 2 14 14 14 0 15 13 5 1 5.0
12 42 79 40 55 48 40 4399 2 16 6 7 0 8 6 7 1 4.0
13 42 73 40 43 32 40 45000 5 10 8 7 0 10 10 5 0 33 20 30 0 13 8 4 0 11 9 4 1 4.0
14 60 52 40 42 69 40 3399 1 8 8 8 0 4.0
15 16 52 40 42 81 40 4725 4 35 25 6 0 9 9 9 0 27 14 23 0 10 8 6 1 6.0
16 37 80 40 40 73 40 298 2 9 8 5 0 8 6 4 0 6.0
17 47 72 40 44 73 40 11885 4 16 11 9 0 9 8 5 0 13 10 13 1 10 10 10 1 4.0
18 59 50 40 37 26 40 5420 5 23 14 15 0 10 6 7 0 27 15 13 0 18 15 19 0 10 8 8 1 6.0
19 34 79 40 54 46 40 45000 4 24 24 15 0 29 14 14 0 15 8 3 0 25 12 4 0 4.0
20 43 29 40 36 30 40 4381 5 10 8 5 0 21 6 6 0 17 8 17 0 36 6 6 0 8 6 4 0 6.0
21 47 19 40 26 52 40 3406 5 8 6 3 0 42 16 4 0 23 20 25 0 8 6 6 0 8 6 1 0 6.0
22 46 75 40 20 56 40 2247 1 8 6 8 0 4.0
23 45 76 40 42 77 40 1050 4 22 16 3 0 9 7 4 0 8 8 8 1 32 12 5 1 6.0
24 40 81 40 44 78 40 716 1 18 16 10 0 6.0
25 24 56 40 42 26 40 35009 4 16 9 6 0 12 8 4 0 15 8 4 1 8 8 8 1 4.0
26 22 50 40 43 25 40 533 1 16 8 6 0 6.0
27 67 50 40 55 55 40 5853 2 17 12 6 1 19 12 14 1 5.0
28 34 22 40 18 55 40 449 1 10 8 5 1 5.0
29 43 81 40 44 26 40 17755 4 10 8 1 0 20 15 8 0 17 10 6 1 28 17 17 1 5.0
30 60 50 40 59 44 40 1688 1 18 18 4 0 5.0
31 44 82 40 44 20 40 28906 5 8 6 4 0 8 8 8 0 8 8 10 0 26 17 16 0 10 8 7 1 4.0
32 24 49 40 37 82 40 4311 5 9 7 5 0 11 11 13 0 21 16 13 0 18 18 24 0 10 8 5 0 6.0
33 35 25 40 67 48 40 27075 2 10 8 1 0 27 19 27 0 5.0
34 43 78 40 59 53 40 6754 4 10 8 3 0 9 9 3 0 24 13 7 0 10 7 6 1 4.0
35 60 53 40 60 48 40 14857 5 34 25 12 0 12 9 7 0 8 6 3 0 33 8 3 0 27 18 9 0 5.0
36 34 21 40 45 74 40 236 1 15 11 3 0 6.0
37 63 48 40 43 77 40 45000 1 52 24 10 0 4.0
38 56 54 40 38 27 40 1509 4 10 8 6 0 9 8 7 1 11 9 14 1 13 9 2 1 6.0
39 66 52 40 46 24 40 13319 4 9 7 7 0 8 6 5 1 9 8 5 1 16 8 30 1 4.0
40 45 71 40 39 79 40 213 2 8 6 3 0 10 6 4 0 6.0
41 64 46 40 40 24 40 9368 5 16 16 5 0 13 8 8 0 13 8 13 1 10 10 3 1 10 7 4 1 4.0
42 35 19 40 47 25 40 1628 1 34 18 3 0 5.0
43 55 53 40 34 31 40 17920 4 28 25 10 0 13 13 10 0 17 17 9 0 11 7 4 1 5.0
44 16 49 40 15 46 40 42478 4 28 6 4 0 21 16 14 0 16 10 2 0 30 25 21 0 5.0
45 46 31 40 46 21 40 348 1 14 8 6 0 6.0
46 25 44 40 19 46 40 37181 2 10 10 5 0 17 15 13 0 4.0
47 24 48 40 44 21 40 35417 5 36 6 6 0 26 21 10 0 34 13 23 0 8 8 5 0 55 25 10 0 5.0
48 19 50 40 21 51 40 476 1 11 10 5 0 6.0
49 64 48 40 25 50 40 33249 4 15 8 4 0 24 20 10 0 11 7 5 0 26 16 21 0 4.0
50 38 79 40 24 50 40 177 1 27 6 7 0 6.0
51 15 55 40 63 54 40 4050 1 18 10 16 0 5.0
52 57 50 40 37 81 40 17920 4 16 13 26 0 10 9 7 0 14 12 4 0 9 8 11 0 4.0
53 20 46 40 55 47 40 7861 1 24 19 6 0 4.0
