5     53    45000 60    25    30   
0     40    50    0     40    50    1236  0     
1 17 55 40 56 46 40 12250 2 29 21 6 0 12 7 10 1 4.0
2 20 50 40 23 51 40 30460 2 33 25 11 0 24 9 30 1 5.0
3 44 20 40 25 46 40 282 1 12 10 4 1 6.0
4 54 53 40 23 46 40 11172 3 26 21 16 0 10 7 7 0 10 7 4 0 5.0
5 40 27 40 25 56 40 2919 3 24 21 5 0 10 8 5 0 31 25 14 1 6.0
6 45 76 40 27 51 40 11096 3 9 8 12 0 12 9 8 0 36 20 5 0 4.0
7 60 46 40 67 57 40 45000 3 42 18 12 0 27 21 9 0 27 24 6 0 4.0
8 16 51 40 34 29 40 4110 3 24 7 3 0 39 7 7 0 21 15 6 0 5.0
9 66 50 40 63 45 40 3650 2 13 10 5 0 48 25 2 0 5.0
10 35 76 40 41 29 40 10971 3 12 8 4 0 15 11 7 1 21 11 18 1 5.0
11 38 23 40 56 50 40 11896 2 10 7 6 0 60 24 6 0 5.0
12 44 31 40 15 50 40 1746 1 10 8 5 1 4.0
13 39 80 40 55 47 40 30845 2 18 17 17 0 18 18 6 0 4.0
14 14 57 40 36 30 40 8962 1 15 15 6 0 4.0
15 46 28 40 46 20 40 3692 2 39 25 12 0 10 7 2 0 6.0
16 15 52 40 58 45 40 3752 3 12 12 11 0 16 16 16 0 17 15 5 0 6.0
17 57 47 40 43 27 40 6278 3 18 7 8 0 10 7 8 0 11 10 8 0 4.0
18 59 48 40 37 72 40 8984 3 12 12 6 0 37 23 30 0 15 10 4 0 6.0
19 44 70 40 22 49 40 28340 3 12 10 5 0 10 10 10 1 39 25 7 1 4.0
20 40 24 40 46 27 40 884 1 10 10 10 0 6.0
21 34 31 40 35 78 40 3189 2 31 16 26 0 12 10 7 1 6.0
22 42 76 40 35 23 40 3475 1 11 9 6 0 4.0
23 37 79 40 45 21 40 685 2 10 7 4 0 18 12 10 1 6.0
24 43 75 40 67 53 40 795 2 10 10 5 0 15 12 15 1 6.0
25 37 30 40 27 46 40 27007 1 12 12 12 0 4.0
26 26 52 40 36 72 40 10556 3 26 15 17 0 12 7 8 0 31 17 15 0 6.0
27 62 56 40 17 54 40 10753 2 20 17 21 0 12 9 9 1 5.0
28 44 81 40 58 57 40 21198 2 27 25 17 0 33 15 15 0 5.0
29 61 49 40 37 25 40 3529 2 17 10 4 0 29 14 4 0 5.0
30 61 52 40 40 78 40 938 1 12 10 6 1 5.0
31 19 49 40 23 53 40 21882 3 24 7 7 0 19 10 19 0 41 7 7 0 4.0
32 40 81 40 46 80 40 167 2 10 7 4 0 10 7 4 0 6.0
33 40 73 40 46 79 40 8396 1 48 18 5 0 5.0
34 15 56 40 65 55 40 37859 3 26 23 28 0 10 7 7 0 10 7 1 1 4.0
35 36 29 40 46 25 40 1922 2 10 7 10 1 26 18 3 1 5.0
36 38 32 40 45 72 40 210 1 11 8 5 0 6.0
37 16 54 40 61 54 40 6170 1 10 9 10 0 4.0
38 38 69 40 35 75 40 4300 2 37 13 6 0 21 18 12 0 6.0
39 20 55 40 56 53 40 3438 1 18 10 7 0 4.0
40 43 79 40 65 51 40 311 1 14 10 4 0 6.0
41 47 78 40 14 55 40 6811 3 17 10 4 1 10 10 10 1 18 10 7 1 4.0
42 16 56 40 37 80 40 1614 1 20 13 7 0 5.0
43 42 20 40 67 45 40 7629 2 22 13 15 0 12 9 6 1 5.0
44 37 70 40 34 21 40 10535 3 12 10 1 0 23 17 9 0 20 12 7 1 5.0
45 24 50 40 59 50 40 6638 1 32 20 20 0 6.0
46 34 73 40 39 22 40 24219 2 21 21 5 0 10 7 4 0 4.0
47 54 44 40 35 19 40 14639 3 10 9 9 0 10 10 12 0 30 20 18 1 5.0
48 67 52 40 25 44 40 748 1 12 9 8 1 6.0
49 45 27 40 25 45 40 6206 2 11 8 6 0 12 12 15 1 4.0
50 38 74 40 21 55 40 1012 1 24 18 15 0 6.0
51 35 73 40 59 49 40 16100 2 20 20 27 0 12 9 6 0 5.0
52 38 30 40 56 51 40 45000 2 12 10 1 0 31 21 30 1 4.0
53 58 47 40 42 79 40 1896 2 12 10 3 0 10 10 3 0 4.0
