5     53    45000 60    25    30   
0     40    50    0     40    50    1236  0     
1 40 20 40 47 76 40 1886 2 14 12 5 0 10 6 2 1 4.0
2 55 56 40 56 35 40 7088 3 10 9 10 0 9 9 6 0 16 16 16 0 5.0
3 18 59 40 56 41 40 21258 4 10 9 15 0 9 6 2 0 15 15 9 0 35 25 25 1 6.0
4 66 66 40 64 38 40 45000 5 16 16 5 0 30 19 8 0 24 19 5 0 24 20 5 0 19 19 5 1 4.0
5 47 30 40 47 74 40 1257 4 12 7 5 0 9 9 5 0 11 10 27 0 11 9 3 1 6.0
6 56 63 40 64 42 40 8447 1 22 16 28 0 6.0
7 15 58 40 39 70 40 5366 5 53 25 3 0 10 10 1 0 9 6 3 0 11 11 11 0 24 16 3 1 6.0
8 34 27 40 35 71 40 3223 4 11 11 9 0 11 7 3 0 10 6 3 1 16 16 22 1 6.0
9 15 54 40 20 35 40 45000 5 24 24 15 0 33 25 15 0 9 9 3 1 12 8 9 1 9 8 9 1 4.0
10 63 65 40 57 46 40 4622 1 11 11 11 1 4.0
11 19 59 40 23 37 40 7729 2 32 22 4 0 27 25 4 1 5.0
12 66 61 40 37 72 40 4974 2 22 17 4 0 11 11 11 1 4.0
13 23 67 40 46 79 40 32094 5 20 20 22 0 9 6 4 0 19 5 5 0 29 6 9 0 10 7 11 1 4.0
14 15 60 40 27 36 40 113 1 10 6 2 0 5.0
15 62 58 40 56 37 40 2731 4 12 12 12 0 9 8 6 0 13 9 13 0 8 7 4 1 6.0
16 19 63 40 19 38 40 1051 2 11 9 6 0 9 9 2 0 5.0
17 44 19 40 43 78 40 3032 4 22 16 5 0 13 9 6 0 10 8 10 1 13 12 14 1 6.0
18 36 28 40 39 72 40 12397 5 12 10 9 0 13 12 13 0 11 11 11 0 28 24 12 0 10 9 6 1 5.0
19 57 64 40 15 42 40 45000 4 9 6 6 0 16 16 11 0 19 15 11 0 57 23 8 0 4.0
20 61 66 40 21 37 40 11076 5 9 7 8 0 22 13 12 0 13 13 22 0 9 6 6 0 29 23 2 0 5.0
21 54 67 40 64 47 40 12521 5 30 11 4 0 7 6 5 0 12 9 6 0 28 9 28 0 26 9 3 0 5.0
22 21 59 40 57 44 40 144 1 11 9 3 0 6.0
23 18 63 40 47 73 40 450 4 9 6 6 0 11 8 5 0 11 8 8 1 9 8 8 1 6.0
24 21 63 40 60 40 40 446 1 11 9 6 0 6.0
25 46 30 40 25 47 40 17551 4 9 6 1 0 27 22 4 0 13 13 5 1 18 18 6 1 4.0
26 57 61 40 63 39 40 1706 1 27 6 6 0 4.0
27 47 19 40 43 81 40 13646 2 19 19 25 1 20 11 9 1 5.0
28 40 28 40 46 72 40 1583 1 10 9 3 1 4.0
29 24 66 40 25 44 40 2988 4 11 11 13 0 10 9 8 0 9 7 11 1 9 9 8 1 6.0
30 62 60 40 62 36 40 2237 1 13 13 12 0 5.0
31 28 57 40 65 42 40 13115 5 15 9 3 0 16 16 5 0 16 11 16 0 12 8 2 0 9 9 9 1 4.0
32 45 29 40 40 79 40 25822 5 10 9 5 0 9 6 8 0 54 6 11 0 9 9 9 0 40 25 11 0 4.0
33 41 31 40 53 38 40 3515 2 15 10 1 0 19 15 11 0 5.0
34 24 67 40 44 80 40 24678 4 32 22 11 0 20 20 6 0 23 18 9 0 16 16 16 1 5.0
35 55 64 40 23 40 40 8924 5 25 12 10 0 16 11 10 0 40 10 7 0 16 16 3 0 11 10 3 0 5.0
36 35 30 40 37 70 40 432 1 9 9 9 0 6.0
37 21 67 40 23 38 40 8624 1 38 19 9 0 5.0
38 36 32 40 16 46 40 19936 4 16 13 9 0 22 22 17 1 9 8 16 1 12 9 5 1 4.0
39 61 55 40 19 41 40 5416 4 10 8 4 0 23 8 13 1 17 13 6 1 14 11 9 1 5.0
40 60 60 40 55 45 40 13494 2 10 9 9 0 27 22 11 0 4.0
41 17 57 40 24 44 40 14474 5 16 16 16 0 13 13 13 0 19 19 5 1 25 25 30 1 9 9 9 1 6.0
42 54 65 40 43 82 40 11827 1 24 11 22 0 4.0
43 57 67 40 66 46 40 45000 4 17 12 20 0 28 25 3 0 9 6 2 0 57 25 6 1 4.0
44 40 22 40 38 73 40 3372 4 18 10 24 0 11 8 13 0 9 6 5 0 10 6 2 0 6.0
45 21 55 40 16 41 40 221 1 12 10 8 0 6.0
46 24 64 40 40 80 40 8358 2 12 12 8 0 14 11 9 0 4.0
47 41 28 40 26 38 40 10332 5 22 22 11 0 9 6 6 0 18 18 19 0 10 6 2 0 16 7 5 0 6.0
48 59 63 40 20 46 40 3575 1 19 15 11 0 5.0
49 37 19 40 39 81 40 45000 4 14 6 4 0 10 6 13 0 16 16 16 0 39 25 12 0 4.0
50 23 60 40 22 38 40 1002 1 11 9 11 0 5.0
51 41 30 40 54 35 40 159 1 10 6 3 0 6.0
52 40 25 40 25 34 40 13287 4 9 9 3 0 13 13 18 0 10 7 2 0 11 11 11 0 4.0
53 65 62 40 64 46 40 1384 1 14 11 10 0 5.0
