5     53    45000 60    25    30   
0     40    50    0     40    50    1236  0     
1 51 37 40 15 63 40 44770 2 12 12 12 0 27 21 9 0 4.0
2 32 81 40 27 63 40 7710 2 52 7 30 0 19 11 11 0 6.0
3 61 38 40 27 33 40 377 3 14 8 4 0 13 7 2 0 9 6 6 0 6.0
4 10 81 40 52 16 40 7269 3 12 12 9 0 19 13 7 1 9 6 6 1 4.0
5 19 68 40 38 27 40 4611 2 22 16 16 0 11 6 4 1 6.0
6 45 21 40 38 19 40 1218 1 9 9 4 0 4.0
7 27 78 40 67 67 40 45000 3 12 12 12 0 21 21 21 1 21 9 3 1 4.0
8 48 59 40 54 60 40 1048 3 12 12 16 0 13 12 8 0 9 6 1 1 6.0
9 20 40 40 48 57 40 14272 3 12 9 7 0 18 18 18 0 10 9 6 1 5.0
10 16 24 40 12 25 40 9303 2 12 12 15 0 15 12 12 0 4.0
11 49 33 40 55 16 40 3522 1 60 25 2 0 5.0
12 70 28 40 13 67 40 6996 1 18 18 18 0 5.0
13 66 22 40 18 22 40 21248 3 54 14 8 0 13 9 1 1 17 15 11 1 4.0
14 37 37 40 38 84 40 1202 3 9 9 3 0 11 6 5 0 40 6 6 1 6.0
15 57 65 40 18 76 40 6042 2 40 20 5 0 13 6 3 1 5.0
16 64 25 40 52 84 40 2328 2 12 11 4 0 16 8 6 0 5.0
17 22 85 40 30 39 40 7316 2 37 25 23 0 11 6 11 0 6.0
18 42 26 40 30 45 40 1513 3 15 5 16 0 29 6 6 0 9 9 3 0 6.0
19 49 35 40 64 16 40 3944 2 12 9 4 0 14 14 12 1 5.0
20 64 52 40 52 73 40 19810 2 26 25 26 0 11 8 4 0 5.0
21 16 63 40 11 45 40 18530 2 32 23 6 1 9 9 9 1 4.0
22 43 82 40 54 73 40 45000 3 15 9 9 0 32 25 11 1 22 16 30 1 4.0
23 11 57 40 18 49 40 975 1 11 10 11 0 6.0
24 14 41 40 20 65 40 8222 2 12 9 5 0 35 17 25 0 6.0
25 30 29 40 34 24 40 189 1 9 6 1 1 4.0
26 69 85 40 55 31 40 2905 1 22 9 13 0 5.0
27 23 83 40 67 33 40 37777 2 33 20 12 0 35 23 23 0 5.0
28 13 26 40 56 35 40 11127 2 33 25 10 0 35 25 5 0 6.0
29 56 17 40 68 77 40 30492 3 29 21 20 0 35 11 12 0 20 14 13 0 5.0
30 37 75 40 40 39 40 5436 2 9 6 6 0 12 9 12 1 4.0
31 14 35 40 20 26 40 31221 2 28 12 3 0 21 18 18 0 4.0
32 29 68 40 68 43 40 11181 3 35 17 12 0 12 9 3 0 9 7 2 1 5.0
33 59 45 40 61 77 40 10777 1 38 25 21 0 6.0
34 70 45 40 25 19 40 10614 3 14 12 10 0 9 6 4 0 12 12 12 1 4.0
35 21 30 40 65 18 40 11389 2 12 11 8 0 54 23 6 0 5.0
36 10 84 40 43 84 40 3973 1 12 9 18 0 4.0
37 62 17 40 17 24 40 45000 2 22 22 6 0 34 25 13 0 4.0
38 18 84 40 12 53 40 1702 2 13 8 8 0 26 9 6 1 6.0
39 28 17 40 21 16 40 669 1 19 13 1 1 4.0
40 61 76 40 70 72 40 8974 1 10 10 15 0 4.0
41 37 66 40 36 51 40 2787 2 22 12 18 0 10 10 10 0 6.0
42 23 81 40 28 16 40 836 2 12 12 6 0 11 8 8 0 6.0
43 64 75 40 27 28 40 8778 3 35 9 9 0 12 12 12 0 11 8 9 0 5.0
44 48 60 40 19 23 40 2409 2 19 14 2 0 16 13 7 1 5.0
45 54 69 40 50 68 40 7497 1 20 12 30 1 6.0
46 49 73 40 19 19 40 6795 2 30 7 7 0 9 9 6 0 4.0
47 12 58 40 25 41 40 45000 2 30 25 4 0 29 11 12 0 4.0
48 59 25 40 46 18 40 2686 2 12 6 3 0 20 20 8 1 6.0
49 40 29 40 66 52 40 3537 2 20 7 2 0 40 8 5 0 5.0
50 39 69 40 55 64 40 1407 1 23 18 3 0 5.0
51 35 34 40 16 37 40 4997 3 15 14 9 0 9 9 6 0 20 13 13 0 6.0
52 49 23 40 41 17 40 2489 1 12 10 5 0 4.0
53 47 54 40 45 41 40 282 1 12 6 3 1 5.0
