5     52    45000 60    25    30   
0     40    50    0     40    50    1236  0     
1 53 58 40 62 47 40 11219 2 28 20 6 0 12 7 9 1 4.0
2 20 57 40 17 39 40 29393 2 32 25 11 0 23 9 30 0 5.0
3 26 57 40 41 75 40 282 1 12 10 4 0 6.0
4 56 57 40 28 45 40 9846 2 25 20 16 0 9 7 6 1 5.0
5 47 21 40 34 70 40 46 1 9 6 4 0 6.0
6 56 66 40 40 76 40 5248 1 24 21 5 0 4.0
7 21 60 40 16 34 40 45000 3 10 7 5 0 30 24 13 0 9 7 12 0 4.0
8 39 31 40 59 35 40 11791 3 12 9 8 0 35 19 5 0 40 17 12 0 5.0
9 43 28 40 64 40 40 10390 3 26 20 9 0 26 23 6 0 23 6 3 1 5.0
10 37 30 40 22 40 40 6927 3 37 6 6 0 20 14 6 0 13 9 5 0 5.0
11 28 65 40 40 71 40 3351 2 46 25 2 0 12 7 3 0 5.0
12 54 54 40 63 35 40 3666 1 14 10 6 1 4.0
13 44 27 40 23 40 40 45000 3 20 11 18 0 10 6 6 1 60 23 6 1 4.0
14 27 60 40 64 42 40 2091 1 9 7 5 0 4.0
15 19 62 40 47 69 40 1437 1 18 16 16 0 6.0
16 65 56 40 56 46 40 936 1 17 17 6 0 6.0
17 16 57 40 17 43 40 32699 2 15 15 6 0 38 25 12 0 4.0
18 40 26 40 34 77 40 1879 3 9 6 2 0 12 12 10 0 16 16 16 1 6.0
19 40 29 40 20 44 40 3768 1 16 14 5 0 4.0
20 21 57 40 65 47 40 668 1 18 6 7 0 5.0
21 54 67 40 26 43 40 502 3 9 7 8 0 11 9 8 1 12 12 6 1 6.0
22 21 67 40 56 37 40 45000 2 36 22 30 0 14 9 4 1 4.0
23 59 60 40 36 79 40 168 1 12 10 5 0 6.0
24 55 67 40 42 75 40 1598 2 9 9 9 0 38 25 6 0 6.0
25 22 63 40 21 37 40 45000 2 10 10 10 0 30 16 25 0 4.0
26 65 67 40 35 79 40 450 1 12 9 6 1 6.0
27 15 54 40 59 39 40 3706 3 10 9 6 0 9 6 4 0 17 12 10 1 5.0
28 62 60 40 39 71 40 3143 2 10 9 5 0 14 12 14 1 5.0
29 21 58 40 21 39 40 13312 3 12 12 12 0 25 15 17 0 12 7 7 1 5.0
30 53 66 40 39 81 40 9298 1 30 17 14 0 5.0
31 38 19 40 20 46 40 24771 2 20 16 21 0 12 9 9 0 4.0
32 27 58 40 39 73 40 5386 3 26 25 16 0 32 15 15 0 16 9 3 1 6.0
33 66 60 40 46 70 40 4089 2 28 13 4 0 12 9 6 0 5.0
34 40 30 40 65 41 40 8846 2 23 7 7 1 18 9 18 1 4.0
35 35 23 40 26 36 40 1545 2 40 6 6 0 9 7 4 0 5.0
36 28 67 40 59 40 40 77 1 9 6 3 1 6.0
37 61 55 40 15 39 40 45000 3 46 17 5 0 25 22 27 0 9 7 6 1 4.0
38 56 59 40 23 35 40 1099 3 9 6 1 0 9 7 9 0 25 17 3 1 6.0
39 57 64 40 63 42 40 3081 2 10 8 5 1 9 9 9 1 4.0
40 37 23 40 44 74 40 3829 2 36 13 6 0 20 17 12 0 6.0
41 17 64 40 38 75 40 3841 2 17 10 7 0 13 9 4 1 4.0
42 38 20 40 40 79 40 1189 2 17 9 4 0 9 9 9 0 5.0
43 27 62 40 17 41 40 4090 2 17 9 6 0 19 13 7 0 5.0
44 65 61 40 55 40 40 9608 3 21 13 15 0 12 9 6 0 12 9 1 0 4.0
45 40 24 40 53 39 40 2573 2 22 17 9 0 19 12 7 1 6.0
46 34 20 40 63 46 40 45000 2 31 19 19 0 20 20 5 0 4.0
47 45 23 40 59 37 40 1080 2 9 6 4 0 9 9 9 0 5.0
48 28 64 40 43 75 40 9610 3 9 9 12 0 29 19 17 0 12 9 7 0 6.0
49 44 25 40 18 40 40 970 1 10 7 6 1 4.0
50 63 57 40 16 45 40 1169 2 12 12 14 0 23 17 14 0 6.0
51 37 20 40 64 38 40 15690 3 20 20 26 0 12 9 6 0 12 9 1 1 5.0
52 59 66 40 36 73 40 15049 1 30 21 30 0 6.0
