5     53    45000 60    25    30   
0     40    50    0     40    50    1236  0     
1 35 25 40 38 70 40 6024 1 19 9 15 1 4.0
2 21 54 40 40 75 40 420 2 9 7 14 0 9 6 3 0 6.0
3 21 66 40 23 39 40 3244 1 19 19 22 0 6.0
4 59 63 40 34 69 40 23884 3 15 6 2 0 11 11 8 1 22 11 11 1 4.0
5 58 62 40 19 44 40 2292 3 17 17 17 0 26 19 10 0 9 7 2 1 6.0
6 45 19 40 26 45 40 18646 3 27 16 3 0 9 7 2 0 33 25 30 1 6.0
7 19 63 40 15 42 40 4223 2 11 11 11 0 11 11 9 1 5.0
8 63 66 40 65 34 40 5263 3 20 13 4 0 12 8 2 0 11 11 8 1 4.0
9 15 54 40 21 43 40 5207 3 11 11 9 0 15 11 7 0 15 15 4 0 5.0
10 45 21 40 55 46 40 1579 1 14 8 4 1 4.0
11 39 29 40 21 40 40 5448 1 25 19 8 0 5.0
12 35 30 40 64 42 40 10510 2 20 18 10 0 17 17 17 0 5.0
13 19 60 40 44 81 40 4169 2 14 10 7 0 9 8 6 1 4.0
14 46 20 40 34 74 40 520 2 9 7 2 0 10 9 6 1 6.0
15 64 57 40 26 39 40 4895 1 27 21 8 0 5.0
16 36 25 40 26 44 40 4147 2 11 8 6 0 18 7 11 0 4.0
17 47 31 40 44 74 40 7200 2 17 15 10 0 28 25 3 0 5.0
18 54 62 40 59 47 40 1075 3 17 9 6 0 11 9 6 0 9 6 5 1 6.0
19 65 65 40 58 34 40 20767 3 17 17 17 0 26 19 2 0 13 8 3 0 4.0
20 64 55 40 25 38 40 7568 2 33 17 3 0 24 11 8 1 4.0
21 34 31 40 64 43 40 7813 1 28 19 11 0 5.0
22 42 20 40 27 42 40 45000 1 47 25 30 0 5.0
23 46 32 40 59 43 40 14367 3 11 11 11 0 13 10 11 0 17 12 12 0 4.0
24 41 24 40 36 79 40 14158 2 38 6 6 0 19 11 30 0 5.0
25 42 27 40 22 46 40 2447 2 9 6 5 0 11 6 3 0 4.0
26 26 61 40 36 81 40 3257 3 39 14 8 0 20 16 8 0 29 15 24 1 6.0
27 24 58 40 23 36 40 181 1 12 8 3 0 6.0
28 25 60 40 54 42 40 45000 2 11 7 3 0 31 17 30 0 4.0
29 60 58 40 47 81 40 6614 2 58 22 6 0 33 25 6 0 6.0
30 22 67 40 24 40 40 511 1 9 7 17 1 6.0
31 40 23 40 61 39 40 28522 3 31 18 6 0 27 11 11 0 23 12 4 1 4.0
32 66 60 40 23 44 40 6265 3 12 12 12 0 28 18 4 0 28 7 8 0 5.0
33 35 28 40 34 70 40 2592 1 11 11 11 0 5.0
34 18 60 40 39 72 40 29579 3 17 8 8 0 26 14 10 0 22 11 14 1 4.0
35 60 66 40 40 79 40 380 1 14 14 3 0 6.0
36 34 28 40 25 40 40 2201 2 24 7 8 0 26 18 6 0 6.0
37 64 67 40 56 46 40 166 1 10 6 4 0 6.0
38 28 62 40 55 38 40 2458 2 17 12 12 0 11 11 7 0 6.0
39 24 56 40 34 80 40 11789 3 26 12 22 0 19 6 7 0 17 17 6 0 5.0
40 55 60 40 66 44 40 4385 1 17 17 11 1 5.0
41 19 65 40 58 40 40 23338 3 14 9 1 1 16 16 30 1 22 17 28 1 5.0
42 24 63 40 17 47 40 349 1 28 7 7 0 6.0
43 21 62 40 46 73 40 24869 2 11 9 2 0 23 16 12 0 4.0
44 26 57 40 61 40 40 5682 3 14 9 9 0 21 19 13 0 9 7 7 1 5.0
45 65 57 40 44 77 40 5888 1 21 18 6 0 4.0
46 59 60 40 59 39 40 3370 1 17 6 10 0 4.0
47 61 59 40 35 73 40 948 2 11 8 3 0 11 11 8 1 6.0
48 58 64 40 41 75 40 4099 2 22 17 28 0 10 10 7 0 6.0
49 16 59 40 42 80 40 15428 2 14 13 8 0 24 24 9 1 4.0
50 60 55 40 19 36 40 2431 3 9 6 1 0 13 11 8 0 15 15 3 1 5.0
51 62 55 40 24 36 40 1000 2 13 9 8 0 9 7 2 1 5.0
52 37 31 40 66 43 40 31193 2 23 23 11 0 18 17 18 0 4.0
53 25 63 40 60 46 40 12296 2 25 19 8 0 15 13 12 1 4.0
