5     52    45000 60    25    30   
0     40    50    0     40    50    1236  0     
1 44 70 40 34 24 40 28260 2 10 10 10 0 23 18 8 1 4.0
2 36 21 40 14 47 40 4760 2 44 6 26 0 16 9 9 0 6.0
3 57 56 40 45 75 40 126 2 12 7 3 0 11 6 1 1 6.0
4 41 80 40 40 19 40 2170 2 8 5 5 0 10 10 8 0 4.0
5 46 78 40 55 49 40 3781 5 16 11 6 0 8 5 5 0 18 13 14 0 9 5 3 1 8 7 3 1 6.0
6 23 51 40 45 20 40 25688 2 10 10 10 0 18 18 18 1 4.0
7 16 50 40 57 46 40 12598 5 18 7 2 0 10 10 14 0 11 10 6 0 8 5 1 1 10 8 6 1 4.0
8 21 52 40 56 50 40 1760 4 15 15 15 0 8 7 5 0 10 10 12 0 12 10 10 1 6.0
9 39 70 40 25 48 40 19196 5 52 25 1 0 15 15 15 0 46 12 6 1 11 8 1 1 14 12 9 1 5.0
10 60 45 40 38 26 40 7326 4 8 8 2 0 9 5 4 0 34 5 5 0 33 17 4 1 4.0
11 20 46 40 43 70 40 129 1 11 5 2 1 5.0
12 47 31 40 42 24 40 19463 3 10 9 3 0 13 7 5 0 31 25 20 0 5.0
13 56 48 40 64 57 40 4790 5 9 5 9 0 12 4 13 0 25 5 5 1 8 8 2 1 10 8 3 1 4.0
14 40 82 40 36 23 40 7219 2 12 12 10 0 22 22 22 0 6.0
15 37 32 40 18 53 40 4084 2 9 6 3 0 27 20 5 0 5.0
16 57 49 40 56 57 40 1976 2 8 8 8 0 12 7 7 0 5.0
17 45 30 40 36 29 40 7363 5 27 23 9 0 18 14 27 0 9 8 9 0 10 7 4 0 30 14 21 0 6.0
18 37 76 40 39 74 40 11114 4 8 5 1 0 19 7 11 0 28 17 10 0 30 20 20 1 6.0
19 54 54 40 27 49 40 12182 2 28 25 8 1 30 25 4 1 5.0
20 66 51 40 55 47 40 8784 1 25 18 17 0 5.0
21 38 70 40 64 45 40 23136 5 30 9 10 0 17 12 11 0 8 5 5 0 10 8 10 0 24 10 2 1 4.0
22 42 78 40 18 49 40 26675 2 18 15 15 0 30 14 10 0 4.0
23 45 77 40 66 46 40 206 2 10 8 2 0 8 6 2 0 6.0
24 66 44 40 45 78 40 8156 5 32 22 18 0 12 10 8 0 8 5 3 0 10 10 10 1 10 9 6 1 6.0
25 34 32 40 40 72 40 16109 1 46 20 5 1 4.0
26 39 25 40 45 32 40 3183 2 10 8 15 0 18 18 5 0 5.0
27 18 50 40 45 25 40 12884 5 29 21 11 0 11 7 7 0 22 7 5 0 16 11 1 1 8 8 13 1 5.0
28 54 50 40 44 24 40 2380 1 18 10 15 0 6.0
29 63 55 40 17 47 40 5852 5 8 8 8 0 10 10 5 0 9 7 7 0 30 7 7 0 10 10 10 1 5.0
30 41 73 40 46 32 40 2738 2 9 6 8 0 16 12 2 0 4.0
31 20 53 40 38 71 40 29095 4 14 11 6 0 17 10 30 0 26 6 6 1 8 8 5 1 4.0
32 21 57 40 23 44 40 9039 5 26 25 3 0 25 9 10 0 10 5 2 0 17 17 6 1 17 6 1 1 5.0
33 40 73 40 54 49 40 752 2 33 6 4 0 20 15 2 0 6.0
34 55 46 40 25 51 40 10335 3 12 12 8 0 8 8 5 0 17 11 11 0 4.0
35 14 52 40 44 71 40 562 2 10 8 4 0 10 5 2 0 5.0
36 36 25 40 67 44 40 2808 2 15 11 6 0 8 8 6 0 4.0
37 20 50 40 65 51 40 39818 5 12 9 1 0 15 11 25 0 8 5 2 0 10 10 7 1 17 17 2 1 4.0
38 40 77 40 37 74 40 2281 3 8 7 6 0 18 10 12 0 10 10 5 1 6.0
39 54 51 40 43 74 40 325 1 8 5 3 0 4.0
40 34 69 40 38 24 40 28141 1 21 16 14 0 4.0
41 37 20 40 34 81 40 403 1 8 8 13 1 6.0
42 46 22 40 66 52 40 5716 5 9 7 6 0 10 10 13 0 17 12 11 0 20 20 16 0 10 8 5 0 6.0
43 25 54 40 34 72 40 3024 2 21 7 12 0 9 9 1 0 5.0
44 23 46 40 20 45 40 12733 5 25 6 6 0 20 15 10 0 27 8 25 0 16 12 6 0 9 6 1 1 5.0
45 43 27 40 63 48 40 6166 2 9 5 2 0 18 12 27 1 6.0
46 37 21 40 39 71 40 45000 4 32 25 30 0 8 6 3 0 13 8 6 0 8 6 4 0 4.0
47 39 19 40 57 47 40 5642 1 9 9 9 1 4.0
48 35 25 40 25 57 40 12259 5 8 6 8 0 10 8 7 0 28 24 19 0 8 5 5 0 21 16 5 1 6.0
49 18 44 40 24 50 40 854 2 13 7 4 0 9 5 2 0 5.0
50 14 50 40 46 20 40 6261 2 10 10 17 0 15 15 17 0 5.0
51 36 72 40 27 50 40 2150 4 9 5 1 0 8 6 6 0 22 13 4 0 10 10 10 1 6.0
52 64 55 40 26 57 40 8769 5 25 8 7 0 11 8 14 0 14 11 11 0 15 13 6 0 13 13 5 0 5.0
