5     53    45000 60    25    30   
0     40    50    0     40    50    1236  0     
1 40 20 40 47 76 40 8677 2 18 14 11 0 13 10 6 1 4.0
2 55 56 40 56 35 40 4181 1 24 14 7 0 5.0
3 18 59 40 56 41 40 712 2 14 8 3 0 13 10 10 0 6.0
4 66 66 40 64 38 40 15700 3 12 12 24 0 11 9 8 0 16 8 2 1 4.0
5 47 30 40 47 74 40 4493 3 23 16 16 0 14 14 14 0 46 9 5 1 6.0
6 56 63 40 64 42 40 1275 1 14 14 10 0 6.0
7 15 58 40 39 70 40 16492 2 23 18 18 0 29 10 17 0 5.0
8 34 27 40 35 71 40 5319 3 17 16 16 0 12 10 8 1 16 8 1 1 5.0
9 15 54 40 20 35 40 39392 3 24 17 10 0 17 13 17 0 25 19 30 1 5.0
10 63 65 40 57 46 40 1744 1 14 12 2 0 4.0
11 19 59 40 23 37 40 17481 1 23 14 23 0 4.0
12 66 61 40 37 72 40 1570 1 27 25 7 0 6.0
13 23 67 40 46 79 40 29221 3 17 14 3 0 27 23 6 0 12 8 3 0 4.0
14 15 60 40 27 36 40 6310 1 29 18 11 0 5.0
15 62 58 40 56 37 40 11039 2 27 21 27 0 21 14 7 1 6.0
16 19 63 40 19 38 40 14771 1 14 14 14 0 4.0
17 44 19 40 43 78 40 713 2 12 8 12 0 17 17 7 0 6.0
18 36 28 40 39 72 40 13132 3 16 11 10 0 13 10 12 0 27 23 5 0 4.0
19 57 64 40 15 42 40 45000 3 14 10 7 0 29 25 8 0 14 11 8 1 4.0
20 61 66 40 21 37 40 11511 2 60 10 10 0 21 12 9 0 5.0
21 54 67 40 64 47 40 16754 2 11 11 11 0 44 24 24 1 6.0
22 21 59 40 57 44 40 9690 3 17 11 24 0 11 8 1 1 12 9 8 1 5.0
23 18 63 40 47 73 40 16505 3 19 16 5 0 44 25 4 0 19 14 5 1 4.0
24 21 63 40 60 40 40 3094 1 21 14 14 0 6.0
25 46 30 40 25 47 40 45000 3 11 8 1 0 29 25 29 0 31 24 7 1 5.0
26 57 61 40 63 39 40 1662 1 13 12 13 0 6.0
27 47 19 40 43 81 40 4745 1 60 15 7 0 6.0
28 40 28 40 46 72 40 5166 1 21 14 7 0 4.0
29 24 66 40 25 44 40 6981 3 29 10 17 0 14 10 10 1 19 16 12 1 6.0
30 62 60 40 62 36 40 1137 2 60 10 5 0 14 10 1 0 6.0
31 28 57 40 65 42 40 45000 3 18 16 14 0 27 19 1 0 41 10 10 1 4.0
32 45 29 40 40 79 40 5437 3 28 25 27 0 23 10 3 0 12 12 18 0 6.0
33 41 31 40 53 38 40 1977 3 16 16 4 0 14 11 8 0 11 11 11 0 6.0
34 24 67 40 44 80 40 45000 2 44 24 24 0 16 15 16 0 4.0
35 55 64 40 23 40 40 3657 3 38 22 8 0 12 9 12 0 11 8 5 0 6.0
36 35 30 40 37 70 40 107 1 11 8 2 1 6.0
37 21 67 40 23 38 40 19232 3 22 22 8 0 14 11 1 0 18 18 14 1 4.0
38 36 32 40 16 46 40 15293 3 60 25 10 0 24 14 8 0 18 18 1 0 6.0
39 61 55 40 19 41 40 6225 3 26 25 7 0 11 8 2 0 12 9 5 1 5.0
40 60 60 40 55 45 40 1600 1 17 14 3 0 4.0
41 17 57 40 24 44 40 4107 2 25 12 3 0 15 13 13 1 5.0
42 54 65 40 43 82 40 1132 1 21 21 3 0 5.0
43 57 67 40 66 46 40 11839 2 11 8 2 0 11 10 11 1 4.0
44 40 22 40 38 73 40 10339 2 18 12 9 1 21 14 7 1 4.0
45 21 55 40 16 41 40 2575 1 19 18 7 0 5.0
46 24 64 40 40 80 40 5691 1 23 23 5 0 4.0
47 41 28 40 26 38 40 4802 2 11 8 11 0 23 15 8 1 5.0
48 59 63 40 20 46 40 3974 1 23 22 5 0 5.0
49 37 19 40 39 81 40 19215 3 11 8 5 0 15 12 11 1 14 12 7 1 4.0
50 23 60 40 22 38 40 9401 1 25 17 19 0 5.0
51 41 30 40 54 35 40 6254 2 11 8 8 0 32 24 8 0 5.0
52 40 25 40 25 34 40 7304 2 49 25 3 0 44 12 9 0 5.0
53 65 62 40 64 46 40 5385 1 16 11 15 0 4.0
