5     53    45000 60    25    30   
0     40    50    0     40    50    1236  0     
1 24 69 40 33 32 40 5399 1 17 13 10 1 4.0
2 12 53 40 46 16 40 4469 2 12 10 6 0 23 13 6 0 5.0
3 31 51 40 40 79 40 136 1 13 8 3 0 6.0
4 54 81 40 67 29 40 17164 3 12 9 9 0 12 12 23 1 10 8 8 1 4.0
5 57 56 40 57 67 40 3227 3 15 7 2 0 22 16 15 0 13 13 13 1 6.0
6 51 77 40 53 17 40 6426 3 44 8 5 0 13 13 10 0 21 17 18 1 6.0
7 43 28 40 28 79 40 10549 2 27 10 16 0 16 15 15 1 5.0
8 40 24 40 23 76 40 4639 3 12 10 8 0 15 7 1 0 23 16 10 1 5.0
9 15 73 40 38 77 40 29150 3 16 12 16 0 24 18 30 0 13 12 2 0 5.0
10 28 71 40 50 54 40 35170 1 22 14 22 1 4.0
11 37 67 40 40 82 40 8837 1 26 24 6 0 4.0
12 58 49 40 28 51 40 1254 2 16 13 3 0 25 21 6 0 6.0
13 66 43 40 21 74 40 32780 2 11 8 3 0 28 18 10 1 4.0
14 68 50 40 61 37 40 15744 2 26 19 26 0 19 13 6 1 5.0
15 63 44 40 23 19 40 1396 1 13 13 13 0 6.0
16 43 15 40 39 21 40 14469 2 12 8 12 0 16 16 6 0 4.0
17 14 28 40 45 23 40 599 2 15 10 9 0 12 10 11 0 6.0
18 34 23 40 45 39 40 15844 3 25 21 5 0 13 10 6 0 27 23 7 1 4.0
19 65 23 40 17 46 40 45000 3 13 10 8 0 60 10 10 0 20 11 8 0 4.0
20 44 49 40 43 25 40 32326 2 10 10 10 0 42 23 23 1 5.0
21 13 38 40 33 75 40 2311 1 16 10 23 0 6.0
22 42 72 40 66 51 40 125 1 10 7 1 0 5.0
23 57 38 40 64 28 40 14588 3 12 8 8 0 18 16 5 0 42 25 4 0 4.0
24 13 34 40 22 55 40 3293 2 18 13 5 0 19 13 13 0 6.0
25 52 62 40 64 74 40 32960 2 10 7 1 0 27 25 27 0 5.0
26 46 81 40 27 82 40 8709 3 29 23 6 0 12 11 12 0 60 14 6 1 6.0
27 62 76 40 19 58 40 1116 1 19 13 6 0 6.0
28 13 43 40 41 29 40 14359 2 27 10 16 0 14 10 10 0 4.0
29 27 26 40 15 42 40 4107 2 18 15 11 0 58 10 5 0 6.0
30 42 58 40 36 54 40 42 1 13 9 1 1 6.0
31 43 54 40 43 21 40 45000 3 18 16 13 0 26 18 1 0 39 10 10 1 4.0
32 23 33 40 15 80 40 5046 3 27 25 26 0 22 10 3 0 12 11 18 0 6.0
33 58 55 40 14 23 40 529 1 16 15 4 0 6.0
34 57 36 40 29 31 40 45000 3 13 10 7 0 10 10 10 0 42 23 23 1 4.0
35 36 49 40 21 41 40 1459 1 15 14 16 0 6.0
36 42 59 40 27 54 40 3816 2 36 21 7 0 11 8 11 0 6.0
37 40 84 40 25 34 40 898 1 10 8 5 0 4.0
38 41 68 40 30 31 40 2740 2 10 7 2 0 21 21 7 0 6.0
39 16 47 40 11 61 40 22358 3 13 10 1 0 18 17 14 0 58 25 10 0 5.0
40 32 33 40 10 40 40 5360 1 23 13 8 1 4.0
41 55 60 40 49 28 40 4996 3 17 17 1 1 25 25 6 1 10 7 2 1 5.0
42 25 15 40 34 31 40 411 1 12 8 5 0 5.0
43 30 79 40 65 81 40 11813 2 16 13 3 0 23 11 3 0 4.0
44 43 73 40 54 40 40 8420 3 14 12 12 0 19 19 3 0 10 8 2 1 4.0
45 18 64 40 13 25 40 968 1 10 9 10 0 5.0
46 62 71 40 34 55 40 3408 1 18 11 8 0 4.0
47 13 81 40 35 28 40 4413 2 19 13 6 0 18 18 6 1 5.0
48 52 48 40 13 16 40 5057 2 22 22 5 0 10 8 10 0 5.0
49 62 26 40 37 50 40 24911 2 21 14 8 0 22 21 5 1 4.0
50 66 76 40 40 25 40 3453 3 10 7 5 0 14 12 10 0 13 12 6 1 5.0
51 39 84 40 31 73 40 6760 2 24 16 18 0 10 7 7 1 5.0
52 40 56 40 30 17 40 7241 2 30 23 7 0 47 25 3 0 5.0
53 30 74 40 11 25 40 12794 2 42 12 8 0 16 10 14 1 4.0
