5     53    45000 60    25    30   
0     40    50    0     40    50    1236  0     
1 16 46 40 17 49 40 45000 2 12 12 12 0 28 22 10 1 4.0
2 63 47 40 45 23 40 6614 1 54 7 30 0 6.0
3 22 47 40 56 46 40 1084 2 19 11 11 0 14 8 4 0 6.0
4 37 28 40 24 47 40 4875 3 14 7 2 0 10 7 7 0 13 12 10 1 4.0
5 57 56 40 34 28 40 6487 3 20 13 7 0 10 7 7 0 22 16 17 1 6.0
6 40 75 40 14 50 40 1158 1 11 7 4 0 4.0
7 45 75 40 43 23 40 9288 2 10 9 4 0 12 12 12 0 4.0
8 66 49 40 22 44 40 4103 3 22 22 22 0 22 9 3 1 13 13 17 1 6.0
9 21 44 40 46 25 40 4529 3 13 13 8 0 10 7 1 0 12 10 7 1 5.0
10 44 76 40 25 52 40 12559 1 18 18 18 0 4.0
11 64 53 40 63 50 40 740 1 10 9 7 0 5.0
12 42 79 40 55 48 40 3041 1 13 13 15 0 5.0
13 42 73 40 43 32 40 26037 3 15 12 12 0 60 25 2 0 18 18 18 0 4.0
14 60 52 40 42 69 40 3746 1 56 14 8 0 6.0
15 16 52 40 42 81 40 4438 2 14 10 1 0 18 15 11 1 5.0
16 37 80 40 40 73 40 539 1 10 10 3 0 5.0
17 47 72 40 44 73 40 812 2 11 7 5 0 42 7 7 0 6.0
18 59 50 40 37 26 40 3107 3 41 21 5 0 13 7 3 0 12 11 4 0 6.0
19 34 79 40 54 46 40 34584 3 16 8 6 0 38 25 24 0 11 7 11 1 5.0
20 43 29 40 36 30 40 3066 2 15 5 16 0 30 7 7 0 5.0
21 47 19 40 26 52 40 2953 2 10 10 3 0 13 10 4 1 4.0
22 46 75 40 20 56 40 45000 3 14 14 12 0 27 25 27 1 11 8 4 1 4.0
23 45 76 40 42 77 40 5612 3 33 24 6 0 10 10 10 0 15 9 9 1 6.0
24 40 81 40 44 78 40 4840 1 33 25 11 0 6.0
25 24 56 40 42 26 40 45000 3 22 17 30 0 11 10 11 0 13 9 5 1 4.0
26 22 50 40 43 25 40 19015 1 36 18 26 0 5.0
27 67 50 40 55 55 40 100 1 10 7 1 0 5.0
28 34 22 40 18 55 40 2372 1 23 9 13 0 6.0
29 43 81 40 44 26 40 45000 3 34 21 12 0 36 24 24 1 34 25 10 1 5.0
30 60 50 40 59 44 40 45000 2 36 25 5 0 30 22 21 0 4.0
31 44 82 40 44 20 40 38703 3 36 11 13 0 21 14 14 0 10 7 6 1 4.0
32 24 49 40 37 82 40 15726 3 13 10 13 0 29 12 3 0 22 19 19 0 5.0
33 35 25 40 67 48 40 4471 3 36 18 12 0 12 10 3 0 10 7 2 0 6.0
34 43 78 40 59 53 40 45000 2 39 25 22 0 14 12 10 0 4.0
35 60 53 40 60 48 40 4101 3 10 7 4 0 12 12 12 0 12 11 8 0 5.0
36 34 21 40 45 74 40 16483 1 56 24 6 1 4.0
37 63 48 40 43 77 40 45000 3 12 10 18 0 22 22 6 0 35 25 13 1 4.0
38 56 54 40 38 27 40 2005 3 14 8 8 0 27 9 6 0 20 14 1 0 6.0
39 66 52 40 46 24 40 19922 3 10 10 16 0 22 12 18 0 10 10 10 1 4.0
40 45 71 40 39 79 40 5169 1 12 12 6 0 4.0
41 64 46 40 40 24 40 1754 2 11 8 8 0 36 9 9 1 6.0
42 35 19 40 47 25 40 921 1 12 12 12 0 6.0
43 55 53 40 34 31 40 2360 2 11 8 10 0 20 14 2 1 5.0
44 16 49 40 15 46 40 11181 2 17 14 7 1 21 12 30 1 5.0
45 46 31 40 46 21 40 1582 1 31 7 7 0 6.0
46 25 44 40 19 46 40 2084 1 10 10 6 0 4.0
47 24 48 40 44 21 40 45000 2 31 25 4 0 30 11 12 1 4.0
48 19 50 40 21 51 40 198 1 12 7 3 0 6.0
49 64 48 40 25 50 40 10275 3 21 21 8 0 21 7 2 1 41 8 5 1 5.0
50 38 79 40 24 50 40 1469 1 24 18 3 0 5.0
51 15 55 40 63 54 40 2344 2 15 14 10 0 10 10 6 0 6.0
52 57 50 40 37 81 40 17421 2 21 13 13 0 13 10 5 0 4.0
53 20 46 40 55 47 40 329 1 12 7 3 0 5.0
