5     53    45000 60    25    30   
0     40    50    0     40    50    1236  0     
1 53 66 40 53 82 40 44770 2 12 12 12 0 27 21 9 1 4.0
2 18 73 40 42 38 40 7710 2 52 7 30 0 19 11 11 1 6.0
3 21 52 40 45 75 40 177 1 14 8 4 1 6.0
4 36 74 40 65 62 40 3911 3 13 7 2 0 9 6 6 0 12 12 9 0 4.0
5 24 51 40 42 15 40 6011 3 19 13 7 0 9 6 6 0 22 16 16 1 6.0
6 33 76 40 40 16 40 8708 3 11 6 4 0 9 9 4 0 12 12 12 0 4.0
7 64 54 40 68 30 40 45000 3 21 21 21 0 21 9 3 0 12 12 16 0 4.0
8 63 58 40 55 60 40 598 3 13 12 8 0 9 6 1 0 12 9 7 0 6.0
9 48 30 40 18 25 40 12758 2 18 18 18 0 10 9 6 0 5.0
10 17 27 40 60 17 40 15763 3 12 12 15 0 15 12 12 1 60 25 2 1 4.0
11 16 31 40 59 49 40 13948 2 18 18 18 0 54 14 8 0 5.0
12 45 32 40 48 50 40 140 1 13 9 1 1 5.0
13 66 40 40 35 65 40 7220 2 17 15 11 0 9 9 3 0 4.0
14 42 37 40 48 62 40 197 1 11 6 5 0 6.0
15 51 45 40 57 52 40 7763 2 40 6 6 0 40 20 5 0 5.0
16 43 26 40 30 55 40 2749 3 13 6 3 0 12 11 4 0 16 8 6 0 5.0
17 14 67 40 11 23 40 7715 3 37 25 23 0 11 6 11 0 15 5 16 0 6.0
18 12 40 40 53 31 40 1046 3 29 6 6 0 9 9 3 0 12 9 4 0 6.0
19 12 75 40 12 70 40 27769 3 14 14 12 0 26 25 26 1 11 8 4 1 5.0
20 40 55 40 34 70 40 5071 1 32 23 6 0 5.0
21 14 49 40 61 55 40 7001 2 9 9 9 0 15 9 9 1 4.0
22 26 82 40 49 45 40 28454 1 32 25 11 0 4.0
23 29 27 40 32 21 40 9481 2 22 16 30 0 11 10 11 1 6.0
24 10 73 40 47 20 40 8222 2 12 9 5 0 35 17 25 1 6.0
25 62 65 40 17 57 40 189 1 9 6 1 0 4.0
26 15 51 40 15 32 40 32740 3 22 9 13 0 33 20 12 0 35 23 23 0 5.0
27 44 73 40 14 74 40 18042 2 33 25 10 0 35 25 5 1 5.0
28 36 19 40 69 57 40 14806 2 29 21 20 0 35 11 12 0 6.0
29 33 31 40 13 48 40 5913 2 20 14 13 0 9 6 6 0 5.0
30 64 21 40 16 28 40 4349 1 12 9 12 1 4.0
31 44 37 40 47 85 40 45000 3 28 12 3 0 21 18 18 0 35 17 12 0 4.0
32 65 17 40 70 46 40 663 2 12 9 3 0 9 7 2 0 5.0
33 55 15 40 65 46 40 10777 1 38 25 21 0 6.0
34 16 59 40 66 27 40 10614 3 14 12 10 0 9 6 4 0 12 12 12 1 4.0
35 45 43 40 17 42 40 11389 2 12 11 8 1 54 23 6 1 5.0
36 16 35 40 33 41 40 3973 1 12 9 18 0 4.0
37 31 58 40 45 70 40 20682 1 22 22 6 0 4.0
38 51 71 40 39 56 40 9045 2 34 25 13 0 13 8 8 0 6.0
39 57 48 40 40 83 40 3805 1 26 9 6 0 4.0
40 15 42 40 20 79 40 1478 1 19 13 1 0 4.0
41 12 38 40 65 66 40 3514 3 10 10 15 1 22 12 18 1 10 10 10 1 6.0
42 13 30 40 34 24 40 461 1 12 12 6 0 6.0
43 48 84 40 41 29 40 5801 2 11 8 8 0 35 9 9 1 5.0
44 67 64 40 25 47 40 3699 3 12 12 12 0 11 8 9 0 19 14 2 1 5.0
45 39 44 40 21 22 40 1516 1 16 13 7 0 6.0
46 69 37 40 65 74 40 30120 2 20 12 30 0 30 7 7 0 4.0
47 61 23 40 37 48 40 45000 3 9 9 6 0 30 25 4 0 29 11 12 1 4.0
48 40 82 40 17 76 40 170 1 12 6 3 1 6.0
49 31 76 40 36 17 40 6547 2 20 20 8 0 20 7 2 1 5.0
50 56 48 40 16 69 40 1813 1 40 8 5 0 5.0
51 41 44 40 51 67 40 2719 2 23 18 3 0 15 14 9 0 6.0
52 53 54 40 34 78 40 16039 2 9 9 6 0 20 13 13 1 4.0
53 57 47 40 15 27 40 1067 2 12 10 5 0 12 6 3 0 5.0
