5     53    45000 60    25    30   
0     40    50    0     40    50    1236  0     
1 39 30 40 35 71 40 7844 2 17 13 11 0 13 10 6 1 4.0
2 62 61 40 60 44 40 4275 2 23 13 7 0 13 8 3 1 5.0
3 39 31 40 38 72 40 458 1 13 9 9 1 6.0
4 62 64 40 66 39 40 15038 3 12 12 23 0 11 9 8 0 15 7 2 0 4.0
5 20 59 40 65 41 40 3989 3 22 16 15 0 13 13 13 0 45 9 5 1 6.0
6 23 66 40 46 75 40 8577 3 13 13 10 0 22 17 18 0 28 10 17 0 6.0
7 46 29 40 23 35 40 6513 3 17 15 15 0 12 10 8 0 15 7 1 0 5.0
8 56 56 40 40 80 40 20167 3 23 17 10 0 17 13 17 0 24 18 30 0 5.0
9 56 61 40 23 36 40 12641 2 13 12 2 0 22 14 22 0 5.0
10 20 62 40 58 40 40 43926 3 26 24 7 0 17 13 3 1 26 22 6 1 4.0
11 53 64 40 23 42 40 13709 2 11 8 3 0 28 18 11 0 4.0
12 63 65 40 43 70 40 4491 1 26 20 26 1 6.0
13 45 32 40 22 43 40 24826 2 20 13 7 0 13 13 13 0 4.0
14 44 20 40 62 44 40 1266 1 12 8 12 0 5.0
15 62 65 40 24 40 40 2230 2 17 17 7 0 15 11 9 0 6.0
16 26 58 40 46 82 40 27992 3 13 10 11 0 26 22 5 0 13 10 7 0 4.0
17 16 57 40 44 69 40 2660 3 28 24 7 0 13 11 8 0 60 10 10 0 6.0
18 64 60 40 47 76 40 45000 3 20 11 9 0 11 11 11 0 42 23 23 0 4.0
19 19 67 40 46 69 40 40972 3 17 11 23 0 11 7 1 1 12 9 8 1 4.0
20 38 19 40 16 40 40 2005 1 18 16 5 0 5.0
21 28 61 40 64 37 40 3436 2 43 25 4 0 18 13 5 1 6.0
22 41 24 40 21 47 40 6021 1 20 13 13 0 5.0
23 39 21 40 64 45 40 44795 2 11 7 1 0 28 25 28 1 4.0
24 21 67 40 56 36 40 5028 2 30 23 7 0 13 11 13 1 6.0
25 62 57 40 21 34 40 11350 1 60 15 7 0 5.0
26 57 66 40 53 39 40 6540 3 20 13 7 0 28 10 17 0 14 10 10 0 6.0
27 16 60 40 47 80 40 4458 2 18 15 11 0 59 10 5 1 6.0
28 35 25 40 25 45 40 9692 2 13 9 1 0 18 16 13 0 4.0
29 38 30 40 25 43 40 3126 2 26 18 1 0 40 10 10 0 6.0
30 34 24 40 53 46 40 6355 1 27 25 26 1 6.0
31 59 56 40 34 75 40 45000 3 22 10 3 0 12 11 18 0 16 15 4 0 4.0
32 18 58 40 59 38 40 572 2 13 11 7 0 11 11 11 0 6.0
33 20 64 40 36 73 40 12538 1 43 23 23 0 6.0
34 15 63 40 39 73 40 45000 3 15 15 16 0 37 21 7 0 11 9 11 1 4.0
35 60 55 40 54 40 40 258 2 11 8 5 1 11 7 2 1 6.0
36 65 56 40 15 41 40 1882 1 21 21 7 0 6.0
37 54 63 40 28 35 40 321 1 13 11 1 0 4.0
38 40 25 40 42 75 40 16161 2 18 17 14 0 59 25 10 0 6.0
39 22 65 40 40 71 40 2828 1 23 13 8 0 5.0
40 40 32 40 35 75 40 648 1 17 17 1 0 4.0
41 20 54 40 56 35 40 6060 3 25 25 7 1 11 7 2 1 12 9 5 1 5.0
42 58 64 40 63 42 40 567 1 17 13 3 0 5.0
43 28 57 40 21 36 40 28419 2 24 11 3 0 15 13 13 1 4.0
44 43 22 40 65 36 40 6368 3 20 20 3 0 11 8 2 0 11 9 11 1 4.0
45 16 56 40 16 35 40 1917 1 18 11 9 0 5.0
46 41 25 40 59 40 40 8796 2 20 13 7 0 18 18 7 0 4.0
47 59 64 40 44 81 40 7765 3 22 22 5 0 11 8 11 0 22 15 8 1 5.0
48 46 31 40 18 41 40 3628 1 22 21 5 1 5.0
49 24 63 40 17 43 40 12637 2 11 7 5 0 15 12 11 1 4.0
50 39 32 40 20 47 40 1271 1 13 12 7 0 5.0
51 21 56 40 62 34 40 7200 2 24 17 18 0 11 7 7 0 5.0
52 57 64 40 43 69 40 7446 2 31 23 7 0 48 25 3 1 5.0
53 63 64 40 26 40 40 14638 2 42 12 9 0 16 11 15 0 4.0
