5     53    45000 60    25    30   
0     40    50    0     40    50    1236  0     
1 25 62 40 27 45 40 28260 2 10 10 10 0 23 18 8 0 4.0
2 55 65 40 39 78 40 5008 2 45 6 27 0 16 9 9 0 6.0
3 24 64 40 53 39 40 303 3 12 7 4 0 12 6 2 0 8 6 6 0 6.0
4 65 54 40 57 45 40 4970 3 11 10 8 0 17 11 6 0 8 6 6 1 4.0
5 26 57 40 23 46 40 2913 1 19 14 14 1 6.0
6 66 60 40 16 36 40 1331 2 9 6 3 0 8 8 3 1 4.0
7 64 56 40 46 76 40 39848 4 10 10 10 0 18 18 18 0 18 8 3 1 11 11 14 1 4.0
8 57 60 40 40 80 40 1381 4 11 11 7 0 8 6 1 0 10 8 6 0 15 15 15 0 6.0
9 45 25 40 25 46 40 6617 3 9 8 6 0 11 11 13 1 13 10 10 1 5.0
10 59 64 40 20 37 40 5707 1 53 25 2 0 4.0
11 21 64 40 34 81 40 8598 2 15 15 15 0 47 12 7 0 5.0
12 36 24 40 66 47 40 2454 2 12 8 1 0 15 13 10 0 5.0
13 22 67 40 62 37 40 11413 4 8 8 3 0 9 6 4 0 35 6 6 0 35 18 5 1 4.0
14 18 62 40 38 82 40 572 3 11 6 3 0 10 9 3 0 14 7 5 1 6.0
15 37 20 40 23 40 40 23602 2 32 25 20 0 10 6 9 0 5.0
16 21 67 40 23 39 40 3252 2 13 5 14 0 25 6 6 1 5.0
17 41 22 40 60 44 40 4789 5 8 8 3 0 11 8 4 0 12 12 10 0 23 23 23 0 9 7 4 1 6.0
18 57 63 40 19 45 40 6441 4 28 20 5 0 8 8 8 0 13 8 8 0 28 23 10 0 6.0
19 41 25 40 38 69 40 11825 2 19 14 28 0 10 9 10 1 5.0
20 59 61 40 26 35 40 505 1 11 8 5 0 5.0
21 54 64 40 39 72 40 45000 5 30 15 22 0 8 6 1 0 19 8 11 0 28 17 10 1 30 20 20 1 4.0
22 47 30 40 18 47 40 45000 4 28 25 9 0 30 25 5 0 25 18 17 0 30 10 11 1 4.0
23 37 23 40 42 80 40 2165 2 17 12 12 0 8 6 5 0 6.0
24 54 55 40 21 36 40 516 1 11 8 11 0 6.0
25 19 62 40 41 71 40 18658 2 24 10 3 0 18 16 16 0 4.0
26 59 59 40 40 82 40 5079 1 30 15 10 1 5.0
27 28 62 40 18 44 40 343 1 10 8 3 0 5.0
28 55 58 40 28 36 40 12125 2 8 6 2 0 33 23 18 1 6.0
29 40 25 40 66 45 40 4258 4 12 10 9 0 8 6 3 0 10 10 10 0 10 9 7 1 5.0
30 22 66 40 65 39 40 45000 4 47 20 5 0 10 8 15 0 19 19 5 0 29 21 11 1 4.0
31 63 60 40 61 46 40 22441 5 12 7 7 0 23 8 5 0 17 12 1 0 9 9 13 1 19 10 15 1 4.0
32 57 64 40 22 39 40 6834 5 9 9 9 0 10 10 5 0 10 7 7 0 30 8 8 1 10 10 10 1 5.0
33 57 54 40 54 43 40 1037 3 9 7 8 0 17 12 2 0 14 12 6 0 6.0
34 41 28 40 15 38 40 32526 5 18 10 30 0 26 6 6 0 8 8 5 0 26 25 3 0 25 10 10 1 4.0
35 34 24 40 42 73 40 3277 2 10 6 3 0 18 18 7 1 5.0
36 57 56 40 35 75 40 441 1 18 6 2 0 4.0
37 24 57 40 54 40 40 6979 1 35 7 4 1 4.0
38 59 67 40 60 36 40 1635 2 20 15 3 0 13 12 8 1 6.0
39 22 55 40 61 40 40 11132 5 8 8 5 0 17 11 11 0 11 9 4 0 10 6 3 0 15 11 7 1 4.0
40 28 67 40 59 39 40 3984 2 9 8 6 0 13 9 2 0 4.0
41 36 20 40 42 77 40 3098 5 15 11 25 0 8 6 3 0 11 10 8 0 17 17 3 0 9 7 6 0 6.0
42 15 56 40 26 40 40 1514 2 18 10 13 0 10 10 5 0 6.0
43 16 61 40 28 42 40 13191 5 8 6 4 0 21 17 14 0 9 9 13 0 9 8 7 0 10 10 13 1 5.0
44 39 25 40 45 74 40 11284 3 17 13 11 0 20 20 16 0 10 8 6 1 5.0
45 44 31 40 53 35 40 6439 4 21 8 13 0 10 10 1 0 25 6 6 0 20 15 10 0 6.0
46 17 62 40 40 76 40 24829 2 28 8 25 0 17 13 7 1 4.0
47 44 21 40 38 72 40 45000 5 9 6 1 0 9 5 2 0 18 12 27 0 32 25 30 0 8 6 3 1 4.0
48 41 24 40 53 45 40 1479 3 14 9 7 0 9 6 5 1 9 9 9 1 6.0
49 61 66 40 36 80 40 30232 5 8 7 9 0 10 8 8 0 28 24 19 0 8 6 6 0 22 17 5 0 5.0
50 43 19 40 38 81 40 580 2 14 7 4 0 10 6 2 1 5.0
51 21 65 40 60 46 40 5511 4 10 10 18 0 15 15 18 0 10 6 2 1 9 7 6 1 6.0
52 21 60 40 23 44 40 29722 5 23 13 4 0 10 10 10 0 25 9 8 0 11 8 15 0 14 11 12 0 4.0
53 36 22 40 64 42 40 9237 5 15 13 6 0 14 14 5 0 21 13 12 0 10 10 2 1 20 18 4 1 5.0
