5     52    45000 60    25    30   
0     40    50    0     40    50    1236  0     
1 53 58 40 62 47 40 6869 2 24 17 5 0 10 6 8 1 4.0
2 20 57 40 17 39 40 18347 2 27 23 9 0 20 7 27 0 5.0
3 26 57 40 41 75 40 2999 2 10 8 3 0 22 17 13 1 6.0
4 56 57 40 28 45 40 423 2 8 6 5 0 8 5 3 0 5.0
5 47 21 40 34 70 40 1812 5 20 18 4 0 8 6 4 0 26 21 11 0 7 6 10 1 10 7 7 1 6.0
6 56 66 40 40 76 40 14486 2 29 16 4 0 34 15 10 1 4.0
7 21 60 40 16 34 40 36824 5 22 17 7 0 22 20 5 0 20 5 2 0 32 5 5 1 17 12 5 1 4.0
8 39 31 40 59 35 40 2885 4 11 8 4 0 39 25 2 0 10 6 3 0 12 9 5 1 5.0
9 43 28 40 64 40 40 12957 5 17 9 15 0 8 5 5 0 52 20 5 1 8 6 4 1 15 14 14 1 5.0
10 37 30 40 22 40 40 17505 4 15 15 5 0 13 13 5 0 32 22 10 0 8 5 2 1 5.0
11 28 65 40 40 71 40 1182 1 10 10 9 1 5.0
12 54 54 40 63 35 40 14485 3 13 13 13 0 14 12 4 0 15 5 6 0 4.0
13 44 27 40 23 40 40 45000 5 8 6 7 0 9 8 7 0 10 10 5 1 31 19 30 1 12 8 3 1 4.0
14 27 60 40 64 42 40 5523 2 10 8 4 0 8 8 8 0 4.0
15 19 62 40 47 69 40 1357 2 32 24 5 0 8 8 8 0 6.0
16 65 56 40 56 46 40 4228 2 26 13 22 0 10 8 5 0 6.0
17 16 57 40 17 43 40 8543 5 9 7 5 0 8 5 3 0 15 10 8 0 8 8 4 0 12 10 12 0 4.0
18 40 26 40 34 77 40 3239 4 10 10 10 0 22 13 14 0 10 6 6 0 26 14 12 1 6.0
19 40 29 40 20 44 40 16059 2 17 14 18 1 10 7 7 1 4.0
20 21 57 40 65 47 40 5990 1 22 22 14 0 5.0
21 54 67 40 26 43 40 1581 5 27 13 13 0 14 8 3 0 24 11 3 0 10 8 5 0 20 6 6 1 6.0
22 21 67 40 56 37 40 16954 2 16 8 16 0 34 5 5 0 4.0
23 59 60 40 36 79 40 74 2 8 6 3 0 8 5 3 0 6.0
24 55 67 40 42 75 40 3136 5 39 15 4 0 22 19 23 0 8 6 5 0 8 5 1 1 8 6 8 1 6.0
25 22 63 40 21 37 40 9846 1 21 15 2 1 4.0
26 65 67 40 35 79 40 486 2 9 7 4 0 8 7 8 0 6.0
27 15 54 40 59 39 40 7317 5 30 11 5 0 17 15 10 0 15 8 6 0 11 8 3 1 14 8 3 1 5.0
28 62 60 40 39 71 40 574 1 8 8 8 0 5.0
29 21 58 40 21 39 40 7138 5 15 8 5 0 16 11 6 0 18 11 13 0 10 7 5 0 10 8 1 1 5.0
30 53 66 40 39 81 40 3675 2 19 14 7 0 16 10 6 0 5.0
31 38 19 40 20 46 40 26806 4 26 16 16 0 17 17 4 0 8 5 3 1 8 7 7 1 4.0
32 27 58 40 39 73 40 2548 5 8 8 10 0 25 16 15 0 10 7 6 0 9 6 5 1 10 10 12 1 6.0
33 66 60 40 46 70 40 19353 2 20 15 12 0 17 17 22 0 5.0
34 40 30 40 65 41 40 27563 3 10 7 5 0 10 8 1 0 26 18 26 0 4.0
35 35 23 40 26 36 40 263 2 10 8 2 0 8 8 2 0 5.0
36 28 67 40 59 40 40 928 2 22 12 6 0 10 6 6 0 6.0
37 61 55 40 15 39 40 45000 5 32 25 11 0 11 9 6 0 8 5 3 0 31 7 2 1 26 17 9 1 4.0
38 56 59 40 23 35 40 6651 3 14 10 2 0 49 22 10 0 10 7 6 1 6.0
39 57 64 40 63 42 40 917 1 8 7 6 0 4.0
40 37 23 40 44 74 40 650 1 10 9 13 0 6.0
41 17 64 40 38 75 40 500 1 12 9 2 1 4.0
42 38 20 40 40 79 40 4015 5 8 6 6 0 8 5 5 0 9 8 5 0 15 8 30 0 8 5 2 0 5.0
43 27 62 40 17 41 40 2047 2 10 5 4 0 15 15 5 0 5.0
44 65 61 40 55 40 40 6140 5 12 7 7 0 12 7 12 0 10 10 2 0 9 6 4 0 32 17 2 1 4.0
45 40 24 40 53 39 40 4118 2 26 25 10 0 12 12 10 1 6.0
46 34 20 40 63 46 40 45000 4 16 16 8 0 10 7 3 0 26 5 4 0 20 15 13 0 4.0
47 45 23 40 59 37 40 343 1 15 10 2 1 5.0
48 28 64 40 43 75 40 16073 5 28 25 20 0 13 8 5 0 10 10 5 0 16 14 12 0 34 5 5 1 6.0
49 44 25 40 18 40 40 31049 2 25 20 10 0 32 12 22 0 4.0
50 63 57 40 16 45 40 2080 2 8 8 5 0 52 25 10 0 6.0
51 37 20 40 64 38 40 7575 4 10 10 4 0 14 8 3 0 23 19 10 0 10 7 4 1 5.0
52 59 66 40 36 73 40 12628 5 25 15 20 0 25 5 6 0 17 10 15 0 15 12 25 0 10 8 7 0 6.0
