5     53    45000 60    25    30   
0     40    50    0     40    50    1236  0     
1 25 62 40 27 45 40 8412 2 20 9 15 0 9 7 14 0 4.0
2 55 65 40 39 78 40 3771 2 9 6 3 0 20 20 23 0 6.0
3 24 64 40 53 39 40 1606 3 15 6 2 0 11 11 8 0 23 11 11 0 6.0
4 65 54 40 57 45 40 45000 3 17 17 17 0 26 20 10 1 9 7 2 1 4.0
5 26 57 40 23 46 40 357 2 28 17 3 0 9 7 2 1 6.0
6 66 60 40 16 36 40 17633 1 33 25 30 0 6.0
7 64 56 40 46 76 40 6178 3 11 11 11 0 11 11 9 1 20 14 4 1 5.0
8 57 60 40 40 80 40 6060 3 13 9 2 0 11 11 9 0 11 11 10 1 4.0
9 45 25 40 25 46 40 4397 3 15 11 7 0 15 15 4 0 15 8 5 1 5.0
10 59 64 40 20 37 40 29887 2 26 20 9 0 20 19 10 0 4.0
11 21 64 40 34 81 40 7044 1 17 17 17 0 5.0
12 36 24 40 66 47 40 1296 1 15 10 7 0 5.0
13 22 67 40 62 37 40 3620 3 9 9 6 0 10 7 2 1 10 10 6 1 4.0
14 18 62 40 38 82 40 5594 3 27 21 9 0 11 9 6 0 19 7 11 1 6.0
15 37 20 40 23 40 40 5018 2 17 15 10 0 28 25 3 1 5.0
16 21 67 40 23 39 40 3276 2 17 9 6 0 11 9 6 0 4.0
17 41 22 40 60 44 40 8025 2 9 6 5 0 17 17 17 0 5.0
18 57 63 40 19 45 40 1910 3 27 20 2 0 13 9 3 0 34 17 3 0 6.0
19 41 25 40 38 69 40 27649 2 24 11 8 0 28 20 11 1 4.0
20 59 61 40 26 35 40 45000 2 48 25 30 0 11 11 11 0 4.0
21 54 64 40 39 72 40 5370 2 13 10 11 1 18 12 12 1 5.0
22 47 30 40 18 47 40 12243 3 39 6 6 0 20 11 30 1 9 6 5 1 5.0
23 37 23 40 42 80 40 546 1 11 6 3 0 4.0
24 54 55 40 21 36 40 14680 2 40 14 9 0 20 16 9 0 5.0
25 19 62 40 41 71 40 45000 1 30 15 25 1 4.0
26 59 59 40 40 82 40 66 1 13 9 3 0 6.0
27 28 62 40 18 44 40 10105 2 11 7 3 0 31 17 30 0 6.0
28 55 58 40 28 36 40 45000 2 60 23 6 0 34 25 6 0 4.0
29 40 25 40 66 45 40 4089 3 9 7 17 0 32 18 6 0 27 11 11 0 6.0
30 22 66 40 65 39 40 1396 2 23 13 4 0 12 12 12 1 6.0
31 63 60 40 61 46 40 14381 2 28 19 4 0 28 7 9 0 4.0
32 57 64 40 22 39 40 7971 3 11 11 11 0 17 9 9 0 27 15 10 1 5.0
33 57 54 40 54 43 40 6898 1 23 11 14 0 5.0
34 41 28 40 15 38 40 17844 3 14 14 3 0 24 7 8 0 26 19 6 1 4.0
35 34 24 40 42 73 40 1833 2 10 6 4 0 18 12 12 0 6.0
36 57 56 40 35 75 40 449 1 11 11 7 0 6.0
37 24 57 40 54 40 40 5707 2 26 13 22 0 19 6 7 0 6.0
38 59 67 40 60 36 40 3665 2 17 17 6 0 17 17 11 1 6.0
39 22 55 40 61 40 40 176 1 14 10 1 1 5.0
40 28 67 40 59 39 40 10594 1 16 16 30 0 5.0
41 36 20 40 42 77 40 15731 2 23 17 28 0 28 7 7 0 5.0
42 15 56 40 26 40 40 1319 2 11 9 2 0 24 16 13 0 6.0
43 16 61 40 28 42 40 38355 3 15 9 9 0 21 20 13 0 9 7 7 0 4.0
44 39 25 40 45 74 40 2964 2 22 19 6 0 17 6 10 1 5.0
45 44 31 40 53 35 40 771 1 11 9 3 1 4.0
46 17 62 40 40 76 40 39371 2 11 11 8 0 23 17 28 0 4.0
47 44 21 40 38 72 40 1799 2 10 10 7 0 14 13 9 0 6.0
48 41 24 40 53 45 40 2313 2 25 25 10 0 9 6 1 1 6.0
49 61 66 40 36 80 40 4226 2 13 11 8 0 15 15 3 0 4.0
50 43 19 40 38 81 40 1350 1 13 10 8 0 5.0
51 21 65 40 60 46 40 11402 3 10 7 2 0 23 23 11 0 18 18 19 0 5.0
52 21 60 40 23 44 40 12888 1 26 20 9 0 4.0
53 36 22 40 64 42 40 5046 1 15 14 12 1 4.0
