5     52    45000 60    25    30   
0     40    50    0     40    50    1236  0     
1 44 70 40 34 24 40 5505 2 17 8 13 0 8 6 12 1 4.0
2 36 21 40 14 47 40 2360 2 8 5 2 0 17 17 20 0 6.0
3 57 56 40 45 75 40 284 2 13 5 1 0 10 9 7 1 6.0
4 41 80 40 40 19 40 33695 2 20 10 10 0 15 15 15 0 4.0
5 46 78 40 55 49 40 6171 5 23 17 9 0 8 6 1 0 25 15 2 0 8 6 1 1 30 25 30 1 6.0
6 23 51 40 45 20 40 1282 2 10 10 10 0 10 10 8 1 6.0
7 16 50 40 57 46 40 4979 5 18 12 3 0 11 7 1 0 10 10 7 0 9 9 8 1 13 10 6 1 5.0
8 21 52 40 56 50 40 14548 4 13 13 3 0 13 7 4 0 22 17 7 0 18 16 9 1 4.0
9 39 70 40 25 48 40 7892 5 15 15 15 0 13 9 6 0 8 7 5 1 8 6 1 1 9 8 5 1 5.0
10 60 45 40 38 26 40 21122 4 24 18 7 0 10 7 5 0 16 6 9 0 15 13 9 1 4.0
11 20 46 40 43 70 40 1792 1 25 25 2 1 5.0
12 47 31 40 42 24 40 1432 3 15 8 5 0 10 8 5 0 8 5 4 0 5.0
13 56 48 40 64 57 40 19953 5 15 15 15 0 23 17 2 0 11 7 3 1 30 15 2 1 21 10 7 1 4.0
14 40 82 40 36 23 40 22813 2 25 17 10 0 42 22 27 0 6.0
15 37 32 40 18 53 40 2148 2 10 10 10 0 11 9 10 0 5.0
16 57 49 40 56 57 40 5091 2 15 10 10 0 34 5 5 0 4.0
17 45 30 40 36 29 40 15567 5 17 10 30 0 8 5 4 0 9 5 2 0 35 12 7 0 18 14 7 0 5.0
18 37 76 40 39 74 40 12067 4 26 13 22 0 11 7 3 0 10 6 3 0 27 15 30 1 6.0
19 54 54 40 27 49 40 29915 2 52 20 5 1 30 25 5 1 4.0
20 66 51 40 55 47 40 1436 1 8 6 15 0 4.0
21 38 70 40 64 45 40 9404 5 28 16 5 0 24 9 9 0 20 11 3 0 10 10 10 0 25 16 3 1 5.0
22 42 78 40 18 49 40 3033 2 25 6 7 0 10 10 10 0 5.0
23 45 77 40 66 46 40 9449 2 15 7 7 0 23 13 9 0 4.0
24 66 44 40 45 78 40 10278 5 20 10 12 0 12 12 2 0 21 6 7 0 23 16 5 1 9 5 3 1 5.0
25 34 32 40 40 72 40 7844 1 15 10 10 1 4.0
26 39 25 40 45 32 40 1014 2 10 10 6 0 23 11 19 0 6.0
27 18 50 40 45 25 40 6212 5 17 5 6 0 15 15 5 0 15 15 10 0 12 8 1 1 14 14 30 1 6.0
28 54 50 40 44 24 40 42714 1 20 15 25 0 4.0
29 63 55 40 17 47 40 4456 5 25 6 6 0 10 8 2 0 21 14 11 0 13 8 8 0 18 17 11 1 6.0
30 41 73 40 46 32 40 863 2 8 6 6 0 19 16 5 0 6.0
31 20 53 40 38 71 40 33492 4 15 5 9 0 9 7 3 0 10 10 7 1 20 15 25 1 4.0
32 21 57 40 23 44 40 7094 5 9 9 6 0 12 11 7 0 22 22 8 0 8 5 1 1 11 9 7 1 5.0
33 40 73 40 54 49 40 1858 2 13 13 2 0 11 8 7 0 4.0
34 55 46 40 25 51 40 27465 3 8 6 2 0 20 20 9 0 16 15 16 0 4.0
35 14 52 40 44 71 40 2704 2 22 17 7 0 13 12 10 0 6.0
36 36 25 40 67 44 40 806 2 14 8 11 0 9 8 4 0 6.0
37 20 50 40 65 51 40 6104 5 8 8 6 0 16 10 18 0 8 5 1 0 42 25 5 1 12 7 3 1 6.0
38 40 77 40 37 74 40 3029 3 12 5 5 0 20 14 10 0 15 8 8 1 6.0
39 54 51 40 43 74 40 1280 1 17 12 5 0 5.0
40 34 69 40 38 24 40 2318 1 15 14 8 0 5.0
41 37 20 40 34 81 40 2873 1 25 18 5 1 5.0
42 46 22 40 66 52 40 2165 5 15 10 30 0 13 12 5 0 10 9 9 0 12 12 12 0 10 10 7 0 6.0
43 25 54 40 34 72 40 20520 2 12 9 4 0 15 15 15 0 4.0
44 23 46 40 20 45 40 3688 5 8 8 5 0 11 8 8 0 22 17 7 0 9 7 5 0 9 8 6 1 5.0
45 43 27 40 63 48 40 4110 2 8 8 8 0 21 17 3 1 4.0
46 37 21 40 39 71 40 13834 4 17 17 8 0 17 13 7 0 12 7 2 0 10 8 2 0 4.0
47 39 19 40 57 47 40 628 1 34 6 4 1 6.0
48 35 25 40 25 57 40 3366 5 28 8 8 0 12 11 4 0 16 12 12 0 10 8 7 0 19 14 15 1 6.0
49 18 44 40 24 50 40 9782 2 8 5 4 0 15 15 18 0 4.0
50 14 50 40 46 20 40 6801 2 10 10 14 0 16 8 30 0 5.0
51 36 72 40 27 50 40 10217 4 18 18 30 0 14 9 5 0 9 7 6 0 8 8 2 1 5.0
52 64 55 40 26 57 40 6635 5 20 17 5 0 24 12 18 0 8 5 1 0 8 7 4 0 10 8 1 0 5.0
