5     53    45000 60    25    30   
0     40    50    0     40    50    1236  0     
1 39 30 40 35 71 40 8412 2 20 9 15 0 9 7 14 1 4.0
2 62 61 40 60 44 40 3771 2 9 6 3 0 20 20 23 1 6.0
3 39 31 40 38 72 40 74 1 15 6 2 1 6.0
4 62 64 40 66 39 40 45000 3 11 11 8 0 23 11 11 0 17 17 17 0 4.0
5 20 59 40 65 41 40 1551 3 26 20 10 0 9 7 2 0 28 17 3 1 6.0
6 23 66 40 46 75 40 18671 3 9 7 2 0 33 25 30 0 11 11 11 0 6.0
7 46 29 40 23 35 40 4232 3 11 11 9 0 20 14 4 0 12 9 2 0 5.0
8 56 56 40 40 80 40 8263 3 11 11 9 0 11 11 10 0 15 11 7 0 4.0
9 56 61 40 23 36 40 2484 2 15 15 4 0 15 8 5 0 5.0
10 20 62 40 58 40 40 45000 3 26 20 9 0 20 19 10 1 17 17 17 1 4.0
11 53 64 40 23 42 40 2202 2 15 10 7 0 9 9 6 0 5.0
12 63 65 40 43 70 40 173 1 10 7 2 1 5.0
13 45 32 40 22 43 40 16838 2 10 10 6 0 27 21 9 0 4.0
14 44 20 40 62 44 40 464 1 11 9 6 0 6.0
15 62 65 40 24 40 40 4331 2 19 7 11 0 17 15 10 0 5.0
16 26 58 40 46 82 40 7826 3 28 25 3 0 17 9 6 0 11 9 6 0 4.0
17 16 57 40 44 69 40 9698 3 9 6 5 0 17 17 17 0 27 20 2 0 5.0
18 64 60 40 47 76 40 2533 3 13 9 3 0 34 17 3 0 24 11 8 0 6.0
19 19 67 40 46 69 40 45000 3 28 19 11 0 46 25 30 1 11 11 11 1 4.0
20 38 19 40 16 40 40 2852 1 13 10 11 0 4.0
21 28 61 40 64 37 40 5335 2 18 12 12 0 39 6 6 1 5.0
22 41 24 40 21 47 40 9766 1 20 11 30 0 5.0
23 39 21 40 64 45 40 1291 2 9 6 5 0 11 6 3 1 4.0
24 21 67 40 56 36 40 14680 2 40 14 9 0 20 16 9 1 5.0
25 62 57 40 21 34 40 45000 1 29 15 25 0 4.0
26 57 66 40 53 39 40 3069 3 12 9 3 0 11 7 3 0 31 17 30 0 6.0
27 16 60 40 47 80 40 8428 2 60 23 6 0 34 25 6 1 6.0
28 35 25 40 25 45 40 25782 2 9 7 17 0 32 18 6 0 4.0
29 38 30 40 25 43 40 2293 2 27 11 11 0 23 12 4 0 6.0
30 34 24 40 53 46 40 825 1 12 12 12 1 6.0
31 59 56 40 34 75 40 19299 3 28 19 4 0 28 7 9 0 11 11 11 0 4.0
32 18 58 40 59 38 40 6401 2 17 9 9 0 27 15 10 0 5.0
33 20 64 40 36 73 40 6898 1 23 11 14 0 5.0
34 15 63 40 39 73 40 17844 3 14 14 3 0 24 7 8 0 26 19 6 1 4.0
35 60 55 40 54 40 40 1833 2 10 6 4 1 18 12 12 1 6.0
36 65 56 40 15 41 40 449 1 11 11 7 0 6.0
37 54 63 40 28 35 40 4758 1 26 12 22 0 6.0
38 40 25 40 42 75 40 1889 2 19 6 7 0 17 17 6 0 6.0
39 22 65 40 40 71 40 3989 1 17 17 11 0 5.0
40 40 32 40 35 75 40 193 1 14 10 1 0 5.0
41 20 54 40 56 35 40 25537 3 16 16 30 1 23 17 28 1 28 7 7 1 5.0
42 58 64 40 63 42 40 50 1 11 9 2 0 6.0
43 28 57 40 21 36 40 31386 2 24 16 12 0 15 9 9 1 4.0
44 43 22 40 65 36 40 7066 3 21 20 13 0 9 7 7 0 22 19 6 1 5.0
45 16 56 40 16 35 40 2648 1 17 6 10 0 4.0
46 41 25 40 59 40 40 4180 2 11 9 3 0 11 11 8 0 4.0
47 59 64 40 44 81 40 10224 3 23 17 28 0 10 10 7 0 14 13 9 1 6.0
48 46 31 40 18 41 40 2293 1 25 25 10 1 6.0
49 24 63 40 17 43 40 2784 2 9 6 1 0 13 11 8 1 4.0
50 39 32 40 20 47 40 876 1 15 15 3 0 5.0
51 21 56 40 62 34 40 1111 2 13 10 8 0 10 7 2 0 5.0
52 57 64 40 43 69 40 32977 2 23 23 11 0 18 18 19 1 4.0
53 63 64 40 26 40 40 14418 2 26 20 9 0 15 14 12 0 4.0
