5     53    45000 60    25    30   
0     40    50    0     40    50    1236  0     
1 39 30 40 35 71 40 44770 2 12 12 12 0 27 21 9 1 4.0
2 62 61 40 60 44 40 7710 2 52 7 30 0 19 11 11 1 6.0
3 39 31 40 38 72 40 177 1 14 8 4 1 6.0
4 62 64 40 66 39 40 3911 3 13 7 2 0 9 6 6 0 12 12 9 0 4.0
5 20 59 40 65 41 40 6011 3 19 13 7 0 9 6 6 0 22 16 16 1 6.0
6 23 66 40 46 75 40 8708 3 11 6 4 0 9 9 4 0 12 12 12 0 4.0
7 46 29 40 23 35 40 45000 3 21 21 21 0 21 9 3 0 12 12 16 0 4.0
8 56 56 40 40 80 40 598 3 13 12 8 0 9 6 1 0 12 9 7 0 6.0
9 56 61 40 23 36 40 12758 2 18 18 18 0 10 9 6 0 5.0
10 20 62 40 58 40 40 15763 3 12 12 15 0 15 12 12 1 60 25 2 1 4.0
11 53 64 40 23 42 40 13948 2 18 18 18 0 54 14 8 0 5.0
12 63 65 40 43 70 40 140 1 13 9 1 1 5.0
13 45 32 40 22 43 40 7220 2 17 15 11 0 9 9 3 0 4.0
14 44 20 40 62 44 40 197 1 11 6 5 0 6.0
15 62 65 40 24 40 40 7763 2 40 6 6 0 40 20 5 0 5.0
16 26 58 40 46 82 40 2749 3 13 6 3 0 12 11 4 0 16 8 6 0 5.0
17 16 57 40 44 69 40 7715 3 37 25 23 0 11 6 11 0 15 5 16 0 6.0
18 64 60 40 47 76 40 1046 3 29 6 6 0 9 9 3 0 12 9 4 0 6.0
19 19 67 40 46 69 40 27769 3 14 14 12 0 26 25 26 1 11 8 4 1 5.0
20 38 19 40 16 40 40 5071 1 32 23 6 0 5.0
21 28 61 40 64 37 40 7001 2 9 9 9 0 15 9 9 1 4.0
22 41 24 40 21 47 40 28454 1 32 25 11 0 4.0
23 39 21 40 64 45 40 9481 2 22 16 30 0 11 10 11 1 6.0
24 21 67 40 56 36 40 8222 2 12 9 5 0 35 17 25 1 6.0
25 62 57 40 21 34 40 189 1 9 6 1 0 4.0
26 57 66 40 53 39 40 32740 3 22 9 13 0 33 20 12 0 35 23 23 0 5.0
27 16 60 40 47 80 40 18042 2 33 25 10 0 35 25 5 1 5.0
28 35 25 40 25 45 40 14806 2 29 21 20 0 35 11 12 0 6.0
29 38 30 40 25 43 40 5913 2 20 14 13 0 9 6 6 0 5.0
30 34 24 40 53 46 40 4349 1 12 9 12 1 4.0
31 59 56 40 34 75 40 45000 3 28 12 3 0 21 18 18 0 35 17 12 0 4.0
32 18 58 40 59 38 40 663 2 12 9 3 0 9 7 2 0 5.0
33 20 64 40 36 73 40 10777 1 38 25 21 0 6.0
34 15 63 40 39 73 40 10614 3 14 12 10 0 9 6 4 0 12 12 12 1 4.0
35 60 55 40 54 40 40 11389 2 12 11 8 1 54 23 6 1 5.0
36 65 56 40 15 41 40 3973 1 12 9 18 0 4.0
37 54 63 40 28 35 40 20682 1 22 22 6 0 4.0
38 40 25 40 42 75 40 9045 2 34 25 13 0 13 8 8 0 6.0
39 22 65 40 40 71 40 3805 1 26 9 6 0 4.0
40 40 32 40 35 75 40 1478 1 19 13 1 0 4.0
41 20 54 40 56 35 40 3514 3 10 10 15 1 22 12 18 1 10 10 10 1 6.0
42 58 64 40 63 42 40 461 1 12 12 6 0 6.0
43 28 57 40 21 36 40 5801 2 11 8 8 0 35 9 9 1 5.0
44 43 22 40 65 36 40 3699 3 12 12 12 0 11 8 9 0 19 14 2 1 5.0
45 16 56 40 16 35 40 1516 1 16 13 7 0 6.0
46 41 25 40 59 40 40 30120 2 20 12 30 0 30 7 7 0 4.0
47 59 64 40 44 81 40 45000 3 9 9 6 0 30 25 4 0 29 11 12 1 4.0
48 46 31 40 18 41 40 170 1 12 6 3 1 6.0
49 24 63 40 17 43 40 6547 2 20 20 8 0 20 7 2 1 5.0
50 39 32 40 20 47 40 1813 1 40 8 5 0 5.0
51 21 56 40 62 34 40 2719 2 23 18 3 0 15 14 9 0 6.0
52 57 64 40 43 69 40 16039 2 9 9 6 0 20 13 13 1 4.0
53 63 64 40 26 40 40 1067 2 12 10 5 0 12 6 3 0 5.0
