5     53    45000 60    25    30   
0     40    50    0     40    50    1236  0     
1 40 20 40 47 76 40 2944 2 16 14 6 0 11 7 2 1 4.0
2 55 56 40 56 35 40 1721 1 11 11 11 0 5.0
3 18 59 40 56 41 40 6337 2 10 10 7 0 19 19 19 0 6.0
4 66 66 40 64 38 40 45000 3 12 11 18 0 10 7 2 0 17 17 11 1 4.0
5 47 30 40 47 74 40 11168 3 40 25 28 0 18 18 6 0 34 21 9 1 6.0
6 56 63 40 64 42 40 3281 1 29 22 6 0 6.0
7 15 58 40 39 70 40 5515 2 29 23 6 0 22 22 6 0 6.0
8 34 27 40 35 71 40 2712 3 15 8 6 0 10 10 6 1 13 12 30 1 6.0
9 15 54 40 20 35 40 45000 3 13 10 3 0 26 18 30 0 60 25 3 1 4.0
10 63 65 40 57 46 40 420 1 11 11 1 0 4.0
11 19 59 40 23 37 40 392 1 10 7 4 0 5.0
12 66 61 40 37 72 40 3866 1 13 13 13 0 4.0
13 23 67 40 46 79 40 9918 3 29 19 3 0 13 13 10 0 13 8 3 0 4.0
14 15 60 40 27 36 40 237 1 12 7 3 0 5.0
15 62 58 40 56 37 40 15441 2 19 19 25 0 29 25 18 1 6.0
16 19 63 40 19 38 40 23035 1 39 25 17 0 5.0
17 44 19 40 43 78 40 869 2 10 10 3 0 14 9 10 0 6.0
18 36 28 40 39 72 40 7553 3 10 10 10 0 13 13 13 0 38 25 5 0 5.0
19 57 64 40 15 42 40 45000 3 32 25 4 0 25 20 4 0 13 13 13 1 4.0
20 61 66 40 21 37 40 16883 2 23 23 26 0 11 8 5 0 5.0
21 54 67 40 64 47 40 4471 2 23 6 6 0 34 8 10 1 5.0
22 21 59 40 57 44 40 1966 3 11 8 13 0 11 8 2 1 14 14 14 1 6.0
23 18 63 40 47 73 40 883 3 11 9 8 0 16 11 16 0 10 8 5 1 6.0
24 21 63 40 60 40 40 859 1 13 11 8 0 6.0
25 46 30 40 25 47 40 14840 3 11 11 3 0 25 19 6 0 15 10 8 1 4.0
26 57 61 40 63 39 40 2275 1 12 9 12 0 4.0
27 47 19 40 43 81 40 4166 1 15 14 16 0 5.0
28 40 28 40 46 72 40 11605 1 15 12 11 0 4.0
29 24 66 40 25 44 40 13895 3 15 14 15 0 13 13 13 1 33 25 14 1 6.0
30 62 60 40 62 36 40 1654 2 12 10 8 0 11 7 7 0 5.0
31 28 57 40 65 42 40 45000 3 19 19 13 0 22 17 13 0 60 25 10 1 4.0
32 45 29 40 40 79 40 21201 3 11 8 10 0 25 16 15 0 16 16 25 0 4.0
33 41 31 40 53 38 40 5200 3 10 7 7 0 34 25 3 0 35 13 4 0 5.0
34 24 67 40 44 80 40 2154 2 8 7 6 0 14 11 8 0 5.0
35 55 64 40 23 40 40 12997 3 33 11 30 0 30 10 4 0 13 10 4 0 5.0
36 35 30 40 37 70 40 379 1 10 8 8 1 6.0
37 21 67 40 23 38 40 3760 3 13 10 6 0 13 9 9 0 10 10 10 1 5.0
38 36 32 40 16 46 40 8419 3 13 10 7 0 10 7 1 0 32 25 5 0 4.0
39 61 55 40 19 41 40 6482 3 16 16 6 0 22 22 7 0 32 7 7 1 5.0
40 60 60 40 55 45 40 29161 1 23 23 30 0 4.0
41 17 57 40 24 44 40 1758 2 23 13 10 0 12 10 3 1 6.0
42 54 65 40 43 82 40 5506 1 13 13 16 0 4.0
43 57 67 40 66 46 40 10054 2 12 11 10 0 10 8 13 1 4.0
44 40 22 40 38 73 40 2782 2 11 10 9 1 16 16 15 1 6.0
45 21 55 40 16 41 40 137 1 18 11 3 0 6.0
46 24 64 40 40 80 40 7133 1 19 19 6 0 4.0
47 41 28 40 26 38 40 4116 2 19 13 19 0 14 10 2 1 6.0
48 59 63 40 20 46 40 1140 1 10 10 10 0 5.0
49 37 19 40 39 81 40 20001 3 11 10 6 0 10 7 9 1 60 7 13 1 4.0
50 23 60 40 22 38 40 920 1 10 10 10 0 5.0
51 41 30 40 54 35 40 13948 2 48 25 13 0 18 11 1 0 6.0
52 40 25 40 25 34 40 45000 2 23 18 13 0 38 25 13 0 4.0
53 65 62 40 64 46 40 4141 1 24 24 8 0 5.0
