5     52    45000 60    25    30   
0     40    50    0     40    50    1236  0     
1 44 70 40 34 24 40 2755 2 16 13 6 0 11 7 2 1 4.0
2 36 21 40 14 47 40 2470 2 11 10 11 0 10 10 7 0 5.0
3 57 56 40 45 75 40 4889 1 18 18 18 0 6.0
4 41 80 40 40 19 40 29831 2 11 10 17 0 10 7 2 1 4.0
5 46 78 40 55 49 40 786 1 16 16 10 0 6.0
6 23 51 40 45 20 40 23398 1 39 25 28 0 6.0
7 16 50 40 57 46 40 9249 3 18 18 6 0 33 21 9 0 27 21 6 0 6.0
8 21 52 40 56 50 40 3060 3 27 22 6 0 21 21 6 0 14 8 5 0 6.0
9 39 70 40 25 48 40 12778 3 10 10 6 0 12 11 30 0 12 10 3 1 4.0
10 60 45 40 38 26 40 45000 3 25 17 30 0 60 25 3 0 11 11 1 0 4.0
11 20 46 40 43 70 40 2814 2 10 7 4 0 12 12 12 0 5.0
12 47 31 40 42 24 40 2565 1 27 18 3 1 4.0
13 56 48 40 64 57 40 6060 3 13 13 10 0 13 8 3 1 11 7 3 1 4.0
14 40 82 40 36 23 40 7323 1 18 18 24 0 5.0
15 37 32 40 18 53 40 8027 1 27 25 17 0 6.0
16 57 49 40 56 57 40 20568 1 37 25 16 0 5.0
17 45 30 40 36 29 40 746 2 10 10 3 0 13 8 10 0 6.0
18 37 76 40 39 74 40 6604 3 10 9 10 0 12 12 12 0 36 24 5 1 5.0
19 54 54 40 27 49 40 27045 1 30 25 4 0 4.0
20 66 51 40 55 47 40 2170 1 24 19 4 0 5.0
21 38 70 40 64 45 40 17866 3 12 12 12 0 22 22 25 1 10 7 5 1 5.0
22 42 78 40 18 49 40 1403 2 22 5 6 0 32 7 10 1 6.0
23 45 77 40 66 46 40 252 1 11 8 13 0 6.0
24 66 44 40 45 78 40 1766 2 11 7 2 0 13 13 13 0 6.0
25 34 32 40 40 72 40 9450 2 10 8 7 0 15 10 15 0 4.0
26 39 25 40 45 32 40 632 1 9 8 5 1 4.0
27 18 50 40 45 25 40 4504 3 12 10 7 0 10 10 2 0 24 18 6 1 5.0
28 54 50 40 44 24 40 11418 2 14 10 7 0 11 8 11 1 4.0
29 63 55 40 17 47 40 5756 3 14 13 16 0 14 11 10 0 14 13 14 1 6.0
30 41 73 40 46 32 40 1906 1 12 12 12 0 5.0
31 20 53 40 38 71 40 26233 2 31 25 13 0 11 10 7 0 4.0
32 21 57 40 23 44 40 13426 3 10 7 7 0 18 18 12 0 21 16 12 1 4.0
33 40 73 40 54 49 40 15214 2 60 25 9 0 10 8 9 0 5.0
34 55 46 40 25 51 40 14340 2 24 15 14 1 15 15 24 1 5.0
35 14 52 40 44 71 40 2154 2 10 7 7 0 32 25 2 0 5.0
36 36 25 40 67 44 40 938 1 33 12 4 1 6.0
37 20 50 40 65 51 40 13996 3 8 7 6 0 13 10 7 0 31 10 30 1 5.0
38 40 77 40 37 74 40 3601 3 29 10 4 0 12 10 4 0 10 7 7 1 4.0
39 54 51 40 43 74 40 1478 2 12 9 6 1 13 8 8 1 5.0
40 34 69 40 38 24 40 3032 2 10 9 9 0 12 10 7 0 4.0
41 37 20 40 34 81 40 1926 2 10 7 1 0 30 24 5 1 6.0
42 46 22 40 66 52 40 8451 2 15 15 6 0 20 20 7 0 4.0
43 25 54 40 34 72 40 45000 2 30 7 7 0 22 22 28 0 4.0
44 23 46 40 20 45 40 2955 3 22 12 10 0 11 10 3 0 12 12 15 0 6.0
45 43 27 40 63 48 40 468 2 11 10 9 0 10 8 13 1 6.0
46 37 21 40 39 71 40 13008 2 10 10 8 0 15 15 14 0 4.0
47 39 19 40 57 47 40 2031 2 17 10 3 0 18 18 6 0 6.0
48 35 25 40 25 57 40 5841 3 18 12 18 0 13 9 2 0 10 10 10 0 5.0
49 18 44 40 24 50 40 1630 1 11 10 5 1 4.0
50 14 50 40 46 20 40 5151 2 10 7 8 0 60 7 12 0 5.0
51 36 72 40 27 50 40 12967 3 10 10 10 0 45 25 12 0 17 11 1 1 6.0
52 64 55 40 26 57 40 4180 1 22 17 12 0 5.0
