5     53    45000 60    25    30   
0     40    50    0     40    50    1236  0     
1 39 30 40 35 71 40 12250 2 29 21 6 0 12 7 10 1 4.0
2 62 61 40 60 44 40 30460 2 33 25 11 0 24 9 30 1 5.0
3 39 31 40 38 72 40 282 1 12 10 4 1 6.0
4 62 64 40 66 39 40 11172 3 26 21 16 0 10 7 7 0 10 7 4 0 5.0
5 20 59 40 65 41 40 2919 3 24 21 5 0 10 8 5 0 31 25 14 1 6.0
6 23 66 40 46 75 40 11096 3 9 8 12 0 12 9 8 0 36 20 5 0 4.0
7 46 29 40 23 35 40 45000 3 42 18 12 0 27 21 9 0 27 24 6 0 4.0
8 56 56 40 40 80 40 4110 3 24 7 3 0 39 7 7 0 21 15 6 0 5.0
9 56 61 40 23 36 40 3650 2 13 10 5 0 48 25 2 0 5.0
10 20 62 40 58 40 40 10971 3 12 8 4 0 15 11 7 1 21 11 18 1 5.0
11 53 64 40 23 42 40 11896 2 10 7 6 0 60 24 6 0 5.0
12 63 65 40 43 70 40 1746 1 10 8 5 1 4.0
13 45 32 40 22 43 40 30845 2 18 17 17 0 18 18 6 0 4.0
14 44 20 40 62 44 40 8962 1 15 15 6 0 4.0
15 62 65 40 24 40 40 3692 2 39 25 12 0 10 7 2 0 6.0
16 26 58 40 46 82 40 3752 3 12 12 11 0 16 16 16 0 17 15 5 0 6.0
17 16 57 40 44 69 40 6278 3 18 7 8 0 10 7 8 0 11 10 8 0 4.0
18 64 60 40 47 76 40 8984 3 12 12 6 0 37 23 30 0 15 10 4 0 6.0
19 19 67 40 46 69 40 28340 3 12 10 5 0 10 10 10 1 39 25 7 1 4.0
20 38 19 40 16 40 40 884 1 10 10 10 0 6.0
21 28 61 40 64 37 40 3189 2 31 16 26 0 12 10 7 1 6.0
22 41 24 40 21 47 40 3475 1 11 9 6 0 4.0
23 39 21 40 64 45 40 685 2 10 7 4 0 18 12 10 1 6.0
24 21 67 40 56 36 40 795 2 10 10 5 0 15 12 15 1 6.0
25 62 57 40 21 34 40 27007 1 12 12 12 0 4.0
26 57 66 40 53 39 40 10556 3 26 15 17 0 12 7 8 0 31 17 15 0 6.0
27 16 60 40 47 80 40 10753 2 20 17 21 0 12 9 9 1 5.0
28 35 25 40 25 45 40 21198 2 27 25 17 0 33 15 15 0 5.0
29 38 30 40 25 43 40 3529 2 17 10 4 0 29 14 4 0 5.0
30 34 24 40 53 46 40 938 1 12 10 6 1 5.0
31 59 56 40 34 75 40 21882 3 24 7 7 0 19 10 19 0 41 7 7 0 4.0
32 18 58 40 59 38 40 167 2 10 7 4 0 10 7 4 0 6.0
33 20 64 40 36 73 40 8396 1 48 18 5 0 5.0
34 15 63 40 39 73 40 37859 3 26 23 28 0 10 7 7 0 10 7 1 1 4.0
35 60 55 40 54 40 40 1922 2 10 7 10 1 26 18 3 1 5.0
36 65 56 40 15 41 40 210 1 11 8 5 0 6.0
37 54 63 40 28 35 40 6170 1 10 9 10 0 4.0
38 40 25 40 42 75 40 4300 2 37 13 6 0 21 18 12 0 6.0
39 22 65 40 40 71 40 3438 1 18 10 7 0 4.0
40 40 32 40 35 75 40 311 1 14 10 4 0 6.0
41 20 54 40 56 35 40 6811 3 17 10 4 1 10 10 10 1 18 10 7 1 4.0
42 58 64 40 63 42 40 1614 1 20 13 7 0 5.0
43 28 57 40 21 36 40 7629 2 22 13 15 0 12 9 6 1 5.0
44 43 22 40 65 36 40 10535 3 12 10 1 0 23 17 9 0 20 12 7 1 5.0
45 16 56 40 16 35 40 6638 1 32 20 20 0 6.0
46 41 25 40 59 40 40 24219 2 21 21 5 0 10 7 4 0 4.0
47 59 64 40 44 81 40 14639 3 10 9 9 0 10 10 12 0 30 20 18 1 5.0
48 46 31 40 18 41 40 748 1 12 9 8 1 6.0
49 24 63 40 17 43 40 6206 2 11 8 6 0 12 12 15 1 4.0
50 39 32 40 20 47 40 1012 1 24 18 15 0 6.0
51 21 56 40 62 34 40 16100 2 20 20 27 0 12 9 6 0 5.0
52 57 64 40 43 69 40 45000 2 12 10 1 0 31 21 30 1 4.0
53 63 64 40 26 40 40 1896 2 12 10 3 0 10 10 3 0 4.0
