5     52    45000 60    25    30   
0     40    50    0     40    50    1236  0     
1 26 48 40 64 38 40 11219 2 28 20 6 0 12 7 9 1 4.0
2 34 70 40 17 45 40 29393 2 32 25 11 0 23 9 30 0 5.0
3 15 40 40 30 84 40 282 1 12 10 4 0 6.0
4 21 42 40 52 73 40 9846 2 25 20 16 0 9 7 6 1 5.0
5 64 62 40 23 58 40 46 1 9 6 4 0 6.0
6 69 67 40 20 29 40 5248 1 24 21 5 0 4.0
7 49 68 40 43 28 40 45000 3 10 7 5 0 30 24 13 0 9 7 12 0 4.0
8 19 74 40 14 76 40 11791 3 12 9 8 0 35 19 5 0 40 17 12 0 5.0
9 15 41 40 17 16 40 10390 3 26 20 9 0 26 23 6 0 23 6 3 1 5.0
10 20 83 40 44 17 40 6927 3 37 6 6 0 20 14 6 0 13 9 5 0 5.0
11 55 62 40 64 26 40 3351 2 46 25 2 0 12 7 3 0 5.0
12 12 16 40 68 18 40 3666 1 14 10 6 1 4.0
13 30 28 40 32 42 40 45000 3 20 11 18 0 10 6 6 1 60 23 6 1 4.0
14 14 34 40 54 31 40 2091 1 9 7 5 0 4.0
15 46 24 40 16 43 40 1437 1 18 16 16 0 6.0
16 67 38 40 27 50 40 936 1 17 17 6 0 6.0
17 51 21 40 26 34 40 32699 2 15 15 6 0 38 25 12 0 4.0
18 33 56 40 52 42 40 1879 3 9 6 2 0 12 12 10 0 16 16 16 1 6.0
19 42 42 40 68 35 40 3768 1 16 14 5 0 4.0
20 11 36 40 64 40 40 668 1 18 6 7 0 5.0
21 60 69 40 38 63 40 502 3 9 7 8 0 11 9 8 1 12 12 6 1 6.0
22 18 25 40 19 42 40 45000 2 36 22 30 0 14 9 4 1 4.0
23 52 60 40 69 84 40 168 1 12 10 5 0 6.0
24 46 80 40 62 32 40 1598 2 9 9 9 0 38 25 6 0 6.0
25 11 53 40 16 72 40 45000 2 10 10 10 0 30 16 25 0 4.0
26 64 56 40 51 15 40 450 1 12 9 6 1 6.0
27 11 45 40 43 57 40 3706 3 10 9 6 0 9 6 4 0 17 12 10 1 5.0
28 23 23 40 70 62 40 3143 2 10 9 5 0 14 12 14 1 5.0
29 50 74 40 46 38 40 13312 3 12 12 12 0 25 15 17 0 12 7 7 1 5.0
30 19 50 40 10 74 40 9298 1 30 17 14 0 5.0
31 65 23 40 20 38 40 24771 2 20 16 21 0 12 9 9 0 4.0
32 13 20 40 59 83 40 5386 3 26 25 16 0 32 15 15 0 16 9 3 1 6.0
33 59 30 40 61 72 40 4089 2 28 13 4 0 12 9 6 0 5.0
34 39 17 40 37 64 40 8846 2 23 7 7 1 18 9 18 1 4.0
35 23 77 40 10 60 40 1545 2 40 6 6 0 9 7 4 0 5.0
36 24 62 40 54 15 40 77 1 9 6 3 1 6.0
37 24 19 40 67 53 40 45000 3 46 17 5 0 25 22 27 0 9 7 6 1 4.0
38 51 73 40 36 44 40 1099 3 9 6 1 0 9 7 9 0 25 17 3 1 6.0
39 12 78 40 46 51 40 3081 2 10 8 5 1 9 9 9 1 4.0
40 44 54 40 61 47 40 3829 2 36 13 6 0 20 17 12 0 6.0
41 39 67 40 30 54 40 3841 2 17 10 7 0 13 9 4 1 4.0
42 45 83 40 17 23 40 1189 2 17 9 4 0 9 9 9 0 5.0
43 51 84 40 65 67 40 4090 2 17 9 6 0 19 13 7 0 5.0
44 17 60 40 57 78 40 9608 3 21 13 15 0 12 9 6 0 12 9 1 0 4.0
45 41 52 40 42 23 40 2573 2 22 17 9 0 19 12 7 1 6.0
46 18 44 40 22 71 40 45000 2 31 19 19 0 20 20 5 0 4.0
47 43 44 40 42 34 40 1080 2 9 6 4 0 9 9 9 0 5.0
48 23 19 40 23 41 40 9610 3 9 9 12 0 29 19 17 0 12 9 7 0 6.0
49 26 74 40 25 36 40 970 1 10 7 6 1 4.0
50 69 40 40 55 53 40 1169 2 12 12 14 0 23 17 14 0 6.0
51 16 38 40 19 61 40 15690 3 20 20 26 0 12 9 6 0 12 9 1 1 5.0
52 36 52 40 40 80 40 15049 1 30 21 30 0 6.0
