5     53    45000 60    25    30   
0     40    50    0     40    50    1236  0     
1 53 66 40 53 82 40 8491 4 15 11 9 0 11 8 5 0 20 11 6 0 11 7 3 1 4.0
2 18 73 40 42 38 40 1251 1 11 8 8 1 5.0
3 21 52 40 45 75 40 1130 3 10 10 20 0 9 7 7 0 13 6 2 1 6.0
4 36 74 40 65 62 40 22916 4 19 13 13 0 11 11 11 0 38 7 4 0 11 11 8 1 4.0
5 24 51 40 42 15 40 1795 1 19 15 15 0 6.0
6 33 76 40 40 16 40 3704 4 24 8 14 0 14 13 13 0 10 8 7 1 13 6 1 1 6.0
7 64 54 40 68 30 40 19575 4 20 14 8 0 14 11 14 0 21 16 30 0 11 10 2 1 5.0
8 63 58 40 55 60 40 6946 2 19 12 19 0 22 21 6 0 5.0
9 48 30 40 18 25 40 10580 4 14 11 3 0 22 19 5 0 10 7 2 0 24 15 9 0 5.0
10 17 27 40 60 17 40 45000 2 22 17 22 0 17 11 6 0 4.0
11 16 31 40 59 49 40 4794 2 11 11 11 0 10 7 10 1 4.0
12 45 32 40 48 50 40 994 3 14 14 6 0 13 9 8 0 11 8 10 1 6.0
13 66 40 40 35 65 40 13597 2 22 19 4 0 11 8 6 0 4.0
14 42 37 40 48 62 40 7936 3 24 20 6 0 11 9 7 0 57 8 8 0 5.0
15 51 45 40 57 52 40 12009 5 17 10 7 0 9 9 9 0 36 20 20 0 14 9 20 0 9 6 1 1 6.0
16 43 26 40 30 55 40 22054 3 10 7 7 0 16 13 4 0 37 25 3 1 4.0
17 14 67 40 11 23 40 4409 5 16 11 4 0 17 11 11 0 9 6 1 0 24 24 24 0 25 20 6 1 6.0
18 12 40 40 53 31 40 20218 5 11 10 11 0 57 12 6 0 17 11 6 0 24 8 14 1 12 8 8 1 4.0
19 12 75 40 12 70 40 45000 4 16 13 10 0 51 8 4 1 11 8 1 1 15 13 11 1 4.0
20 40 55 40 34 70 40 3520 2 22 16 1 0 34 8 8 1 5.0
21 14 49 40 61 55 40 7183 2 23 22 22 0 19 8 2 0 6.0
22 26 82 40 49 45 40 3575 2 10 10 15 0 13 13 3 0 5.0
23 29 27 40 32 21 40 41321 4 11 9 6 0 9 9 9 0 37 20 20 0 13 12 13 1 4.0
24 10 73 40 47 20 40 3043 2 31 18 6 0 10 7 10 0 6.0
25 62 65 40 17 57 40 4151 3 9 7 4 0 9 6 2 0 18 18 6 0 5.0
26 15 51 40 15 32 40 81 1 11 9 1 0 6.0
27 44 73 40 14 74 40 8661 2 15 15 12 0 50 22 8 1 6.0
28 36 19 40 69 57 40 3866 1 20 11 7 0 4.0
29 33 31 40 13 48 40 2603 5 15 15 1 0 21 21 6 0 9 6 2 0 10 7 4 0 14 11 3 1 6.0
30 64 21 40 16 28 40 743 2 20 10 3 0 12 11 11 0 6.0
31 44 37 40 47 85 40 40788 4 17 17 3 0 9 7 2 0 9 8 9 0 15 10 7 0 4.0
32 65 17 40 70 46 40 1121 4 17 11 6 0 16 15 6 0 19 19 4 0 9 7 9 1 6.0
33 55 15 40 65 46 40 1634 2 19 12 7 0 19 18 4 1 6.0
34 16 59 40 66 27 40 30692 4 9 6 4 0 12 10 9 1 11 10 6 1 21 14 16 1 4.0
35 45 43 40 17 42 40 1495 2 9 6 6 0 26 20 6 0 6.0
36 16 35 40 33 41 40 2755 2 40 25 2 0 36 10 7 0 6.0
37 31 58 40 45 70 40 6894 3 13 9 12 0 9 7 7 0 17 12 6 1 4.0
38 51 71 40 39 56 40 11320 4 13 11 13 0 10 7 5 0 22 22 21 0 16 10 6 1 6.0
39 57 48 40 40 83 40 10620 3 11 6 15 0 9 6 7 0 56 17 8 1 5.0
40 15 42 40 20 79 40 29281 1 22 22 27 0 4.0
41 12 38 40 65 66 40 10114 4 17 17 8 0 9 6 1 0 22 11 17 0 18 11 10 0 5.0
42 13 30 40 34 24 40 6667 3 19 15 7 0 11 11 17 0 20 17 11 1 5.0
43 48 84 40 41 29 40 45000 5 9 9 3 0 11 7 4 0 12 10 10 0 28 22 17 0 15 12 9 0 4.0
44 67 64 40 25 47 40 7234 4 13 9 4 0 10 8 7 0 14 10 1 0 17 12 8 1 4.0
45 39 44 40 21 22 40 768 1 21 17 2 1 5.0
46 69 37 40 65 74 40 10270 5 9 7 9 0 22 22 2 0 11 9 2 0 15 9 16 0 11 10 8 1 4.0
47 61 23 40 37 48 40 8810 1 20 19 18 0 5.0
48 40 82 40 17 76 40 9078 1 20 17 17 0 5.0
49 31 76 40 36 17 40 45000 5 19 15 15 0 34 6 9 0 30 10 30 0 11 10 16 1 12 7 6 1 4.0
50 56 48 40 16 69 40 978 1 20 14 3 1 5.0
51 41 44 40 51 67 40 7116 4 34 13 7 0 9 6 1 0 23 12 12 1 11 11 11 1 5.0
52 53 54 40 34 78 40 6927 4 13 9 5 0 20 11 11 0 19 15 12 0 14 14 8 0 5.0
53 57 47 40 15 27 40 19869 5 17 11 11 0 14 12 17 0 11 8 7 0 13 13 5 0 34 11 9 1 4.0
