5     53    45000 60    25    30   
0     40    50    0     40    50    1236  0     
1 16 46 40 17 49 40 9321 2 21 9 16 0 9 7 15 1 4.0
2 63 47 40 45 23 40 65 1 9 6 3 0 6.0
3 22 47 40 56 46 40 4222 2 21 21 23 0 16 6 2 0 6.0
4 37 28 40 24 47 40 45000 3 12 11 8 0 23 12 12 0 18 18 18 1 4.0
5 57 56 40 34 28 40 1825 3 27 21 11 0 9 8 2 0 29 18 3 1 6.0
6 40 75 40 14 50 40 90 1 9 7 2 0 6.0
7 45 75 40 43 23 40 45000 2 33 25 30 0 11 11 11 0 5.0
8 66 49 40 22 44 40 6474 3 12 12 9 0 21 14 4 1 13 9 2 1 4.0
9 21 44 40 46 25 40 6694 3 12 12 9 0 11 11 10 0 16 12 8 1 5.0
10 44 76 40 25 52 40 3609 1 16 16 4 0 4.0
11 64 53 40 63 50 40 860 1 15 8 5 0 5.0
12 42 79 40 55 48 40 6067 1 26 21 9 0 5.0
13 42 73 40 43 32 40 33587 3 21 19 11 0 18 18 18 0 15 11 7 0 4.0
14 60 52 40 42 69 40 380 1 9 9 6 0 6.0
15 16 52 40 42 81 40 863 2 10 7 2 0 11 10 6 1 5.0
16 37 80 40 40 73 40 12011 1 28 22 9 0 4.0
17 47 72 40 44 73 40 3592 2 12 9 6 0 19 8 11 0 5.0
18 59 50 40 37 26 40 3811 3 18 16 11 0 29 25 3 0 18 9 6 0 6.0
19 34 79 40 54 46 40 22562 3 12 9 6 0 9 6 5 0 18 18 18 1 4.0
20 43 29 40 36 30 40 3279 2 28 21 2 0 13 9 4 0 4.0
21 47 19 40 26 52 40 5727 2 35 18 3 0 25 12 8 1 5.0
22 46 75 40 20 56 40 45000 3 28 19 11 0 46 25 30 1 11 11 11 1 5.0
23 45 76 40 42 77 40 15853 3 13 11 12 0 18 12 12 0 40 6 6 1 4.0
24 40 81 40 44 78 40 14013 1 21 12 30 0 5.0
25 24 56 40 42 26 40 31393 3 9 6 5 0 11 6 3 0 41 15 9 1 4.0
26 22 50 40 43 25 40 603 1 21 17 9 0 6.0
27 67 50 40 55 55 40 8124 1 31 16 26 0 6.0
28 34 22 40 18 55 40 2665 1 13 9 4 0 4.0
29 43 81 40 44 26 40 13613 3 12 8 4 0 32 18 30 1 60 23 6 1 6.0
30 60 50 40 59 44 40 3048 2 35 25 6 0 9 7 18 0 6.0
31 44 82 40 44 20 40 31031 3 33 19 6 0 28 11 11 0 24 13 4 1 4.0
32 24 49 40 37 82 40 6792 3 12 12 12 0 29 19 4 0 29 7 9 0 5.0
33 35 25 40 67 48 40 15203 3 12 12 12 0 18 9 9 0 28 15 11 0 5.0
34 43 78 40 59 53 40 17549 2 23 12 15 0 15 15 3 0 4.0
35 60 53 40 60 48 40 3068 3 25 7 8 0 27 19 6 0 11 6 4 0 6.0
36 34 21 40 45 74 40 1374 1 18 12 12 1 6.0
37 63 48 40 43 77 40 6960 3 12 12 7 0 27 13 23 0 20 6 8 1 6.0
38 56 54 40 38 27 40 4463 3 18 18 6 0 18 18 12 0 15 10 1 0 6.0
39 66 52 40 46 24 40 26482 3 16 16 30 0 23 18 29 0 29 7 7 1 5.0
40 45 71 40 39 79 40 298 1 12 9 2 0 5.0
41 64 46 40 40 24 40 8191 2 25 16 13 0 15 9 9 1 5.0
42 35 19 40 47 25 40 1527 1 22 21 13 0 6.0
43 55 53 40 34 31 40 16623 2 9 8 8 0 22 19 6 1 4.0
44 16 49 40 15 46 40 1331 2 18 6 11 1 11 9 4 1 5.0
45 46 31 40 46 21 40 2991 1 12 12 8 0 4.0
46 25 44 40 19 46 40 39668 1 23 18 29 0 4.0
47 24 48 40 44 21 40 2002 2 11 11 7 0 15 13 9 1 6.0
48 19 50 40 21 51 40 2385 1 26 25 10 0 6.0
49 64 48 40 25 50 40 4568 3 9 6 1 0 13 11 8 1 16 16 3 1 4.0
50 38 79 40 24 50 40 1350 1 13 10 8 0 5.0
51 15 55 40 63 54 40 6095 2 10 7 2 0 24 24 11 0 5.0
52 57 50 40 37 81 40 31427 2 19 18 19 0 26 21 9 0 4.0
53 20 46 40 55 47 40 5383 1 16 14 12 0 4.0
