5     53    45000 60    25    30   
0     40    50    0     40    50    1236  0     
1 42 23 40 57 47 40 5399 1 17 13 10 1 4.0
2 22 55 40 54 44 40 4469 2 12 10 6 0 23 13 6 0 5.0
3 47 19 40 14 57 40 136 1 13 8 3 0 6.0
4 22 56 40 46 20 40 17164 3 12 9 9 0 12 12 23 1 10 8 8 1 4.0
5 20 52 40 38 30 40 3227 3 15 7 2 0 22 16 15 0 13 13 13 1 6.0
6 20 46 40 47 20 40 6426 3 44 8 5 0 13 13 10 0 21 17 18 1 6.0
7 60 57 40 16 52 40 10549 2 27 10 16 0 16 15 15 1 5.0
8 46 24 40 23 49 40 4639 3 12 10 8 0 15 7 1 0 23 16 10 1 5.0
9 38 31 40 56 53 40 29150 3 16 12 16 0 24 18 30 0 13 12 2 0 5.0
10 39 24 40 43 30 40 35170 1 22 14 22 1 4.0
11 37 82 40 43 72 40 8837 1 26 24 6 0 4.0
12 45 74 40 56 49 40 1254 2 16 13 3 0 25 21 6 0 6.0
13 24 50 40 39 78 40 32780 2 11 8 3 0 28 18 10 1 4.0
14 38 75 40 61 44 40 15744 2 26 19 26 0 19 13 6 1 5.0
15 42 25 40 41 32 40 1396 1 13 13 13 0 6.0
16 55 49 40 44 29 40 14469 2 12 8 12 0 16 16 6 0 4.0
17 40 29 40 23 56 40 599 2 15 10 9 0 12 10 11 0 6.0
18 45 19 40 22 47 40 15844 3 25 21 5 0 13 10 6 0 27 23 7 1 4.0
19 62 46 40 61 45 40 45000 3 13 10 8 0 60 10 10 0 20 11 8 0 4.0
20 24 44 40 36 78 40 32326 2 10 10 10 0 42 23 23 1 5.0
21 62 50 40 65 54 40 2311 1 16 10 23 0 6.0
22 16 53 40 14 49 40 125 1 10 7 1 0 5.0
23 39 26 40 60 54 40 14588 3 12 8 8 0 18 16 5 0 42 25 4 0 4.0
24 47 25 40 56 54 40 3293 2 18 13 5 0 19 13 13 0 6.0
25 26 47 40 43 20 40 32960 2 10 7 1 0 27 25 27 0 5.0
26 40 75 40 39 75 40 8709 3 29 23 6 0 12 11 12 0 60 14 6 1 6.0
27 26 53 40 41 81 40 1116 1 19 13 6 0 6.0
28 58 51 40 64 54 40 14359 2 27 10 16 0 14 10 10 0 4.0
29 45 75 40 43 76 40 4107 2 18 15 11 0 58 10 5 0 6.0
30 39 76 40 19 49 40 42 1 13 9 1 1 6.0
31 40 76 40 60 53 40 45000 3 18 16 13 0 26 18 1 0 39 10 10 1 4.0
32 36 20 40 27 50 40 5046 3 27 25 26 0 22 10 3 0 12 11 18 0 6.0
33 63 53 40 60 56 40 529 1 16 15 4 0 6.0
34 67 52 40 66 45 40 45000 3 13 10 7 0 10 10 10 0 42 23 23 1 4.0
35 40 69 40 41 75 40 1459 1 15 14 16 0 6.0
36 41 28 40 37 71 40 3816 2 36 21 7 0 11 8 11 0 6.0
37 20 50 40 60 55 40 898 1 10 8 5 0 4.0
38 40 71 40 41 25 40 2740 2 10 7 2 0 21 21 7 0 6.0
39 18 54 40 34 81 40 22358 3 13 10 1 0 18 17 14 0 58 25 10 0 5.0
40 15 55 40 40 22 40 5360 1 23 13 8 1 4.0
41 59 56 40 35 75 40 4996 3 17 17 1 1 25 25 6 1 10 7 2 1 5.0
42 38 71 40 17 48 40 411 1 12 8 5 0 5.0
43 60 47 40 24 52 40 11813 2 16 13 3 0 23 11 3 0 4.0
44 35 76 40 37 69 40 8420 3 14 12 12 0 19 19 3 0 10 8 2 1 4.0
45 36 23 40 20 51 40 968 1 10 9 10 0 5.0
46 22 57 40 27 56 40 3408 1 18 11 8 0 4.0
47 43 23 40 38 22 40 4413 2 19 13 6 0 18 18 6 1 5.0
48 55 52 40 37 74 40 5057 2 22 22 5 0 10 8 10 0 5.0
49 47 26 40 19 56 40 24911 2 21 14 8 0 22 21 5 1 4.0
50 60 44 40 44 20 40 3453 3 10 7 5 0 14 12 10 0 13 12 6 1 5.0
51 38 82 40 39 81 40 6760 2 24 16 18 0 10 7 7 1 5.0
52 64 44 40 44 74 40 7241 2 30 23 7 0 47 25 3 0 5.0
53 34 70 40 58 50 40 12794 2 42 12 8 0 16 10 14 1 4.0
