5     53    45000 60    25    30   
0     40    50    0     40    50    1236  0     
1 40 20 40 47 76 40 30462 2 10 10 10 0 24 19 8 1 4.0
2 55 56 40 56 35 40 5621 3 47 6 28 0 17 9 9 0 13 7 4 0 6.0
3 18 59 40 56 41 40 1001 4 12 6 2 0 8 6 6 0 11 10 8 0 17 12 6 1 6.0
4 66 66 40 64 38 40 12224 5 8 6 6 0 19 14 15 0 9 6 3 0 8 8 3 0 10 10 10 1 4.0
5 47 30 40 47 74 40 7863 4 19 19 19 0 19 8 3 0 11 11 15 0 12 11 7 1 6.0
6 56 63 40 64 42 40 180 1 8 6 1 0 4.0
7 15 58 40 39 70 40 35057 5 10 8 6 0 16 16 16 0 9 8 6 0 11 11 13 0 13 10 10 1 4.0
8 34 27 40 35 71 40 3314 4 55 25 2 0 16 16 16 0 49 13 7 1 12 8 1 1 6.0
9 15 54 40 20 35 40 13804 5 15 13 10 0 8 8 3 0 9 6 4 1 36 6 6 1 36 18 5 1 5.0
10 63 65 40 57 46 40 465 1 12 6 3 1 4.0
11 19 59 40 23 37 40 892 2 10 9 3 0 14 7 5 1 5.0
12 66 61 40 37 72 40 21431 2 33 25 21 0 10 6 9 1 5.0
13 23 67 40 46 79 40 9664 5 13 5 14 0 26 6 6 0 8 8 3 0 11 8 4 0 13 13 10 1 4.0
14 15 60 40 27 36 40 8256 1 24 24 24 0 6.0
15 62 58 40 56 37 40 6623 4 9 7 4 0 29 21 5 0 8 8 8 0 13 8 8 1 5.0
16 19 63 40 19 38 40 27354 2 29 24 10 0 19 15 29 0 5.0
17 44 19 40 43 78 40 4018 4 10 9 10 0 11 8 5 0 31 15 23 1 8 6 1 1 6.0
18 36 28 40 39 72 40 18993 5 20 8 12 0 29 18 10 0 31 21 21 0 29 25 9 0 31 25 5 1 6.0
19 57 64 40 15 42 40 21743 4 26 19 18 0 31 10 11 0 18 13 12 0 8 6 5 0 5.0
20 61 66 40 21 37 40 13173 5 11 8 11 0 25 10 3 0 19 16 16 0 31 15 10 0 10 8 3 0 5.0
21 54 67 40 64 47 40 45000 5 8 6 2 0 34 24 19 0 13 10 9 0 8 6 3 0 10 10 10 0 4.0
22 21 59 40 57 44 40 2037 1 10 9 7 0 4.0
23 18 63 40 47 73 40 13009 4 49 21 5 0 10 8 16 0 19 19 5 1 30 22 12 1 6.0
24 21 63 40 60 40 40 314 1 12 7 7 0 6.0
25 46 30 40 25 47 40 18693 4 24 8 5 0 17 12 1 0 9 9 14 1 19 10 16 1 4.0
26 57 61 40 63 39 40 823 1 9 9 9 0 5.0
27 47 19 40 43 81 40 1415 2 10 10 5 1 10 7 7 1 5.0
28 40 28 40 46 72 40 1749 1 31 8 8 1 6.0
29 24 66 40 25 44 40 4514 4 10 10 10 0 9 7 8 0 17 13 2 1 15 12 6 1 5.0
30 62 60 40 62 36 40 18120 1 18 10 30 0 4.0
31 28 57 40 65 42 40 24367 5 27 6 6 0 8 8 5 0 27 25 3 0 26 10 10 0 10 6 3 1 4.0
32 45 29 40 40 79 40 8620 5 18 18 7 0 18 6 2 0 36 7 4 0 21 16 3 0 13 13 8 0 5.0
33 41 31 40 53 38 40 1573 2 8 8 5 0 18 12 12 0 6.0
34 24 67 40 44 80 40 6888 4 11 9 4 0 10 6 3 0 16 12 7 0 9 8 6 1 4.0
35 55 64 40 23 40 40 9667 5 13 9 2 0 16 12 26 0 8 6 3 0 11 10 8 0 18 18 3 0 5.0
36 35 30 40 37 70 40 773 1 9 7 6 0 4.0
37 21 67 40 23 38 40 17591 1 19 10 13 0 4.0
38 36 32 40 16 46 40 5661 4 10 10 5 0 8 6 4 1 22 17 15 1 9 9 14 1 6.0
39 61 55 40 19 41 40 33084 4 9 8 7 0 10 10 14 1 18 13 12 1 21 21 17 1 4.0
40 60 60 40 55 45 40 16559 2 10 8 6 0 22 8 13 0 4.0
41 17 57 40 24 44 40 5803 5 10 10 1 0 26 6 6 0 21 16 10 1 29 8 26 1 17 13 7 1 6.0
42 54 65 40 43 82 40 58 1 9 6 2 0 6.0
43 57 67 40 66 46 40 45000 4 10 6 3 0 19 13 28 0 33 25 30 0 9 6 4 1 5.0
44 40 22 40 38 73 40 2890 4 14 9 7 0 9 6 5 0 9 9 9 0 8 7 9 0 5.0
45 21 55 40 16 41 40 666 1 10 8 8 0 6.0
46 24 64 40 40 80 40 45000 2 29 25 20 0 8 6 6 0 4.0
47 41 28 40 26 38 40 45000 5 23 17 5 0 14 7 4 0 10 6 2 0 10 10 18 0 16 16 18 0 4.0
48 59 63 40 20 46 40 94 1 10 6 2 0 6.0
49 37 19 40 39 81 40 8642 4 9 7 6 0 24 14 4 0 10 10 10 0 26 9 8 0 5.0
50 23 60 40 22 38 40 1632 1 12 8 15 0 5.0
51 41 30 40 54 35 40 1875 1 15 12 12 0 6.0
52 40 25 40 25 34 40 24711 4 16 14 6 0 14 14 5 0 22 13 12 0 10 10 2 0 4.0
53 65 62 40 64 46 40 1977 1 21 18 4 0 5.0
