5     53    45000 60    25    30   
0     40    50    0     40    50    1236  0     
1 39 30 40 35 71 40 37093 4 24 18 5 0 11 6 8 0 28 23 10 0 20 8 28 1 4.0
2 62 61 40 60 44 40 705 1 10 9 4 1 5.0
3 39 31 40 38 72 40 3541 3 22 18 14 0 8 6 6 0 8 6 4 1 6.0
4 62 64 40 66 39 40 10571 4 21 18 4 0 9 7 5 0 26 21 12 0 8 7 11 1 5.0
5 20 59 40 65 41 40 131 1 11 8 7 0 6.0
6 23 66 40 46 75 40 26869 4 30 17 4 0 35 15 10 0 23 18 8 1 23 20 5 1 4.0
7 46 29 40 23 35 40 16533 4 20 6 3 0 33 6 6 0 18 13 5 0 11 8 4 1 4.0
8 56 56 40 40 80 40 2110 2 40 25 2 0 10 7 3 0 5.0
9 56 61 40 23 36 40 10952 4 13 9 6 0 18 10 16 0 9 6 5 0 53 20 5 0 5.0
10 20 62 40 58 40 40 6578 2 8 7 5 0 16 14 14 0 5.0
11 53 64 40 23 42 40 2587 2 15 15 5 0 13 13 5 1 5.0
12 63 65 40 43 70 40 37473 3 33 23 10 0 8 6 2 0 10 10 9 1 4.0
13 45 32 40 22 43 40 15772 2 14 14 14 0 14 13 5 0 4.0
14 44 20 40 62 44 40 10409 3 16 6 7 0 8 6 7 0 10 8 7 0 4.0
15 62 65 40 24 40 40 6256 5 10 10 5 0 32 19 30 0 13 8 4 0 11 9 4 0 8 8 8 1 6.0
16 26 58 40 46 82 40 7278 3 33 24 6 0 9 9 9 0 26 14 22 1 6.0
17 16 57 40 44 69 40 7379 5 10 8 6 0 9 8 5 0 8 6 4 0 15 11 9 0 9 8 5 1 4.0
18 64 60 40 47 76 40 4150 5 13 10 13 0 10 10 10 0 22 13 15 0 10 6 7 1 26 15 13 1 6.0
19 19 67 40 46 69 40 45000 4 17 14 18 0 10 8 8 1 23 23 14 1 28 13 13 1 4.0
20 38 19 40 16 40 40 1315 2 14 8 3 0 24 12 4 1 6.0
21 28 61 40 64 37 40 260 2 10 8 5 0 20 6 6 0 6.0
22 41 24 40 21 47 40 19353 2 16 8 16 0 35 6 6 0 4.0
23 39 21 40 64 45 40 3585 4 8 6 4 0 8 6 3 0 40 15 4 0 22 19 24 1 6.0
24 21 67 40 56 36 40 84 2 8 6 6 0 8 6 1 0 6.0
25 62 57 40 21 34 40 25413 3 8 6 8 0 22 15 3 0 9 7 4 0 4.0
26 57 66 40 53 39 40 355 1 8 8 8 0 6.0
27 16 60 40 47 80 40 5839 2 31 11 5 0 18 15 10 1 5.0
28 35 25 40 25 45 40 908 1 15 9 6 0 5.0
29 38 30 40 25 43 40 4929 5 12 8 4 0 15 8 4 0 8 8 8 0 15 8 6 0 17 11 6 1 5.0
30 34 24 40 53 46 40 4059 2 19 11 13 0 10 8 5 0 5.0
31 59 56 40 34 75 40 36400 4 10 8 1 0 20 15 8 0 17 10 6 0 27 17 17 0 4.0
32 18 58 40 59 38 40 789 4 18 18 4 0 8 6 4 0 8 8 8 0 8 8 10 1 6.0
33 20 64 40 36 73 40 13478 2 25 17 15 0 10 8 7 1 5.0
34 15 63 40 39 73 40 27206 4 9 7 5 0 11 11 13 1 20 15 13 1 17 17 23 1 4.0
35 60 55 40 54 40 40 438 2 10 8 5 0 10 8 1 0 5.0
36 65 56 40 15 41 40 5926 2 26 18 26 0 10 8 3 0 6.0
37 54 63 40 28 35 40 18893 3 9 9 3 0 23 13 7 0 10 7 6 1 4.0
38 40 25 40 42 75 40 6666 4 33 25 12 0 11 9 7 0 8 6 3 0 32 8 3 1 6.0
39 22 65 40 40 71 40 44851 3 26 18 9 0 15 11 3 0 51 23 10 1 4.0
40 40 32 40 35 75 40 267 1 10 8 6 0 6.0
41 20 54 40 56 35 40 5671 4 9 8 7 0 11 9 13 0 12 9 2 0 9 7 7 0 4.0
42 58 64 40 63 42 40 3725 3 8 6 5 0 9 8 5 0 15 8 30 1 5.0
43 28 57 40 21 36 40 5706 5 8 6 3 0 10 6 4 0 15 15 5 0 13 8 8 0 13 8 13 0 5.0
44 43 22 40 65 36 40 18048 4 10 10 3 0 10 7 4 0 33 18 3 0 27 25 10 1 5.0
45 16 56 40 16 35 40 747 1 12 12 10 1 6.0
46 41 25 40 59 40 40 45000 5 16 16 9 0 11 7 4 0 27 6 4 0 21 16 13 0 15 10 2 1 4.0
47 59 64 40 44 81 40 16570 1 29 25 20 0 5.0
48 46 31 40 18 41 40 582 1 14 8 6 0 6.0
49 24 63 40 17 43 40 44541 5 10 10 5 0 17 14 13 0 35 6 6 0 25 20 10 1 33 13 22 1 4.0
50 39 32 40 20 47 40 50 1 8 8 5 1 6.0
51 21 56 40 62 34 40 26552 4 53 25 10 0 11 10 5 0 15 8 4 1 23 20 10 1 5.0
52 57 64 40 43 69 40 27893 4 11 7 5 0 25 15 20 0 26 6 7 0 18 10 15 0 4.0
53 63 64 40 26 40 40 27160 5 15 13 25 0 10 9 7 0 14 12 4 0 9 8 11 0 23 18 6 1 4.0
