5     53    45000 60    25    30   
0     40    50    0     40    50    1236  0     
1 58 57 40 27 17 40 7572 2 25 18 5 0 11 6 8 1 4.0
2 29 47 40 50 18 40 23875 3 29 24 10 0 21 8 29 0 10 9 4 0 5.0
3 47 59 40 25 45 40 4627 4 23 18 14 0 8 6 6 0 8 6 4 0 21 19 4 1 6.0
4 69 83 40 21 68 40 12673 5 9 7 5 0 27 22 12 0 8 7 11 0 11 8 7 0 31 17 4 1 5.0
5 55 46 40 39 77 40 2602 4 37 16 10 0 24 18 8 0 24 21 5 0 21 6 3 1 6.0
6 56 18 40 23 62 40 2549 1 34 6 6 0 4.0
7 55 24 40 67 56 40 24589 5 18 13 5 0 12 8 4 0 42 25 2 0 10 7 3 0 13 9 6 1 4.0
8 22 35 40 29 44 40 8789 4 18 10 16 0 9 6 5 0 55 21 5 1 8 7 5 1 5.0
9 27 71 40 45 82 40 17180 5 16 15 15 0 16 16 5 0 14 14 5 1 35 24 10 1 8 6 2 1 5.0
10 28 70 40 48 48 40 1733 1 10 10 9 1 5.0
11 36 16 40 11 84 40 4883 2 14 14 14 0 15 13 5 1 5.0
12 46 34 40 66 41 40 4399 2 16 6 7 0 8 6 7 1 4.0
13 26 15 40 33 36 40 45000 5 10 8 7 0 10 10 5 0 33 20 30 0 13 8 4 0 11 9 4 1 4.0
14 55 81 40 45 36 40 3399 1 8 8 8 0 4.0
15 46 61 40 19 43 40 4725 4 35 25 6 0 9 9 9 0 27 14 23 0 10 8 6 1 6.0
16 62 41 40 39 63 40 298 2 9 8 5 0 8 6 4 0 6.0
17 57 34 40 37 62 40 11885 4 16 11 9 0 9 8 5 0 13 10 13 1 10 10 10 1 4.0
18 42 67 40 18 71 40 5420 5 23 14 15 0 10 6 7 0 27 15 13 0 18 15 19 0 10 8 8 1 6.0
19 22 77 40 60 59 40 45000 4 24 24 15 0 29 14 14 0 15 8 3 0 25 12 4 0 4.0
20 28 16 40 45 30 40 4381 5 10 8 5 0 21 6 6 0 17 8 17 0 36 6 6 0 8 6 4 0 6.0
21 60 23 40 51 17 40 3406 5 8 6 3 0 42 16 4 0 23 20 25 0 8 6 6 0 8 6 1 0 6.0
22 13 56 40 59 82 40 2247 1 8 6 8 0 4.0
23 58 47 40 66 84 40 1050 4 22 16 3 0 9 7 4 0 8 8 8 1 32 12 5 1 6.0
24 43 62 40 11 33 40 716 1 18 16 10 0 6.0
25 14 83 40 22 28 40 35009 4 16 9 6 0 12 8 4 0 15 8 4 1 8 8 8 1 4.0
26 15 63 40 56 67 40 533 1 16 8 6 0 6.0
27 45 83 40 20 84 40 5853 2 17 12 6 1 19 12 14 1 5.0
28 66 20 40 47 32 40 449 1 10 8 5 1 5.0
29 26 42 40 29 67 40 17755 4 10 8 1 0 20 15 8 0 17 10 6 1 28 17 17 1 5.0
30 13 42 40 29 36 40 1688 1 18 18 4 0 5.0
31 22 50 40 47 71 40 28906 5 8 6 4 0 8 8 8 0 8 8 10 0 26 17 16 0 10 8 7 1 4.0
32 45 68 40 29 54 40 4311 5 9 7 5 0 11 11 13 0 21 16 13 0 18 18 24 0 10 8 5 0 6.0
33 44 48 40 55 21 40 27075 2 10 8 1 0 27 19 27 0 5.0
34 32 71 40 67 32 40 6754 4 10 8 3 0 9 9 3 0 24 13 7 0 10 7 6 1 4.0
35 66 72 40 58 81 40 14857 5 34 25 12 0 12 9 7 0 8 6 3 0 33 8 3 0 27 18 9 0 5.0
36 23 77 40 20 52 40 236 1 15 11 3 0 6.0
37 44 69 40 56 80 40 45000 1 52 24 10 0 4.0
38 39 19 40 21 56 40 1509 4 10 8 6 0 9 8 7 1 11 9 14 1 13 9 2 1 6.0
39 39 31 40 13 59 40 13319 4 9 7 7 0 8 6 5 1 9 8 5 1 16 8 30 1 4.0
40 52 29 40 39 41 40 213 2 8 6 3 0 10 6 4 0 6.0
41 28 48 40 66 61 40 9368 5 16 16 5 0 13 8 8 0 13 8 13 1 10 10 3 1 10 7 4 1 4.0
42 19 18 40 23 67 40 1628 1 34 18 3 0 5.0
43 35 23 40 45 43 40 17920 4 28 25 10 0 13 13 10 0 17 17 9 0 11 7 4 1 5.0
44 70 44 40 61 39 40 42478 4 28 6 4 0 21 16 14 0 16 10 2 0 30 25 21 0 5.0
45 64 20 40 37 35 40 348 1 14 8 6 0 6.0
46 37 58 40 38 26 40 37181 2 10 10 5 0 17 15 13 0 4.0
47 17 19 40 42 47 40 35417 5 36 6 6 0 26 21 10 0 34 13 23 0 8 8 5 0 55 25 10 0 5.0
48 29 62 40 30 82 40 476 1 11 10 5 0 6.0
49 20 38 40 23 38 40 33249 4 15 8 4 0 24 20 10 0 11 7 5 0 26 16 21 0 4.0
50 60 35 40 44 82 40 177 1 27 6 7 0 6.0
51 25 51 40 60 30 40 4050 1 18 10 16 0 5.0
52 34 42 40 49 36 40 17920 4 16 13 26 0 10 9 7 0 14 12 4 0 9 8 11 0 4.0
53 68 64 40 45 25 40 7861 1 24 19 6 0 4.0
