5     53    45000 60    25    30   
0     40    50    0     40    50    1236  0     
1 17 55 40 56 46 40 44770 2 12 12 12 0 27 21 9 1 4.0
2 20 50 40 23 51 40 7710 2 52 7 30 0 19 11 11 1 6.0
3 44 20 40 25 46 40 177 1 14 8 4 1 6.0
4 54 53 40 23 46 40 3911 3 13 7 2 0 9 6 6 0 12 12 9 0 4.0
5 40 27 40 25 56 40 6011 3 19 13 7 0 9 6 6 0 22 16 16 1 6.0
6 45 76 40 27 51 40 8708 3 11 6 4 0 9 9 4 0 12 12 12 0 4.0
7 60 46 40 67 57 40 45000 3 21 21 21 0 21 9 3 0 12 12 16 0 4.0
8 16 51 40 34 29 40 598 3 13 12 8 0 9 6 1 0 12 9 7 0 6.0
9 66 50 40 63 45 40 12758 2 18 18 18 0 10 9 6 0 5.0
10 35 76 40 41 29 40 15763 3 12 12 15 0 15 12 12 1 60 25 2 1 4.0
11 38 23 40 56 50 40 13948 2 18 18 18 0 54 14 8 0 5.0
12 44 31 40 15 50 40 140 1 13 9 1 1 5.0
13 39 80 40 55 47 40 7220 2 17 15 11 0 9 9 3 0 4.0
14 14 57 40 36 30 40 197 1 11 6 5 0 6.0
15 46 28 40 46 20 40 7763 2 40 6 6 0 40 20 5 0 5.0
16 15 52 40 58 45 40 2749 3 13 6 3 0 12 11 4 0 16 8 6 0 5.0
17 57 47 40 43 27 40 7715 3 37 25 23 0 11 6 11 0 15 5 16 0 6.0
18 59 48 40 37 72 40 1046 3 29 6 6 0 9 9 3 0 12 9 4 0 6.0
19 44 70 40 22 49 40 27769 3 14 14 12 0 26 25 26 1 11 8 4 1 5.0
20 40 24 40 46 27 40 5071 1 32 23 6 0 5.0
21 34 31 40 35 78 40 7001 2 9 9 9 0 15 9 9 1 4.0
22 42 76 40 35 23 40 28454 1 32 25 11 0 4.0
23 37 79 40 45 21 40 9481 2 22 16 30 0 11 10 11 1 6.0
24 43 75 40 67 53 40 8222 2 12 9 5 0 35 17 25 1 6.0
25 37 30 40 27 46 40 189 1 9 6 1 0 4.0
26 26 52 40 36 72 40 32740 3 22 9 13 0 33 20 12 0 35 23 23 0 5.0
27 62 56 40 17 54 40 18042 2 33 25 10 0 35 25 5 1 5.0
28 44 81 40 58 57 40 14806 2 29 21 20 0 35 11 12 0 6.0
29 61 49 40 37 25 40 5913 2 20 14 13 0 9 6 6 0 5.0
30 61 52 40 40 78 40 4349 1 12 9 12 1 4.0
31 19 49 40 23 53 40 45000 3 28 12 3 0 21 18 18 0 35 17 12 0 4.0
32 40 81 40 46 80 40 663 2 12 9 3 0 9 7 2 0 5.0
33 40 73 40 46 79 40 10777 1 38 25 21 0 6.0
34 15 56 40 65 55 40 10614 3 14 12 10 0 9 6 4 0 12 12 12 1 4.0
35 36 29 40 46 25 40 11389 2 12 11 8 1 54 23 6 1 5.0
36 38 32 40 45 72 40 3973 1 12 9 18 0 4.0
37 16 54 40 61 54 40 20682 1 22 22 6 0 4.0
38 38 69 40 35 75 40 9045 2 34 25 13 0 13 8 8 0 6.0
39 20 55 40 56 53 40 3805 1 26 9 6 0 4.0
40 43 79 40 65 51 40 1478 1 19 13 1 0 4.0
41 47 78 40 14 55 40 3514 3 10 10 15 1 22 12 18 1 10 10 10 1 6.0
42 16 56 40 37 80 40 461 1 12 12 6 0 6.0
43 42 20 40 67 45 40 5801 2 11 8 8 0 35 9 9 1 5.0
44 37 70 40 34 21 40 3699 3 12 12 12 0 11 8 9 0 19 14 2 1 5.0
45 24 50 40 59 50 40 1516 1 16 13 7 0 6.0
46 34 73 40 39 22 40 30120 2 20 12 30 0 30 7 7 0 4.0
47 54 44 40 35 19 40 45000 3 9 9 6 0 30 25 4 0 29 11 12 1 4.0
48 67 52 40 25 44 40 170 1 12 6 3 1 6.0
49 45 27 40 25 45 40 6547 2 20 20 8 0 20 7 2 1 5.0
50 38 74 40 21 55 40 1813 1 40 8 5 0 5.0
51 35 73 40 59 49 40 2719 2 23 18 3 0 15 14 9 0 6.0
52 38 30 40 56 51 40 16039 2 9 9 6 0 20 13 13 1 4.0
53 58 47 40 42 79 40 1067 2 12 10 5 0 12 6 3 0 5.0
