5     53    45000 60    25    30   
0     40    50    0     40    50    1236  0     
1 38 20 40 66 45 40 12441 2 29 21 6 0 13 7 10 0 4.0
2 37 24 40 23 45 40 30460 2 33 25 11 0 24 9 30 0 5.0
3 37 78 40 66 50 40 5705 3 12 10 4 0 26 21 16 0 10 7 7 0 6.0
4 36 71 40 45 29 40 3761 3 10 7 4 0 24 21 5 1 10 8 5 1 5.0
5 37 79 40 41 31 40 2498 2 31 25 14 0 9 8 13 1 6.0
6 61 47 40 20 54 40 1949 1 13 9 8 0 4.0
7 67 57 40 16 44 40 45000 3 36 20 5 0 42 18 12 1 27 21 9 1 4.0
8 55 45 40 45 26 40 6018 3 27 24 6 0 24 7 3 0 39 7 7 1 5.0
9 23 57 40 21 51 40 5912 3 21 15 6 0 13 10 5 0 48 25 2 1 5.0
10 57 50 40 46 75 40 2964 2 12 8 4 0 15 11 7 0 5.0
11 54 53 40 44 30 40 5460 1 21 11 18 0 5.0
12 35 75 40 42 71 40 1833 1 10 7 6 0 4.0
13 16 57 40 26 50 40 45000 3 60 24 6 0 10 8 5 1 18 17 17 1 4.0
14 44 20 40 57 54 40 45000 3 18 18 6 0 16 16 6 0 39 25 12 1 4.0
15 45 32 40 67 44 40 538 2 10 7 2 0 12 12 11 1 6.0
16 17 49 40 17 45 40 2898 2 16 16 16 0 17 15 5 0 6.0
17 59 46 40 56 50 40 4021 2 18 7 8 0 10 7 8 0 4.0
18 62 57 40 21 55 40 9307 3 11 10 8 0 12 12 6 0 38 23 30 0 6.0
19 65 54 40 19 46 40 4205 2 15 10 4 0 13 10 5 1 4.0
20 58 57 40 27 51 40 6918 2 10 10 10 0 39 25 7 0 6.0
21 40 28 40 67 56 40 3227 2 10 10 10 1 31 16 26 1 6.0
22 38 22 40 47 29 40 10027 3 12 10 7 0 11 9 6 1 10 7 4 1 4.0
23 61 53 40 21 49 40 657 1 18 13 10 0 6.0
24 46 21 40 64 46 40 795 2 10 10 5 0 15 12 15 0 6.0
25 59 44 40 45 25 40 27007 1 12 12 12 1 4.0
26 18 46 40 59 47 40 4909 1 26 16 17 0 6.0
27 45 75 40 40 69 40 11369 2 12 7 8 0 31 17 15 0 5.0
28 37 77 40 39 81 40 9098 2 20 17 21 0 12 9 9 0 5.0
29 47 26 40 40 70 40 31558 3 27 25 17 0 33 16 16 0 17 10 4 0 5.0
30 17 52 40 66 46 40 3052 2 29 14 4 0 12 10 6 1 5.0
31 37 80 40 34 28 40 15413 2 24 7 7 0 19 10 19 0 4.0
32 45 74 40 42 78 40 767 3 41 7 7 0 10 7 4 0 10 7 4 1 6.0
33 15 47 40 40 75 40 8396 1 48 18 5 0 5.0
34 21 48 40 16 47 40 37859 3 26 23 28 0 10 7 7 0 10 7 1 1 4.0
35 45 20 40 42 31 40 1922 2 10 7 10 0 26 18 3 0 5.0
36 66 48 40 15 48 40 210 1 11 8 5 0 6.0
37 39 26 40 24 50 40 25954 2 10 9 10 0 37 13 6 0 4.0
38 38 79 40 44 77 40 3358 2 21 18 12 0 18 10 7 1 6.0
39 42 77 40 45 28 40 1528 1 14 10 4 1 4.0
40 37 20 40 15 46 40 378 1 17 10 4 0 6.0
41 41 71 40 54 47 40 5235 2 10 10 10 0 18 10 7 0 4.0
42 40 71 40 43 75 40 5672 2 20 13 7 0 22 13 16 0 5.0
43 43 24 40 44 32 40 6623 3 12 9 6 0 12 10 1 0 23 17 9 0 5.0
44 42 75 40 38 73 40 28680 2 20 12 7 0 32 20 20 1 5.0
45 26 57 40 15 49 40 1143 1 21 21 5 1 6.0
46 43 28 40 14 44 40 10623 2 10 7 4 0 10 9 9 0 4.0
47 56 47 40 40 32 40 13713 2 10 10 12 0 30 20 18 0 5.0
48 39 76 40 35 32 40 1206 2 12 9 8 0 11 8 6 1 6.0
49 27 45 40 42 69 40 20814 2 13 13 15 0 24 18 15 0 4.0
50 20 49 40 41 72 40 1686 1 20 20 27 0 6.0
51 41 79 40 65 46 40 28547 3 12 9 6 0 12 10 1 0 31 21 30 0 5.0
52 44 19 40 66 51 40 860 1 12 10 3 0 4.0
53 59 55 40 56 51 40 862 1 10 10 3 1 4.0
