5     53    45000 60    25    30   
0     40    50    0     40    50    1236  0     
1 42 23 40 57 47 40 2452 1 16 13 6 1 4.0
2 22 55 40 54 44 40 1764 2 11 7 2 0 11 10 11 0 5.0
3 47 19 40 14 57 40 587 1 10 10 7 0 6.0
4 22 56 40 46 20 40 45000 3 18 18 18 0 11 10 17 1 10 7 2 1 4.0
5 20 52 40 38 30 40 9766 3 16 16 10 0 39 25 28 0 18 18 6 1 6.0
6 20 46 40 47 20 40 11316 3 33 21 9 0 27 21 6 0 27 22 6 1 6.0
7 60 57 40 16 52 40 2560 2 21 21 6 0 14 8 5 1 6.0
8 46 24 40 23 49 40 2224 3 10 10 6 0 12 11 30 0 12 10 3 1 6.0
9 38 31 40 56 53 40 45000 3 25 17 30 0 60 25 3 0 11 11 1 0 4.0
10 39 24 40 43 30 40 972 1 10 7 4 1 4.0
11 37 82 40 43 72 40 2421 1 12 12 12 0 5.0
12 45 74 40 56 49 40 5539 2 27 18 3 0 13 13 10 0 4.0
13 24 50 40 39 78 40 1474 2 13 8 3 0 11 7 3 1 4.0
14 38 75 40 61 44 40 18130 2 18 18 24 0 27 25 17 1 5.0
15 42 25 40 41 32 40 10352 1 37 25 16 0 6.0
16 55 49 40 44 29 40 1862 2 10 10 3 0 13 8 10 0 5.0
17 40 29 40 23 56 40 1463 2 10 9 10 0 12 12 12 0 6.0
18 45 19 40 22 47 40 8691 3 36 24 5 0 30 25 4 0 24 19 4 1 5.0
19 62 46 40 61 45 40 45000 3 12 12 12 0 22 22 25 0 10 7 5 0 4.0
20 24 44 40 36 78 40 3533 2 22 5 6 0 33 7 10 1 5.0
21 62 50 40 65 54 40 1442 1 11 8 13 0 5.0
22 16 53 40 14 49 40 74 1 11 7 2 0 6.0
23 39 26 40 60 54 40 1103 3 13 13 13 0 10 8 7 0 15 10 15 0 6.0
24 47 25 40 56 54 40 901 2 9 8 5 0 12 10 7 0 6.0
25 26 47 40 43 20 40 9389 2 10 10 2 0 24 18 6 0 4.0
26 40 75 40 39 75 40 8530 3 14 10 7 0 11 8 11 0 14 13 16 1 4.0
27 26 53 40 41 81 40 1910 1 14 11 10 0 5.0
28 58 51 40 64 54 40 25062 2 14 13 14 0 12 12 12 0 4.0
29 45 75 40 43 76 40 8918 2 31 25 13 0 11 10 7 0 6.0
30 39 76 40 19 49 40 541 1 10 7 7 1 5.0
31 40 76 40 60 53 40 45000 3 18 18 12 0 21 16 12 0 60 25 9 1 4.0
32 36 20 40 27 50 40 17816 3 10 8 9 0 24 15 14 0 15 15 24 0 4.0
33 63 53 40 60 56 40 524 1 10 7 7 0 5.0
34 67 52 40 66 45 40 4835 3 32 25 2 0 33 12 4 0 8 7 6 1 5.0
35 40 69 40 41 75 40 938 1 13 10 7 0 5.0
36 41 28 40 37 71 40 6195 2 31 10 30 0 29 10 4 0 6.0
37 20 50 40 60 55 40 637 1 12 10 4 0 5.0
38 40 71 40 41 25 40 1924 2 10 7 7 0 12 9 6 0 4.0
39 18 54 40 34 81 40 2478 3 13 8 8 0 10 9 9 0 12 10 7 0 5.0
40 15 55 40 40 22 40 129 1 10 7 1 1 4.0
41 59 56 40 35 75 40 4068 3 30 24 5 1 15 15 6 1 20 20 7 1 6.0
42 38 71 40 17 48 40 2993 1 30 7 7 0 4.0
43 60 47 40 24 52 40 45000 2 22 22 28 0 22 12 10 0 4.0
44 35 76 40 37 69 40 2005 3 11 10 3 0 12 12 15 0 11 10 9 1 6.0
45 36 23 40 20 51 40 240 1 10 8 13 0 6.0
46 22 57 40 27 56 40 2635 1 10 10 8 0 4.0
47 43 23 40 38 22 40 3029 2 15 15 14 0 17 10 3 1 6.0
48 55 52 40 37 74 40 6650 2 18 18 6 0 18 12 18 0 5.0
49 47 26 40 19 56 40 3657 2 13 9 2 0 10 10 10 1 4.0
50 60 44 40 44 20 40 5657 3 11 10 5 0 10 7 8 0 60 7 12 1 5.0
51 38 82 40 39 81 40 12802 2 10 10 10 0 45 25 12 1 6.0
52 64 44 40 44 74 40 13061 2 17 11 1 0 22 17 12 0 4.0
53 34 70 40 58 50 40 12644 2 36 24 12 0 23 23 7 1 5.0
