5     52    45000 60    25    30   
0     40    50    0     40    50    1236  0     
1 26 48 40 64 38 40 4363 2 14 11 9 0 10 8 5 1 4.0
2 34 70 40 17 45 40 2268 2 19 11 5 0 11 7 3 0 5.0
3 15 40 40 30 84 40 1106 2 10 8 8 0 10 10 19 1 6.0
4 21 42 40 52 73 40 2081 2 9 7 7 0 13 6 2 0 4.0
5 64 62 40 23 58 40 4335 5 19 13 13 0 11 11 11 0 37 7 4 0 11 11 8 1 18 14 15 1 6.0
6 69 67 40 20 29 40 3216 2 23 8 14 0 14 13 13 1 6.0
7 49 68 40 43 28 40 18283 5 10 8 7 0 13 6 1 0 19 14 8 0 14 10 14 1 20 15 30 1 5.0
8 19 74 40 14 76 40 6700 4 11 10 2 0 19 11 19 0 22 20 5 0 14 11 3 1 5.0
9 15 41 40 17 16 40 24755 5 21 18 5 0 9 7 2 0 24 15 9 1 22 16 22 1 16 11 5 1 5.0
10 20 83 40 44 17 40 20486 4 11 11 11 0 10 7 10 0 14 14 5 0 13 9 8 1 4.0
11 55 62 40 64 26 40 1699 1 10 8 9 1 4.0
12 12 16 40 68 18 40 1565 3 21 18 4 0 11 8 5 0 23 20 6 0 6.0
13 30 28 40 32 42 40 45000 5 11 9 7 0 55 8 8 0 17 9 7 1 9 9 9 1 35 19 19 1 4.0
14 14 34 40 54 31 40 2690 2 14 9 19 0 9 6 1 0 5.0
15 46 24 40 16 43 40 807 2 10 7 7 0 15 13 4 0 6.0
16 67 38 40 27 50 40 18087 2 36 25 3 0 15 11 4 0 4.0
17 51 21 40 26 34 40 3913 5 16 11 11 0 9 6 1 0 23 23 23 0 25 19 5 0 10 9 10 0 6.0
18 33 56 40 52 42 40 15370 4 56 12 5 0 16 11 5 0 23 8 14 0 11 8 8 1 4.0
19 42 42 40 68 35 40 25973 2 15 13 9 1 49 8 4 1 4.0
20 11 36 40 64 40 40 123 1 11 8 1 0 5.0
21 60 69 40 38 63 40 9760 5 15 13 11 0 22 15 1 0 33 8 8 0 22 22 22 0 19 8 2 1 6.0
22 18 25 40 19 42 40 3308 2 10 9 15 0 13 13 3 0 5.0
23 52 60 40 69 84 40 3012 2 11 9 6 0 9 9 9 0 4.0
24 46 80 40 62 32 40 14286 5 36 19 19 0 13 12 13 0 31 17 6 0 9 7 9 1 9 7 4 1 6.0
25 11 53 40 16 72 40 195 1 9 6 2 1 5.0
26 64 56 40 51 15 40 1502 2 17 17 6 0 11 9 1 0 6.0
27 11 45 40 43 57 40 11144 5 15 14 11 0 49 22 8 0 19 11 7 0 14 14 1 1 21 21 5 1 6.0
28 23 23 40 70 62 40 271 1 9 6 2 0 4.0
29 50 74 40 46 38 40 2274 5 10 7 4 0 14 11 3 0 20 9 3 0 12 10 10 0 16 16 3 1 6.0
30 19 50 40 10 74 40 280 2 9 7 2 0 9 8 9 0 6.0
31 65 23 40 20 38 40 45000 4 15 9 7 0 16 11 5 0 15 15 5 1 19 19 4 1 4.0
32 13 20 40 59 83 40 1144 5 9 7 9 0 18 12 7 0 19 17 4 0 9 6 4 1 12 10 9 1 6.0
33 59 30 40 61 72 40 2618 2 11 10 5 0 20 14 15 0 6.0
34 39 17 40 37 64 40 23779 3 9 6 6 0 26 19 6 0 39 24 2 0 4.0
35 23 77 40 10 60 40 1673 2 35 10 7 0 13 9 12 0 6.0
36 24 62 40 54 15 40 912 2 9 7 7 0 16 11 6 0 6.0
37 24 19 40 67 53 40 31701 5 13 11 13 0 10 7 5 0 22 22 21 0 15 10 5 1 11 6 15 1 4.0
38 51 73 40 36 44 40 16982 3 9 6 7 0 55 16 8 0 22 22 26 1 5.0
39 12 78 40 46 51 40 2421 1 16 16 8 0 5.0
40 44 54 40 61 47 40 121 1 9 6 1 0 4.0
41 39 67 40 30 54 40 4629 1 22 11 16 1 5.0
42 45 83 40 17 23 40 7759 5 17 11 9 0 19 14 7 0 11 11 16 0 19 16 11 0 9 9 3 0 5.0
43 51 84 40 65 67 40 10003 2 10 7 4 0 11 9 9 0 4.0
44 17 60 40 57 78 40 30972 5 27 22 16 0 14 11 9 0 13 9 4 0 9 8 7 0 14 9 1 1 4.0
45 41 52 40 42 23 40 2246 2 16 11 8 0 20 17 2 1 5.0
46 18 44 40 22 71 40 8067 4 9 7 9 0 22 22 2 0 11 9 2 0 14 9 16 0 4.0
47 43 44 40 42 34 40 927 1 10 9 8 1 5.0
48 23 19 40 23 41 40 40611 5 19 18 17 0 20 17 17 0 18 14 15 0 33 6 9 0 29 10 30 1 5.0
49 26 74 40 25 36 40 9682 2 10 9 15 0 11 7 6 0 4.0
50 69 40 40 55 53 40 4474 2 20 14 3 0 33 13 7 0 5.0
51 16 38 40 19 61 40 4230 4 9 6 1 0 22 11 11 0 11 11 11 0 13 9 5 1 5.0
52 36 52 40 40 80 40 3291 5 19 11 11 0 18 15 11 0 14 14 8 0 16 11 11 0 14 11 17 0 6.0
