5     52    45000 60    25    30   
0     40    50    0     40    50    1236  0     
1 44 70 40 34 24 40 11219 2 28 20 6 0 12 7 9 1 4.0
2 36 21 40 14 47 40 29393 2 32 25 11 0 23 9 30 0 5.0
3 57 56 40 45 75 40 282 1 12 10 4 0 6.0
4 41 80 40 40 19 40 9846 2 25 20 16 0 9 7 6 1 5.0
5 46 78 40 55 49 40 46 1 9 6 4 0 6.0
6 23 51 40 45 20 40 5248 1 24 21 5 0 4.0
7 16 50 40 57 46 40 45000 3 10 7 5 0 30 24 13 0 9 7 12 0 4.0
8 21 52 40 56 50 40 11791 3 12 9 8 0 35 19 5 0 40 17 12 0 5.0
9 39 70 40 25 48 40 10390 3 26 20 9 0 26 23 6 0 23 6 3 1 5.0
10 60 45 40 38 26 40 6927 3 37 6 6 0 20 14 6 0 13 9 5 0 5.0
11 20 46 40 43 70 40 3351 2 46 25 2 0 12 7 3 0 5.0
12 47 31 40 42 24 40 3666 1 14 10 6 1 4.0
13 56 48 40 64 57 40 45000 3 20 11 18 0 10 6 6 1 60 23 6 1 4.0
14 40 82 40 36 23 40 2091 1 9 7 5 0 4.0
15 37 32 40 18 53 40 1437 1 18 16 16 0 6.0
16 57 49 40 56 57 40 936 1 17 17 6 0 6.0
17 45 30 40 36 29 40 32699 2 15 15 6 0 38 25 12 0 4.0
18 37 76 40 39 74 40 1879 3 9 6 2 0 12 12 10 0 16 16 16 1 6.0
19 54 54 40 27 49 40 3768 1 16 14 5 0 4.0
20 66 51 40 55 47 40 668 1 18 6 7 0 5.0
21 38 70 40 64 45 40 502 3 9 7 8 0 11 9 8 1 12 12 6 1 6.0
22 42 78 40 18 49 40 45000 2 36 22 30 0 14 9 4 1 4.0
23 45 77 40 66 46 40 168 1 12 10 5 0 6.0
24 66 44 40 45 78 40 1598 2 9 9 9 0 38 25 6 0 6.0
25 34 32 40 40 72 40 45000 2 10 10 10 0 30 16 25 0 4.0
26 39 25 40 45 32 40 450 1 12 9 6 1 6.0
27 18 50 40 45 25 40 3706 3 10 9 6 0 9 6 4 0 17 12 10 1 5.0
28 54 50 40 44 24 40 3143 2 10 9 5 0 14 12 14 1 5.0
29 63 55 40 17 47 40 13312 3 12 12 12 0 25 15 17 0 12 7 7 1 5.0
30 41 73 40 46 32 40 9298 1 30 17 14 0 5.0
31 20 53 40 38 71 40 24771 2 20 16 21 0 12 9 9 0 4.0
32 21 57 40 23 44 40 5386 3 26 25 16 0 32 15 15 0 16 9 3 1 6.0
33 40 73 40 54 49 40 4089 2 28 13 4 0 12 9 6 0 5.0
34 55 46 40 25 51 40 8846 2 23 7 7 1 18 9 18 1 4.0
35 14 52 40 44 71 40 1545 2 40 6 6 0 9 7 4 0 5.0
36 36 25 40 67 44 40 77 1 9 6 3 1 6.0
37 20 50 40 65 51 40 45000 3 46 17 5 0 25 22 27 0 9 7 6 1 4.0
38 40 77 40 37 74 40 1099 3 9 6 1 0 9 7 9 0 25 17 3 1 6.0
39 54 51 40 43 74 40 3081 2 10 8 5 1 9 9 9 1 4.0
40 34 69 40 38 24 40 3829 2 36 13 6 0 20 17 12 0 6.0
41 37 20 40 34 81 40 3841 2 17 10 7 0 13 9 4 1 4.0
42 46 22 40 66 52 40 1189 2 17 9 4 0 9 9 9 0 5.0
43 25 54 40 34 72 40 4090 2 17 9 6 0 19 13 7 0 5.0
44 23 46 40 20 45 40 9608 3 21 13 15 0 12 9 6 0 12 9 1 0 4.0
45 43 27 40 63 48 40 2573 2 22 17 9 0 19 12 7 1 6.0
46 37 21 40 39 71 40 45000 2 31 19 19 0 20 20 5 0 4.0
47 39 19 40 57 47 40 1080 2 9 6 4 0 9 9 9 0 5.0
48 35 25 40 25 57 40 9610 3 9 9 12 0 29 19 17 0 12 9 7 0 6.0
49 18 44 40 24 50 40 970 1 10 7 6 1 4.0
50 14 50 40 46 20 40 1169 2 12 12 14 0 23 17 14 0 6.0
51 36 72 40 27 50 40 15690 3 20 20 26 0 12 9 6 0 12 9 1 1 5.0
52 64 55 40 26 57 40 15049 1 30 21 30 0 6.0
