5     53    45000 60    25    30   
0     40    50    0     40    50    1236  0     
1 16 46 40 17 49 40 2944 2 16 14 6 0 11 7 2 1 4.0
2 63 47 40 45 23 40 1721 1 11 11 11 0 5.0
3 22 47 40 56 46 40 6337 2 10 10 7 0 19 19 19 0 6.0
4 37 28 40 24 47 40 45000 3 12 11 18 0 10 7 2 0 17 17 11 1 4.0
5 57 56 40 34 28 40 11168 3 40 25 28 0 18 18 6 0 34 21 9 1 6.0
6 40 75 40 14 50 40 3281 1 29 22 6 0 6.0
7 45 75 40 43 23 40 5515 2 29 23 6 0 22 22 6 0 6.0
8 66 49 40 22 44 40 2712 3 15 8 6 0 10 10 6 1 13 12 30 1 6.0
9 21 44 40 46 25 40 45000 3 13 10 3 0 26 18 30 0 60 25 3 1 4.0
10 44 76 40 25 52 40 420 1 11 11 1 0 4.0
11 64 53 40 63 50 40 392 1 10 7 4 0 5.0
12 42 79 40 55 48 40 3866 1 13 13 13 0 4.0
13 42 73 40 43 32 40 9918 3 29 19 3 0 13 13 10 0 13 8 3 0 4.0
14 60 52 40 42 69 40 237 1 12 7 3 0 5.0
15 16 52 40 42 81 40 15441 2 19 19 25 0 29 25 18 1 6.0
16 37 80 40 40 73 40 23035 1 39 25 17 0 5.0
17 47 72 40 44 73 40 869 2 10 10 3 0 14 9 10 0 6.0
18 59 50 40 37 26 40 7553 3 10 10 10 0 13 13 13 0 38 25 5 0 5.0
19 34 79 40 54 46 40 45000 3 32 25 4 0 25 20 4 0 13 13 13 1 4.0
20 43 29 40 36 30 40 16883 2 23 23 26 0 11 8 5 0 5.0
21 47 19 40 26 52 40 4471 2 23 6 6 0 34 8 10 1 5.0
22 46 75 40 20 56 40 1966 3 11 8 13 0 11 8 2 1 14 14 14 1 6.0
23 45 76 40 42 77 40 883 3 11 9 8 0 16 11 16 0 10 8 5 1 6.0
24 40 81 40 44 78 40 859 1 13 11 8 0 6.0
25 24 56 40 42 26 40 14840 3 11 11 3 0 25 19 6 0 15 10 8 1 4.0
26 22 50 40 43 25 40 2275 1 12 9 12 0 4.0
27 67 50 40 55 55 40 4166 1 15 14 16 0 5.0
28 34 22 40 18 55 40 11605 1 15 12 11 0 4.0
29 43 81 40 44 26 40 13895 3 15 14 15 0 13 13 13 1 33 25 14 1 6.0
30 60 50 40 59 44 40 1654 2 12 10 8 0 11 7 7 0 5.0
31 44 82 40 44 20 40 45000 3 19 19 13 0 22 17 13 0 60 25 10 1 4.0
32 24 49 40 37 82 40 21201 3 11 8 10 0 25 16 15 0 16 16 25 0 4.0
33 35 25 40 67 48 40 5200 3 10 7 7 0 34 25 3 0 35 13 4 0 5.0
34 43 78 40 59 53 40 2154 2 8 7 6 0 14 11 8 0 5.0
35 60 53 40 60 48 40 12997 3 33 11 30 0 30 10 4 0 13 10 4 0 5.0
36 34 21 40 45 74 40 379 1 10 8 8 1 6.0
37 63 48 40 43 77 40 3760 3 13 10 6 0 13 9 9 0 10 10 10 1 5.0
38 56 54 40 38 27 40 8419 3 13 10 7 0 10 7 1 0 32 25 5 0 4.0
39 66 52 40 46 24 40 6482 3 16 16 6 0 22 22 7 0 32 7 7 1 5.0
40 45 71 40 39 79 40 29161 1 23 23 30 0 4.0
41 64 46 40 40 24 40 1758 2 23 13 10 0 12 10 3 1 6.0
42 35 19 40 47 25 40 5506 1 13 13 16 0 4.0
43 55 53 40 34 31 40 10054 2 12 11 10 0 10 8 13 1 4.0
44 16 49 40 15 46 40 2782 2 11 10 9 1 16 16 15 1 6.0
45 46 31 40 46 21 40 137 1 18 11 3 0 6.0
46 25 44 40 19 46 40 7133 1 19 19 6 0 4.0
47 24 48 40 44 21 40 4116 2 19 13 19 0 14 10 2 1 6.0
48 19 50 40 21 51 40 1140 1 10 10 10 0 5.0
49 64 48 40 25 50 40 20001 3 11 10 6 0 10 7 9 1 60 7 13 1 4.0
50 38 79 40 24 50 40 920 1 10 10 10 0 5.0
51 15 55 40 63 54 40 13948 2 48 25 13 0 18 11 1 0 6.0
52 57 50 40 37 81 40 45000 2 23 18 13 0 38 25 13 0 4.0
53 20 46 40 55 47 40 4141 1 24 24 8 0 5.0
