5     53    45000 60    25    30   
0     40    50    0     40    50    1236  0     
1 51 37 40 15 63 40 7844 2 17 13 11 0 13 10 6 0 4.0
2 32 81 40 27 63 40 4275 2 23 13 7 0 13 8 3 0 5.0
3 61 38 40 27 33 40 2245 3 13 9 9 0 12 12 23 0 11 9 8 0 6.0
4 10 81 40 52 16 40 27632 3 15 7 2 0 23 16 15 1 13 13 13 1 4.0
5 19 68 40 38 27 40 1560 2 45 9 5 0 13 13 10 1 6.0
6 45 21 40 38 19 40 4380 1 22 17 18 0 6.0
7 27 78 40 67 67 40 12714 3 28 10 17 0 17 15 15 1 12 10 8 1 5.0
8 48 59 40 54 60 40 7599 3 15 7 1 0 23 17 10 0 17 13 17 1 5.0
9 20 40 40 48 57 40 39180 3 25 19 30 0 13 12 2 0 23 14 23 1 5.0
10 16 24 40 12 25 40 27057 2 26 25 7 0 17 13 3 0 4.0
11 49 33 40 55 16 40 8101 1 26 22 6 0 4.0
12 70 28 40 13 67 40 88 1 11 8 3 0 6.0
13 66 22 40 18 22 40 45000 3 28 18 11 0 26 20 26 1 20 13 7 1 4.0
14 37 37 40 38 84 40 5904 3 13 13 13 0 12 8 12 0 17 17 7 1 5.0
15 57 65 40 18 76 40 1853 2 15 11 9 0 13 10 11 1 6.0
16 64 25 40 52 84 40 20294 2 26 22 5 0 13 10 7 0 4.0
17 22 85 40 30 39 40 1313 2 28 24 7 0 13 11 8 0 6.0
18 42 26 40 30 45 40 19233 3 60 10 10 0 21 11 9 0 11 11 11 0 4.0
19 49 35 40 64 16 40 45000 2 42 23 23 0 17 11 23 1 4.0
20 64 52 40 52 73 40 1310 2 11 7 1 0 12 9 8 0 5.0
21 16 63 40 11 45 40 3655 2 19 16 5 1 43 25 4 1 6.0
22 43 82 40 54 73 40 8358 3 19 13 5 0 20 13 13 1 11 7 1 1 5.0
23 11 57 40 18 49 40 44619 1 28 25 28 0 4.0
24 14 41 40 20 65 40 5028 2 30 23 7 0 13 11 13 0 6.0
25 30 29 40 34 24 40 11350 1 60 15 7 1 5.0
26 69 85 40 55 31 40 1492 1 20 13 7 0 6.0
27 23 83 40 67 33 40 4639 2 28 10 17 0 14 10 10 0 6.0
28 13 26 40 56 35 40 15401 2 19 15 11 0 60 10 5 0 4.0
29 56 17 40 68 77 40 3047 3 13 9 1 0 18 16 13 0 26 19 1 0 6.0
30 37 75 40 40 39 40 7804 2 40 10 10 0 27 25 26 1 6.0
31 14 35 40 20 26 40 45000 2 23 10 3 0 12 11 18 0 4.0
32 29 68 40 68 43 40 807 3 16 15 4 0 13 11 7 0 11 11 11 1 6.0
33 59 45 40 61 77 40 12538 1 43 23 23 0 6.0
34 70 45 40 25 19 40 45000 3 15 15 16 0 37 21 7 0 11 9 11 1 4.0
35 21 30 40 65 18 40 258 2 11 8 5 0 11 7 2 0 6.0
36 10 84 40 43 84 40 1882 1 21 21 7 0 6.0
37 62 17 40 17 24 40 9944 2 13 11 1 0 18 17 14 0 4.0
38 18 84 40 12 53 40 14554 2 59 25 10 0 23 13 8 1 6.0
39 28 17 40 21 16 40 342 1 17 17 1 1 5.0
40 61 76 40 70 72 40 9803 1 25 25 7 0 4.0
41 37 66 40 36 51 40 830 2 11 7 2 0 12 9 5 0 5.0
42 23 81 40 28 16 40 1245 2 17 13 3 0 24 11 3 0 5.0
43 64 75 40 27 28 40 33407 3 15 13 13 0 20 20 3 0 11 8 2 0 4.0
44 48 60 40 19 23 40 7417 2 11 9 11 0 18 11 9 1 4.0
45 54 69 40 50 68 40 1958 1 20 13 7 1 5.0
46 49 73 40 19 19 40 10842 2 19 18 7 0 23 23 5 0 4.0
47 12 58 40 25 41 40 4647 2 11 8 11 0 22 15 8 0 5.0
48 59 25 40 46 18 40 4398 2 23 21 5 0 11 7 5 1 5.0
49 40 29 40 66 52 40 16415 2 15 12 11 0 13 12 7 0 4.0
50 39 69 40 55 64 40 9401 1 25 17 19 0 5.0
51 35 34 40 16 37 40 8339 3 11 7 7 0 31 23 7 0 48 25 3 0 5.0
52 49 23 40 41 17 40 3931 1 42 12 9 0 5.0
53 47 54 40 45 41 40 5385 1 16 11 15 1 4.0
