5     53    45000 60    25    30   
0     40    50    0     40    50    1236  0     
1 40 20 40 47 76 40 9321 2 21 9 16 0 9 7 15 1 4.0
2 55 56 40 56 35 40 65 1 9 6 3 0 6.0
3 18 59 40 56 41 40 4222 2 21 21 23 0 16 6 2 0 6.0
4 66 66 40 64 38 40 45000 3 12 11 8 0 23 12 12 0 18 18 18 1 4.0
5 47 30 40 47 74 40 1825 3 27 21 11 0 9 8 2 0 29 18 3 1 6.0
6 56 63 40 64 42 40 90 1 9 7 2 0 6.0
7 15 58 40 39 70 40 45000 2 33 25 30 0 11 11 11 0 5.0
8 34 27 40 35 71 40 6474 3 12 12 9 0 21 14 4 1 13 9 2 1 4.0
9 15 54 40 20 35 40 6694 3 12 12 9 0 11 11 10 0 16 12 8 1 5.0
10 63 65 40 57 46 40 3609 1 16 16 4 0 4.0
11 19 59 40 23 37 40 860 1 15 8 5 0 5.0
12 66 61 40 37 72 40 6067 1 26 21 9 0 5.0
13 23 67 40 46 79 40 33587 3 21 19 11 0 18 18 18 0 15 11 7 0 4.0
14 15 60 40 27 36 40 380 1 9 9 6 0 6.0
15 62 58 40 56 37 40 863 2 10 7 2 0 11 10 6 1 5.0
16 19 63 40 19 38 40 12011 1 28 22 9 0 4.0
17 44 19 40 43 78 40 3592 2 12 9 6 0 19 8 11 0 5.0
18 36 28 40 39 72 40 3811 3 18 16 11 0 29 25 3 0 18 9 6 0 6.0
19 57 64 40 15 42 40 22562 3 12 9 6 0 9 6 5 0 18 18 18 1 4.0
20 61 66 40 21 37 40 3279 2 28 21 2 0 13 9 4 0 4.0
21 54 67 40 64 47 40 5727 2 35 18 3 0 25 12 8 1 5.0
22 21 59 40 57 44 40 45000 3 28 19 11 0 46 25 30 1 11 11 11 1 5.0
23 18 63 40 47 73 40 15853 3 13 11 12 0 18 12 12 0 40 6 6 1 4.0
24 21 63 40 60 40 40 14013 1 21 12 30 0 5.0
25 46 30 40 25 47 40 31393 3 9 6 5 0 11 6 3 0 41 15 9 1 4.0
26 57 61 40 63 39 40 603 1 21 17 9 0 6.0
27 47 19 40 43 81 40 8124 1 31 16 26 0 6.0
28 40 28 40 46 72 40 2665 1 13 9 4 0 4.0
29 24 66 40 25 44 40 13613 3 12 8 4 0 32 18 30 1 60 23 6 1 6.0
30 62 60 40 62 36 40 3048 2 35 25 6 0 9 7 18 0 6.0
31 28 57 40 65 42 40 31031 3 33 19 6 0 28 11 11 0 24 13 4 1 4.0
32 45 29 40 40 79 40 6792 3 12 12 12 0 29 19 4 0 29 7 9 0 5.0
33 41 31 40 53 38 40 15203 3 12 12 12 0 18 9 9 0 28 15 11 0 5.0
34 24 67 40 44 80 40 17549 2 23 12 15 0 15 15 3 0 4.0
35 55 64 40 23 40 40 3068 3 25 7 8 0 27 19 6 0 11 6 4 0 6.0
36 35 30 40 37 70 40 1374 1 18 12 12 1 6.0
37 21 67 40 23 38 40 6960 3 12 12 7 0 27 13 23 0 20 6 8 1 6.0
38 36 32 40 16 46 40 4463 3 18 18 6 0 18 18 12 0 15 10 1 0 6.0
39 61 55 40 19 41 40 26482 3 16 16 30 0 23 18 29 0 29 7 7 1 5.0
40 60 60 40 55 45 40 298 1 12 9 2 0 5.0
41 17 57 40 24 44 40 8191 2 25 16 13 0 15 9 9 1 5.0
42 54 65 40 43 82 40 1527 1 22 21 13 0 6.0
43 57 67 40 66 46 40 16623 2 9 8 8 0 22 19 6 1 4.0
44 40 22 40 38 73 40 1331 2 18 6 11 1 11 9 4 1 5.0
45 21 55 40 16 41 40 2991 1 12 12 8 0 4.0
46 24 64 40 40 80 40 39668 1 23 18 29 0 4.0
47 41 28 40 26 38 40 2002 2 11 11 7 0 15 13 9 1 6.0
48 59 63 40 20 46 40 2385 1 26 25 10 0 6.0
49 37 19 40 39 81 40 4568 3 9 6 1 0 13 11 8 1 16 16 3 1 4.0
50 23 60 40 22 38 40 1350 1 13 10 8 0 5.0
51 41 30 40 54 35 40 6095 2 10 7 2 0 24 24 11 0 5.0
52 40 25 40 25 34 40 31427 2 19 18 19 0 26 21 9 0 4.0
53 65 62 40 64 46 40 5383 1 16 14 12 0 4.0
