5     53    45000 60    25    30   
0     40    50    0     40    50    1236  0     
1 25 62 40 27 45 40 1725 2 14 11 5 0 9 6 2 0 4.0
2 55 65 40 39 78 40 1439 2 9 9 9 0 8 8 6 0 5.0
3 24 64 40 53 39 40 4646 3 16 16 16 0 10 9 15 0 8 6 2 0 6.0
4 65 54 40 57 45 40 45000 3 14 14 9 0 34 25 24 0 16 16 5 1 4.0
5 26 57 40 23 46 40 1282 1 29 18 8 1 6.0
6 66 60 40 16 36 40 3647 2 23 18 5 0 23 19 5 1 6.0
7 64 56 40 46 76 40 4041 4 18 18 5 0 12 7 5 0 8 8 5 1 10 10 27 1 6.0
8 57 60 40 40 80 40 5752 4 10 8 3 0 21 15 27 0 52 25 3 0 9 9 1 0 6.0
9 45 25 40 25 46 40 5838 3 8 6 3 0 10 10 10 1 23 16 3 1 4.0
10 59 64 40 20 37 40 3362 1 11 11 8 0 4.0
11 21 64 40 34 81 40 576 2 11 7 3 0 10 6 3 0 5.0
12 36 24 40 66 47 40 23421 2 16 16 21 0 23 23 15 0 4.0
13 22 67 40 62 37 40 33975 4 32 25 14 0 8 8 3 0 11 7 8 0 8 8 8 1 4.0
14 18 62 40 38 82 40 5843 3 10 10 10 0 31 21 4 0 26 25 4 1 5.0
15 37 20 40 23 40 40 1698 2 21 17 4 0 10 10 10 0 6.0
16 21 67 40 23 39 40 10836 2 19 19 21 0 9 6 4 1 5.0
17 41 22 40 60 44 40 2200 5 19 5 5 0 28 6 8 0 9 7 11 0 9 6 2 0 11 11 11 1 6.0
18 57 63 40 19 45 40 2531 4 9 7 6 0 13 9 13 0 8 7 4 0 10 9 6 0 5.0
19 41 25 40 38 69 40 16605 2 9 9 2 0 21 16 5 1 4.0
20 59 61 40 26 35 40 742 1 13 8 6 0 5.0
21 54 64 40 39 72 40 8369 5 10 7 10 0 13 11 14 0 12 10 9 0 13 11 13 1 10 10 10 1 5.0
22 47 30 40 18 47 40 4931 4 27 23 11 0 10 8 6 0 9 6 6 0 16 16 10 1 6.0
23 37 23 40 42 80 40 2687 2 18 14 10 0 55 22 8 0 6.0
24 54 55 40 21 36 40 379 1 9 7 8 0 6.0
25 19 62 40 41 71 40 22951 2 21 13 12 0 13 13 21 0 4.0
26 59 59 40 40 82 40 506 1 8 6 6 1 4.0
27 28 62 40 18 44 40 1528 1 28 22 2 0 5.0
28 55 58 40 28 36 40 8030 2 29 10 4 0 7 6 5 1 4.0
29 40 25 40 66 45 40 6574 4 11 9 6 0 27 9 27 0 25 8 3 0 10 8 3 1 6.0
30 22 66 40 65 39 40 1918 4 8 6 6 0 10 8 5 0 11 7 7 0 8 8 8 1 5.0
31 63 60 40 61 46 40 13306 5 10 8 6 0 8 6 1 0 26 21 4 0 13 13 5 1 18 18 6 1 4.0
32 57 64 40 22 39 40 20787 5 26 6 6 0 19 19 25 0 19 10 8 0 10 8 3 1 10 10 13 1 4.0
33 57 54 40 54 43 40 1969 3 10 9 8 0 8 7 11 0 9 8 7 0 5.0
34 41 28 40 15 38 40 8858 5 13 13 12 0 15 9 3 0 16 16 5 0 16 10 16 0 11 8 2 1 5.0
35 34 24 40 42 73 40 899 2 8 8 8 0 9 8 5 1 5.0
36 57 56 40 35 75 40 199 1 8 6 7 0 6.0
37 24 57 40 54 40 40 4141 1 52 6 10 1 5.0
38 59 67 40 60 36 40 17349 2 8 8 8 0 39 25 10 1 4.0
39 22 55 40 61 40 40 15040 5 15 9 1 0 19 15 10 0 31 21 10 0 20 20 6 0 22 18 8 1 5.0
40 28 67 40 59 39 40 13039 2 16 16 16 0 25 12 10 0 4.0
41 36 20 40 42 77 40 2859 5 16 10 9 0 39 9 7 0 16 16 3 0 10 9 3 0 8 8 8 0 6.0
42 15 56 40 26 40 40 14026 2 37 18 8 0 15 13 8 0 4.0
43 16 61 40 28 42 40 45000 5 21 21 17 0 8 8 16 0 11 8 5 0 9 7 4 0 22 8 13 1 4.0
44 39 25 40 45 74 40 1904 3 17 13 6 0 14 10 9 0 10 9 8 1 6.0
45 44 31 40 53 35 40 3082 4 26 21 10 0 16 16 16 0 13 13 13 0 18 18 5 0 6.0
46 17 62 40 40 76 40 45000 2 25 25 30 0 8 8 8 1 4.0
47 44 21 40 38 72 40 15931 5 23 11 21 0 17 11 19 0 27 25 3 0 9 6 2 0 55 25 6 1 6.0
48 41 24 40 53 45 40 5918 3 17 10 23 0 10 8 13 1 8 6 5 1 5.0
49 61 66 40 36 80 40 23113 5 10 6 2 0 12 10 8 0 12 11 7 0 14 11 9 0 21 21 10 0 4.0
50 43 19 40 38 81 40 5316 2 8 6 6 0 17 17 19 1 5.0
51 21 65 40 60 46 40 3122 4 10 6 2 0 16 7 5 0 18 14 10 1 14 6 4 1 6.0
52 21 60 40 23 44 40 45000 5 9 6 13 0 16 16 16 0 38 25 11 0 10 8 10 0 9 6 3 0 4.0
53 36 22 40 64 42 40 5012 5 8 8 3 0 13 13 17 0 9 7 2 0 10 10 10 1 14 11 9 1 5.0
