5     53    45000 60    25    30   
0     40    50    0     40    50    1236  0     
1 42 23 40 57 47 40 6554 1 10 10 10 0 4.0
2 22 55 40 54 44 40 1932 1 23 18 8 0 6.0
3 47 19 40 14 57 40 2710 1 44 6 26 0 6.0
4 22 56 40 46 20 40 3937 4 16 9 9 0 12 7 3 0 11 6 1 0 8 5 5 0 4.0
5 20 52 40 38 30 40 4276 5 10 10 8 0 16 11 6 0 8 5 5 0 18 13 14 1 9 5 3 1 6.0
6 20 46 40 47 20 40 32531 5 8 7 3 0 10 10 10 0 18 18 18 0 18 7 2 0 10 10 14 1 4.0
7 60 57 40 16 52 40 21507 5 11 10 6 0 8 5 1 0 10 8 6 0 15 15 15 0 8 7 5 1 4.0
8 46 24 40 23 49 40 3019 5 10 10 12 0 12 10 10 0 52 25 1 0 15 15 15 0 46 12 6 1 6.0
9 38 31 40 56 53 40 3460 3 11 8 1 0 14 12 9 0 8 8 2 0 5.0
10 39 24 40 43 30 40 8015 5 9 5 4 0 34 5 5 0 34 17 4 0 11 5 2 1 10 9 3 1 4.0
11 37 82 40 43 72 40 534 1 13 7 5 0 5.0
12 45 74 40 56 49 40 19079 2 31 25 20 0 9 5 9 0 5.0
13 24 50 40 39 78 40 1478 1 12 4 13 0 4.0
14 38 75 40 61 44 40 373 1 25 5 5 0 6.0
15 42 25 40 41 32 40 2580 3 8 8 2 0 10 8 3 0 12 12 10 0 5.0
16 55 49 40 44 29 40 19131 1 22 22 22 1 5.0
17 40 29 40 23 56 40 1317 4 9 6 3 0 27 20 5 0 8 8 8 0 12 7 7 1 6.0
18 45 19 40 22 47 40 13474 5 27 23 9 0 18 14 27 0 9 8 9 0 10 7 4 0 30 14 21 0 6.0
19 62 46 40 61 45 40 8872 3 8 5 1 0 19 7 11 0 28 17 10 1 5.0
20 24 44 40 36 78 40 32438 4 30 20 20 0 28 25 8 0 30 25 4 0 25 18 17 0 5.0
21 62 50 40 65 54 40 21408 4 30 9 10 0 17 12 11 0 8 5 5 0 10 8 10 1 4.0
22 16 53 40 14 49 40 1552 1 24 10 2 0 4.0
23 39 26 40 60 54 40 6774 3 18 15 15 0 30 14 10 0 10 8 2 1 6.0
24 47 25 40 56 54 40 51 1 8 6 2 0 6.0
25 26 47 40 43 20 40 44376 1 32 22 18 0 4.0
26 40 75 40 39 75 40 8148 5 12 10 8 0 8 5 3 0 10 10 10 1 10 9 6 1 46 20 5 1 5.0
27 26 53 40 41 81 40 1715 1 10 8 15 0 5.0
28 58 51 40 64 54 40 1428 1 18 18 5 0 6.0
29 45 75 40 43 76 40 12209 4 29 21 11 0 11 7 7 1 22 7 5 1 16 11 1 1 5.0
30 39 76 40 19 49 40 11852 2 8 8 13 0 18 10 15 0 4.0
31 40 76 40 60 53 40 11682 4 8 8 8 0 10 10 5 0 9 7 7 0 30 7 7 1 4.0
32 36 20 40 27 50 40 4036 4 10 10 10 0 9 6 8 0 16 12 2 0 14 11 6 1 5.0
33 63 53 40 60 56 40 4487 4 17 10 30 0 26 6 6 0 8 8 5 1 26 25 3 1 6.0
34 67 52 40 66 45 40 14649 5 25 9 10 0 10 5 2 0 17 17 6 0 17 6 1 0 34 6 4 1 4.0
35 40 69 40 41 75 40 803 1 20 15 2 0 5.0
36 41 28 40 37 71 40 2355 1 12 12 8 0 4.0
37 20 50 40 60 55 40 2279 1 8 8 5 0 4.0
38 40 71 40 41 25 40 2932 5 17 11 11 0 10 8 4 0 10 5 2 0 15 11 6 0 8 8 6 1 6.0
39 18 54 40 34 81 40 15150 5 12 9 1 0 15 11 25 0 8 5 2 0 10 10 7 1 17 17 2 1 4.0
40 15 55 40 40 22 40 14932 2 8 7 6 0 18 10 12 1 4.0
41 59 56 40 35 75 40 2580 3 10 10 5 0 8 5 3 0 21 16 14 0 6.0
42 38 71 40 17 48 40 444 1 8 8 13 1 6.0
43 60 47 40 24 52 40 16920 4 9 7 6 0 10 10 13 1 17 12 11 1 20 20 16 1 5.0
44 35 76 40 37 69 40 7447 5 10 8 5 0 21 7 12 0 9 9 1 0 25 6 6 0 20 15 10 1 5.0
45 36 23 40 20 51 40 6822 2 27 8 25 0 16 12 6 0 6.0
46 22 57 40 27 56 40 45000 5 9 6 1 0 9 5 2 0 18 12 27 0 32 25 30 1 8 6 3 1 4.0
47 43 23 40 38 22 40 19262 5 13 8 6 0 8 6 4 0 9 9 9 0 8 6 8 0 10 8 7 1 4.0
48 55 52 40 37 74 40 10039 1 28 24 19 0 6.0
49 47 26 40 19 56 40 4391 4 8 5 5 0 21 16 5 0 13 7 4 0 9 5 2 0 5.0
50 60 44 40 44 20 40 7935 5 10 10 17 0 15 15 17 0 9 5 1 1 8 6 6 1 22 13 4 1 5.0
51 38 82 40 39 81 40 868 1 10 10 10 1 6.0
52 64 44 40 44 74 40 22802 4 25 8 7 0 11 8 14 0 14 11 11 0 15 13 6 0 4.0
53 34 70 40 58 50 40 6464 4 13 13 5 0 20 12 11 0 10 10 1 0 20 17 4 0 5.0
