5     52    45000 60    25    30   
0     40    50    0     40    50    1236  0     
1 26 48 40 64 38 40 2755 2 16 13 6 0 11 7 2 1 4.0
2 34 70 40 17 45 40 2470 2 11 10 11 0 10 10 7 0 5.0
3 15 40 40 30 84 40 4889 1 18 18 18 0 6.0
4 21 42 40 52 73 40 29831 2 11 10 17 0 10 7 2 1 4.0
5 64 62 40 23 58 40 786 1 16 16 10 0 6.0
6 69 67 40 20 29 40 23398 1 39 25 28 0 6.0
7 49 68 40 43 28 40 9249 3 18 18 6 0 33 21 9 0 27 21 6 0 6.0
8 19 74 40 14 76 40 3060 3 27 22 6 0 21 21 6 0 14 8 5 0 6.0
9 15 41 40 17 16 40 12778 3 10 10 6 0 12 11 30 0 12 10 3 1 4.0
10 20 83 40 44 17 40 45000 3 25 17 30 0 60 25 3 0 11 11 1 0 4.0
11 55 62 40 64 26 40 2814 2 10 7 4 0 12 12 12 0 5.0
12 12 16 40 68 18 40 2565 1 27 18 3 1 4.0
13 30 28 40 32 42 40 6060 3 13 13 10 0 13 8 3 1 11 7 3 1 4.0
14 14 34 40 54 31 40 7323 1 18 18 24 0 5.0
15 46 24 40 16 43 40 8027 1 27 25 17 0 6.0
16 67 38 40 27 50 40 20568 1 37 25 16 0 5.0
17 51 21 40 26 34 40 746 2 10 10 3 0 13 8 10 0 6.0
18 33 56 40 52 42 40 6604 3 10 9 10 0 12 12 12 0 36 24 5 1 5.0
19 42 42 40 68 35 40 27045 1 30 25 4 0 4.0
20 11 36 40 64 40 40 2170 1 24 19 4 0 5.0
21 60 69 40 38 63 40 17866 3 12 12 12 0 22 22 25 1 10 7 5 1 5.0
22 18 25 40 19 42 40 1403 2 22 5 6 0 32 7 10 1 6.0
23 52 60 40 69 84 40 252 1 11 8 13 0 6.0
24 46 80 40 62 32 40 1766 2 11 7 2 0 13 13 13 0 6.0
25 11 53 40 16 72 40 9450 2 10 8 7 0 15 10 15 0 4.0
26 64 56 40 51 15 40 632 1 9 8 5 1 4.0
27 11 45 40 43 57 40 4504 3 12 10 7 0 10 10 2 0 24 18 6 1 5.0
28 23 23 40 70 62 40 11418 2 14 10 7 0 11 8 11 1 4.0
29 50 74 40 46 38 40 5756 3 14 13 16 0 14 11 10 0 14 13 14 1 6.0
30 19 50 40 10 74 40 1906 1 12 12 12 0 5.0
31 65 23 40 20 38 40 26233 2 31 25 13 0 11 10 7 0 4.0
32 13 20 40 59 83 40 13426 3 10 7 7 0 18 18 12 0 21 16 12 1 4.0
33 59 30 40 61 72 40 15214 2 60 25 9 0 10 8 9 0 5.0
34 39 17 40 37 64 40 14340 2 24 15 14 1 15 15 24 1 5.0
35 23 77 40 10 60 40 2154 2 10 7 7 0 32 25 2 0 5.0
36 24 62 40 54 15 40 938 1 33 12 4 1 6.0
37 24 19 40 67 53 40 13996 3 8 7 6 0 13 10 7 0 31 10 30 1 5.0
38 51 73 40 36 44 40 3601 3 29 10 4 0 12 10 4 0 10 7 7 1 4.0
39 12 78 40 46 51 40 1478 2 12 9 6 1 13 8 8 1 5.0
40 44 54 40 61 47 40 3032 2 10 9 9 0 12 10 7 0 4.0
41 39 67 40 30 54 40 1926 2 10 7 1 0 30 24 5 1 6.0
42 45 83 40 17 23 40 8451 2 15 15 6 0 20 20 7 0 4.0
43 51 84 40 65 67 40 45000 2 30 7 7 0 22 22 28 0 4.0
44 17 60 40 57 78 40 2955 3 22 12 10 0 11 10 3 0 12 12 15 0 6.0
45 41 52 40 42 23 40 468 2 11 10 9 0 10 8 13 1 6.0
46 18 44 40 22 71 40 13008 2 10 10 8 0 15 15 14 0 4.0
47 43 44 40 42 34 40 2031 2 17 10 3 0 18 18 6 0 6.0
48 23 19 40 23 41 40 5841 3 18 12 18 0 13 9 2 0 10 10 10 0 5.0
49 26 74 40 25 36 40 1630 1 11 10 5 1 4.0
50 69 40 40 55 53 40 5151 2 10 7 8 0 60 7 12 0 5.0
51 16 38 40 19 61 40 12967 3 10 10 10 0 45 25 12 0 17 11 1 1 6.0
52 36 52 40 40 80 40 4180 1 22 17 12 0 5.0
