5     52    45000 60    25    30   
0     40    50    0     40    50    1236  0     
1 26 48 40 64 38 40 8095 2 19 9 15 0 9 7 14 1 4.0
2 34 70 40 17 45 40 3264 2 9 6 3 0 19 19 22 0 6.0
3 15 40 40 30 84 40 74 1 15 6 2 0 6.0
4 21 42 40 52 73 40 22204 2 11 10 8 0 22 11 11 1 4.0
5 64 62 40 23 58 40 1128 1 17 17 17 0 6.0
6 69 67 40 20 29 40 3384 1 25 19 10 0 6.0
7 49 68 40 43 28 40 2932 3 9 7 2 0 28 17 3 0 9 7 2 0 5.0
8 19 74 40 14 76 40 45000 3 33 25 30 0 11 11 11 0 11 11 9 0 4.0
9 15 41 40 17 16 40 3644 3 20 13 4 0 12 8 2 0 11 11 8 1 5.0
10 20 83 40 44 17 40 10415 3 10 10 9 0 15 11 7 0 15 15 4 0 4.0
11 55 62 40 64 26 40 6090 2 14 8 4 0 25 19 8 0 5.0
12 12 16 40 68 18 40 4444 1 20 18 10 1 5.0
13 30 28 40 32 42 40 18674 3 17 17 17 0 14 10 7 1 9 8 6 1 4.0
14 14 34 40 54 31 40 98 1 9 7 2 0 6.0
15 46 24 40 16 43 40 583 1 10 9 6 0 5.0
16 67 38 40 27 50 40 9013 1 26 20 8 0 4.0
17 51 21 40 26 34 40 2769 2 11 8 6 0 18 7 10 0 5.0
18 33 56 40 52 42 40 3360 3 17 15 10 0 28 25 3 0 17 9 6 1 6.0
19 42 42 40 68 35 40 1985 1 11 9 6 0 4.0
20 11 36 40 64 40 40 538 1 9 6 5 0 4.0
21 60 69 40 38 63 40 8295 3 17 17 17 0 26 19 2 1 13 8 3 1 5.0
22 18 25 40 19 42 40 5615 2 33 17 3 0 24 11 8 1 5.0
23 52 60 40 69 84 40 16140 1 28 19 11 0 4.0
24 46 80 40 62 32 40 45000 2 46 25 30 0 11 11 11 0 5.0
25 11 53 40 16 72 40 20280 2 13 10 11 0 17 12 12 0 4.0
26 64 56 40 51 15 40 257 1 38 6 6 1 6.0
27 11 45 40 43 57 40 4233 3 19 11 30 0 9 6 5 0 10 6 3 1 6.0
28 23 23 40 70 62 40 39456 2 39 14 8 0 20 16 8 1 4.0
29 50 74 40 46 38 40 5750 3 29 15 24 0 12 8 3 0 11 7 3 1 6.0
30 19 50 40 10 74 40 7306 1 30 17 30 0 6.0
31 65 23 40 20 38 40 45000 2 58 22 6 0 33 25 6 0 4.0
32 13 20 40 59 83 40 8278 3 9 7 17 0 31 18 6 0 26 10 10 1 5.0
33 59 30 40 61 72 40 5516 2 23 12 4 0 12 12 12 0 4.0
34 39 17 40 37 64 40 13062 2 28 18 4 1 28 7 8 1 4.0
35 23 77 40 10 60 40 1565 2 11 11 11 0 17 8 8 0 6.0
36 24 62 40 54 15 40 1929 1 26 14 10 1 6.0
37 24 19 40 67 53 40 3687 3 22 11 14 0 14 14 3 0 24 7 8 1 6.0
38 51 73 40 36 44 40 4019 3 25 18 6 0 10 6 4 0 17 12 12 1 6.0
39 12 78 40 46 51 40 9344 2 11 11 7 1 25 12 22 1 5.0
40 44 54 40 61 47 40 3493 2 19 6 7 0 17 17 6 0 5.0
41 39 67 40 30 54 40 4220 2 17 17 11 0 14 9 1 1 5.0
42 45 83 40 17 23 40 4378 2 15 15 30 0 22 17 28 0 6.0
43 51 84 40 65 67 40 8462 2 28 7 7 0 11 9 2 0 4.0
44 17 60 40 57 78 40 8582 3 23 15 12 0 14 9 9 0 20 19 13 0 5.0
45 41 52 40 42 23 40 7033 2 9 7 7 0 21 18 6 1 4.0
46 18 44 40 22 71 40 4163 2 17 6 10 0 10 8 3 0 4.0
47 43 44 40 42 34 40 8804 2 11 11 8 0 22 17 28 0 6.0
48 23 19 40 23 41 40 2693 3 10 10 7 0 14 13 8 0 24 24 9 0 6.0
49 26 74 40 25 36 40 125 1 9 6 1 1 4.0
50 69 40 40 55 53 40 2226 2 13 10 8 0 15 15 3 0 5.0
51 16 38 40 19 61 40 5978 3 13 9 8 0 9 7 2 0 23 23 10 1 5.0
52 36 52 40 40 80 40 5056 1 18 17 18 0 5.0
