5     53    45000 60    25    30   
0     40    50    0     40    50    1236  0     
1 16 46 40 17 49 40 6200 2 18 8 14 0 8 6 13 1 4.0
2 63 47 40 45 23 40 2866 3 8 6 3 0 18 18 21 0 14 6 2 0 6.0
3 22 47 40 56 46 40 4614 4 11 10 7 0 21 11 11 0 16 16 16 0 24 18 9 1 6.0
4 37 28 40 24 47 40 45000 5 8 7 2 0 26 16 3 0 8 6 2 0 32 25 30 0 11 11 11 1 4.0
5 57 56 40 34 28 40 716 4 11 11 8 0 19 13 4 0 12 8 2 0 11 11 8 1 6.0
6 40 75 40 14 50 40 641 1 10 10 9 0 6.0
7 45 75 40 43 23 40 15038 5 14 11 7 0 14 14 4 0 14 7 4 0 24 18 8 0 19 17 9 1 5.0
8 66 49 40 22 44 40 12785 4 16 16 16 0 14 9 6 0 8 8 6 1 9 6 2 1 4.0
9 21 44 40 46 25 40 13137 5 9 9 6 0 25 19 8 0 11 8 5 1 17 7 10 1 16 14 9 1 5.0
10 44 76 40 25 52 40 6873 1 26 25 3 1 4.0
11 64 53 40 63 50 40 1675 2 16 8 5 0 11 8 6 1 5.0
12 42 79 40 55 48 40 5353 2 8 6 5 0 16 16 16 1 5.0
13 42 73 40 43 32 40 28471 5 25 18 2 0 12 8 3 0 32 16 3 0 23 11 7 0 26 18 11 1 4.0
14 60 52 40 42 69 40 23102 1 44 24 28 0 6.0
15 16 52 40 42 81 40 6207 4 11 11 11 0 12 9 11 0 16 11 11 0 36 6 6 1 5.0
16 37 80 40 40 73 40 13389 2 18 11 30 0 8 6 5 0 4.0
17 47 72 40 44 73 40 23229 4 10 6 3 0 37 13 8 0 19 15 8 1 27 14 23 1 5.0
18 59 50 40 37 26 40 15094 5 12 8 3 0 11 7 3 0 29 16 30 0 55 21 5 0 32 25 6 1 6.0
19 34 79 40 54 46 40 24340 4 8 6 16 0 29 17 6 0 25 10 10 0 22 12 4 0 4.0
20 43 29 40 36 30 40 13365 5 11 11 11 0 26 17 4 0 26 6 8 0 11 11 11 0 16 8 8 0 4.0
21 47 19 40 26 52 40 12905 5 25 14 9 0 21 11 13 0 13 13 3 0 23 6 7 0 24 17 5 0 5.0
22 46 75 40 20 56 40 320 1 9 6 4 0 5.0
23 45 76 40 42 77 40 26108 4 16 11 11 0 11 11 6 0 24 12 21 1 18 6 7 1 4.0
24 40 81 40 44 78 40 2373 1 16 16 5 0 5.0
25 24 56 40 42 26 40 45000 4 16 16 11 0 13 9 1 0 15 15 30 1 21 16 26 1 4.0
26 22 50 40 43 25 40 176 1 26 6 6 0 6.0
27 67 50 40 55 55 40 2605 2 11 8 2 1 22 15 12 1 6.0
28 34 22 40 18 55 40 5103 1 14 8 8 1 4.0
29 43 81 40 44 26 40 3704 4 19 18 12 0 8 7 7 0 20 17 5 1 16 6 9 1 6.0
30 60 50 40 59 44 40 115 1 10 8 3 0 6.0
31 44 82 40 44 20 40 45000 5 11 11 7 0 21 16 26 0 9 9 6 0 13 12 8 0 23 23 9 1 4.0
32 24 49 40 37 82 40 2760 5 8 6 1 0 12 10 7 0 14 14 3 0 12 9 7 0 9 6 2 0 5.0
33 35 25 40 67 48 40 18432 2 22 22 10 0 17 16 17 0 5.0
34 43 78 40 59 53 40 26452 4 24 18 8 0 14 13 11 0 15 8 12 0 9 8 5 1 4.0
35 60 53 40 60 48 40 6454 5 8 8 6 0 17 11 19 0 8 6 1 0 45 25 5 0 13 7 4 0 6.0
36 34 21 40 45 74 40 207 1 13 6 5 0 6.0
37 63 48 40 43 77 40 2402 1 21 15 11 0 6.0
38 56 54 40 38 27 40 4912 4 16 8 8 0 18 13 5 1 16 15 8 1 26 19 5 1 6.0
39 66 52 40 46 24 40 11903 4 16 11 30 0 14 13 5 1 11 10 10 1 13 13 13 1 5.0
40 45 71 40 39 79 40 2053 2 11 11 8 0 13 10 4 0 5.0
41 64 46 40 40 24 40 11645 5 16 16 16 0 8 8 5 0 12 8 8 1 24 18 8 1 10 8 6 1 5.0
42 35 19 40 47 25 40 128 1 9 8 7 0 6.0
43 55 53 40 34 31 40 36523 4 8 8 8 0 22 18 4 0 18 18 9 0 18 14 7 1 4.0
44 16 49 40 15 46 40 3264 4 13 7 2 0 11 8 3 0 36 7 4 0 30 9 9 0 5.0
45 46 31 40 46 21 40 1620 1 13 12 4 0 4.0
46 25 44 40 19 46 40 11782 2 17 13 13 0 11 9 7 0 4.0
47 24 48 40 44 21 40 12343 5 21 15 16 0 8 6 5 0 16 16 19 0 11 11 15 0 17 8 30 0 6.0
48 19 50 40 21 51 40 3973 1 19 19 30 0 6.0
49 64 48 40 25 50 40 7577 4 15 9 5 0 9 8 7 0 8 8 3 0 21 18 5 0 4.0
50 38 79 40 24 50 40 8015 1 25 13 19 0 5.0
51 15 55 40 63 54 40 45 1 8 6 1 0 5.0
52 57 50 40 37 81 40 3756 4 9 8 4 0 11 8 1 0 18 6 5 0 8 7 8 0 4.0
53 20 46 40 55 47 40 15508 1 22 22 16 0 4.0
