5     53    45000 60    25    30   
0     40    50    0     40    50    1236  0     
1 38 20 40 66 45 40 1725 2 14 11 5 0 9 6 2 0 4.0
2 37 24 40 23 45 40 1439 2 9 9 9 0 8 8 6 0 5.0
3 37 78 40 66 50 40 4646 3 16 16 16 0 10 9 15 0 8 6 2 0 6.0
4 36 71 40 45 29 40 45000 3 14 14 9 0 34 25 24 0 16 16 5 1 4.0
5 37 79 40 41 31 40 1282 1 29 18 8 1 6.0
6 61 47 40 20 54 40 3647 2 23 18 5 0 23 19 5 1 6.0
7 67 57 40 16 44 40 4041 4 18 18 5 0 12 7 5 0 8 8 5 1 10 10 27 1 6.0
8 55 45 40 45 26 40 5752 4 10 8 3 0 21 15 27 0 52 25 3 0 9 9 1 0 6.0
9 23 57 40 21 51 40 5838 3 8 6 3 0 10 10 10 1 23 16 3 1 4.0
10 57 50 40 46 75 40 3362 1 11 11 8 0 4.0
11 54 53 40 44 30 40 576 2 11 7 3 0 10 6 3 0 5.0
12 35 75 40 42 71 40 23421 2 16 16 21 0 23 23 15 0 4.0
13 16 57 40 26 50 40 33975 4 32 25 14 0 8 8 3 0 11 7 8 0 8 8 8 1 4.0
14 44 20 40 57 54 40 5843 3 10 10 10 0 31 21 4 0 26 25 4 1 5.0
15 45 32 40 67 44 40 1698 2 21 17 4 0 10 10 10 0 6.0
16 17 49 40 17 45 40 10836 2 19 19 21 0 9 6 4 1 5.0
17 59 46 40 56 50 40 2200 5 19 5 5 0 28 6 8 0 9 7 11 0 9 6 2 0 11 11 11 1 6.0
18 62 57 40 21 55 40 2531 4 9 7 6 0 13 9 13 0 8 7 4 0 10 9 6 0 5.0
19 65 54 40 19 46 40 16605 2 9 9 2 0 21 16 5 1 4.0
20 58 57 40 27 51 40 742 1 13 8 6 0 5.0
21 40 28 40 67 56 40 8369 5 10 7 10 0 13 11 14 0 12 10 9 0 13 11 13 1 10 10 10 1 5.0
22 38 22 40 47 29 40 4931 4 27 23 11 0 10 8 6 0 9 6 6 0 16 16 10 1 6.0
23 61 53 40 21 49 40 2687 2 18 14 10 0 55 22 8 0 6.0
24 46 21 40 64 46 40 379 1 9 7 8 0 6.0
25 59 44 40 45 25 40 22951 2 21 13 12 0 13 13 21 0 4.0
26 18 46 40 59 47 40 506 1 8 6 6 1 4.0
27 45 75 40 40 69 40 1528 1 28 22 2 0 5.0
28 37 77 40 39 81 40 8030 2 29 10 4 0 7 6 5 1 4.0
29 47 26 40 40 70 40 6574 4 11 9 6 0 27 9 27 0 25 8 3 0 10 8 3 1 6.0
30 17 52 40 66 46 40 1918 4 8 6 6 0 10 8 5 0 11 7 7 0 8 8 8 1 5.0
31 37 80 40 34 28 40 13306 5 10 8 6 0 8 6 1 0 26 21 4 0 13 13 5 1 18 18 6 1 4.0
32 45 74 40 42 78 40 20787 5 26 6 6 0 19 19 25 0 19 10 8 0 10 8 3 1 10 10 13 1 4.0
33 15 47 40 40 75 40 1969 3 10 9 8 0 8 7 11 0 9 8 7 0 5.0
34 21 48 40 16 47 40 8858 5 13 13 12 0 15 9 3 0 16 16 5 0 16 10 16 0 11 8 2 1 5.0
35 45 20 40 42 31 40 899 2 8 8 8 0 9 8 5 1 5.0
36 66 48 40 15 48 40 199 1 8 6 7 0 6.0
37 39 26 40 24 50 40 4141 1 52 6 10 1 5.0
38 38 79 40 44 77 40 17349 2 8 8 8 0 39 25 10 1 4.0
39 42 77 40 45 28 40 15040 5 15 9 1 0 19 15 10 0 31 21 10 0 20 20 6 0 22 18 8 1 5.0
40 37 20 40 15 46 40 13039 2 16 16 16 0 25 12 10 0 4.0
41 41 71 40 54 47 40 2859 5 16 10 9 0 39 9 7 0 16 16 3 0 10 9 3 0 8 8 8 0 6.0
42 40 71 40 43 75 40 14026 2 37 18 8 0 15 13 8 0 4.0
43 43 24 40 44 32 40 45000 5 21 21 17 0 8 8 16 0 11 8 5 0 9 7 4 0 22 8 13 1 4.0
44 42 75 40 38 73 40 1904 3 17 13 6 0 14 10 9 0 10 9 8 1 6.0
45 26 57 40 15 49 40 3082 4 26 21 10 0 16 16 16 0 13 13 13 0 18 18 5 0 6.0
46 43 28 40 14 44 40 45000 2 25 25 30 0 8 8 8 1 4.0
47 56 47 40 40 32 40 15931 5 23 11 21 0 17 11 19 0 27 25 3 0 9 6 2 0 55 25 6 1 6.0
48 39 76 40 35 32 40 5918 3 17 10 23 0 10 8 13 1 8 6 5 1 5.0
49 27 45 40 42 69 40 23113 5 10 6 2 0 12 10 8 0 12 11 7 0 14 11 9 0 21 21 10 0 4.0
50 20 49 40 41 72 40 5316 2 8 6 6 0 17 17 19 1 5.0
51 41 79 40 65 46 40 3122 4 10 6 2 0 16 7 5 0 18 14 10 1 14 6 4 1 6.0
52 44 19 40 66 51 40 45000 5 9 6 13 0 16 16 16 0 38 25 11 0 10 8 10 0 9 6 3 0 4.0
53 59 55 40 56 51 40 5012 5 8 8 3 0 13 13 17 0 9 7 2 0 10 10 10 1 14 11 9 1 5.0
