5     53    45000 60    25    30   
0     40    50    0     40    50    1236  0     
1 58 57 40 27 17 40 6200 2 18 8 14 0 8 6 13 1 4.0
2 29 47 40 50 18 40 2866 3 8 6 3 0 18 18 21 0 14 6 2 0 6.0
3 47 59 40 25 45 40 4614 4 11 10 7 0 21 11 11 0 16 16 16 0 24 18 9 1 6.0
4 69 83 40 21 68 40 45000 5 8 7 2 0 26 16 3 0 8 6 2 0 32 25 30 0 11 11 11 1 4.0
5 55 46 40 39 77 40 716 4 11 11 8 0 19 13 4 0 12 8 2 0 11 11 8 1 6.0
6 56 18 40 23 62 40 641 1 10 10 9 0 6.0
7 55 24 40 67 56 40 15038 5 14 11 7 0 14 14 4 0 14 7 4 0 24 18 8 0 19 17 9 1 5.0
8 22 35 40 29 44 40 12785 4 16 16 16 0 14 9 6 0 8 8 6 1 9 6 2 1 4.0
9 27 71 40 45 82 40 13137 5 9 9 6 0 25 19 8 0 11 8 5 1 17 7 10 1 16 14 9 1 5.0
10 28 70 40 48 48 40 6873 1 26 25 3 1 4.0
11 36 16 40 11 84 40 1675 2 16 8 5 0 11 8 6 1 5.0
12 46 34 40 66 41 40 5353 2 8 6 5 0 16 16 16 1 5.0
13 26 15 40 33 36 40 28471 5 25 18 2 0 12 8 3 0 32 16 3 0 23 11 7 0 26 18 11 1 4.0
14 55 81 40 45 36 40 23102 1 44 24 28 0 6.0
15 46 61 40 19 43 40 6207 4 11 11 11 0 12 9 11 0 16 11 11 0 36 6 6 1 5.0
16 62 41 40 39 63 40 13389 2 18 11 30 0 8 6 5 0 4.0
17 57 34 40 37 62 40 23229 4 10 6 3 0 37 13 8 0 19 15 8 1 27 14 23 1 5.0
18 42 67 40 18 71 40 15094 5 12 8 3 0 11 7 3 0 29 16 30 0 55 21 5 0 32 25 6 1 6.0
19 22 77 40 60 59 40 24340 4 8 6 16 0 29 17 6 0 25 10 10 0 22 12 4 0 4.0
20 28 16 40 45 30 40 13365 5 11 11 11 0 26 17 4 0 26 6 8 0 11 11 11 0 16 8 8 0 4.0
21 60 23 40 51 17 40 12905 5 25 14 9 0 21 11 13 0 13 13 3 0 23 6 7 0 24 17 5 0 5.0
22 13 56 40 59 82 40 320 1 9 6 4 0 5.0
23 58 47 40 66 84 40 26108 4 16 11 11 0 11 11 6 0 24 12 21 1 18 6 7 1 4.0
24 43 62 40 11 33 40 2373 1 16 16 5 0 5.0
25 14 83 40 22 28 40 45000 4 16 16 11 0 13 9 1 0 15 15 30 1 21 16 26 1 4.0
26 15 63 40 56 67 40 176 1 26 6 6 0 6.0
27 45 83 40 20 84 40 2605 2 11 8 2 1 22 15 12 1 6.0
28 66 20 40 47 32 40 5103 1 14 8 8 1 4.0
29 26 42 40 29 67 40 3704 4 19 18 12 0 8 7 7 0 20 17 5 1 16 6 9 1 6.0
30 13 42 40 29 36 40 115 1 10 8 3 0 6.0
31 22 50 40 47 71 40 45000 5 11 11 7 0 21 16 26 0 9 9 6 0 13 12 8 0 23 23 9 1 4.0
32 45 68 40 29 54 40 2760 5 8 6 1 0 12 10 7 0 14 14 3 0 12 9 7 0 9 6 2 0 5.0
33 44 48 40 55 21 40 18432 2 22 22 10 0 17 16 17 0 5.0
34 32 71 40 67 32 40 26452 4 24 18 8 0 14 13 11 0 15 8 12 0 9 8 5 1 4.0
35 66 72 40 58 81 40 6454 5 8 8 6 0 17 11 19 0 8 6 1 0 45 25 5 0 13 7 4 0 6.0
36 23 77 40 20 52 40 207 1 13 6 5 0 6.0
37 44 69 40 56 80 40 2402 1 21 15 11 0 6.0
38 39 19 40 21 56 40 4912 4 16 8 8 0 18 13 5 1 16 15 8 1 26 19 5 1 6.0
39 39 31 40 13 59 40 11903 4 16 11 30 0 14 13 5 1 11 10 10 1 13 13 13 1 5.0
40 52 29 40 39 41 40 2053 2 11 11 8 0 13 10 4 0 5.0
41 28 48 40 66 61 40 11645 5 16 16 16 0 8 8 5 0 12 8 8 1 24 18 8 1 10 8 6 1 5.0
42 19 18 40 23 67 40 128 1 9 8 7 0 6.0
43 35 23 40 45 43 40 36523 4 8 8 8 0 22 18 4 0 18 18 9 0 18 14 7 1 4.0
44 70 44 40 61 39 40 3264 4 13 7 2 0 11 8 3 0 36 7 4 0 30 9 9 0 5.0
45 64 20 40 37 35 40 1620 1 13 12 4 0 4.0
46 37 58 40 38 26 40 11782 2 17 13 13 0 11 9 7 0 4.0
47 17 19 40 42 47 40 12343 5 21 15 16 0 8 6 5 0 16 16 19 0 11 11 15 0 17 8 30 0 6.0
48 29 62 40 30 82 40 3973 1 19 19 30 0 6.0
49 20 38 40 23 38 40 7577 4 15 9 5 0 9 8 7 0 8 8 3 0 21 18 5 0 4.0
50 60 35 40 44 82 40 8015 1 25 13 19 0 5.0
51 25 51 40 60 30 40 45 1 8 6 1 0 5.0
52 34 42 40 49 36 40 3756 4 9 8 4 0 11 8 1 0 18 6 5 0 8 7 8 0 4.0
53 68 64 40 45 25 40 15508 1 22 22 16 0 4.0
