5     52    45000 60    25    30   
0     40    50    0     40    50    1236  0     
1 26 48 40 64 38 40 1617 2 13 11 5 0 9 6 2 1 4.0
2 34 70 40 17 45 40 1439 2 9 9 9 0 8 8 6 0 5.0
3 15 40 40 30 84 40 3886 2 15 15 15 0 10 9 14 1 6.0
4 21 42 40 52 73 40 27605 2 8 6 2 0 14 14 9 0 4.0
5 64 62 40 23 58 40 8484 5 33 24 23 0 15 15 5 0 28 18 8 0 23 18 5 1 23 19 5 1 6.0
6 69 67 40 20 29 40 1748 2 18 18 5 0 12 7 5 1 6.0
7 49 68 40 43 28 40 11938 5 8 8 5 0 10 10 26 0 10 8 3 0 21 15 26 1 50 24 3 1 6.0
8 19 74 40 14 76 40 1021 4 9 9 1 0 8 6 3 0 10 10 10 0 23 15 3 1 6.0
9 15 41 40 17 16 40 34503 5 11 11 8 0 11 7 3 0 10 6 3 1 15 15 20 1 23 23 14 1 4.0
10 20 83 40 44 17 40 40757 4 31 24 14 0 8 8 3 0 11 7 8 0 8 8 8 1 4.0
11 55 62 40 64 26 40 1401 1 10 10 10 1 5.0
12 12 16 40 68 18 40 10874 3 30 20 4 0 25 25 4 0 20 16 4 0 4.0
13 30 28 40 32 42 40 28610 5 10 10 10 0 19 19 21 0 9 6 4 1 18 5 5 1 27 6 8 1 4.0
14 14 34 40 54 31 40 754 2 9 7 11 0 9 6 2 0 5.0
15 46 24 40 16 43 40 1195 2 11 11 11 0 9 7 6 0 6.0
16 67 38 40 27 50 40 2425 2 13 9 13 0 8 7 4 0 5.0
17 51 21 40 26 34 40 1936 5 10 9 6 0 9 9 2 0 20 15 5 0 12 8 6 0 10 7 10 0 6.0
18 33 56 40 52 42 40 5113 4 12 11 13 0 12 10 9 0 12 11 12 0 10 10 10 1 5.0
19 42 42 40 68 35 40 45000 2 26 22 11 1 10 8 6 1 4.0
20 11 36 40 64 40 40 385 1 9 6 6 0 5.0
21 60 69 40 38 63 40 22332 5 15 15 10 0 18 14 10 0 53 22 8 0 9 7 8 0 20 13 12 1 5.0
22 18 25 40 19 42 40 1774 2 13 13 20 0 8 6 6 0 6.0
23 52 60 40 69 84 40 508 2 27 22 2 0 28 10 4 0 6.0
24 46 80 40 62 32 40 5786 5 7 6 5 0 11 9 6 0 26 9 26 0 24 8 3 1 10 8 3 1 6.0
25 11 53 40 16 72 40 968 1 8 6 6 1 4.0
26 64 56 40 51 15 40 1648 2 10 8 5 0 11 7 7 0 4.0
27 11 45 40 43 57 40 4817 5 8 8 8 0 10 8 6 0 8 6 1 0 25 20 4 1 13 13 5 1 5.0
28 23 23 40 70 62 40 10163 1 17 17 6 0 4.0
29 50 74 40 46 38 40 9651 5 25 6 6 0 18 18 24 0 19 10 8 0 10 8 3 0 10 10 13 1 6.0
30 19 50 40 10 74 40 1474 2 10 9 8 0 8 7 11 0 5.0
31 65 23 40 20 38 40 9760 4 9 8 7 0 13 13 12 0 14 9 3 1 15 15 5 1 4.0
32 13 20 40 59 83 40 5801 5 15 10 15 0 11 8 2 0 8 8 8 0 9 8 5 1 8 6 7 1 4.0
33 59 30 40 61 72 40 3757 2 50 6 10 0 8 8 8 0 5.0
34 39 17 40 37 64 40 16684 3 38 25 10 0 14 9 1 0 18 14 10 0 5.0
35 23 77 40 10 60 40 8417 2 30 20 10 0 19 19 6 0 5.0
36 24 62 40 54 15 40 3690 2 21 17 8 0 15 15 15 0 6.0
37 24 19 40 67 53 40 9962 5 24 12 10 0 15 10 9 0 37 9 7 0 15 15 3 1 10 9 3 1 5.0
38 51 73 40 36 44 40 12024 3 8 8 8 0 35 18 8 0 15 13 8 1 4.0
39 12 78 40 46 51 40 6390 1 20 20 16 0 5.0
40 44 54 40 61 47 40 1764 1 8 8 15 0 4.0
41 39 67 40 30 54 40 231 1 11 8 5 1 6.0
42 45 83 40 17 23 40 11350 5 9 7 4 0 21 8 13 0 16 13 6 0 13 10 9 0 10 9 8 0 4.0
43 51 84 40 65 67 40 35678 2 25 20 10 0 15 15 15 0 4.0
44 17 60 40 57 78 40 15362 5 13 13 13 0 18 18 5 0 24 24 30 0 8 8 8 0 23 11 20 1 6.0
45 41 52 40 42 23 40 1220 2 16 11 19 0 26 25 3 1 6.0
46 18 44 40 22 71 40 42279 4 9 6 2 0 53 25 6 0 17 10 22 0 10 8 13 0 4.0
47 43 44 40 42 34 40 199 1 8 6 5 1 6.0
48 23 19 40 23 41 40 8314 5 10 6 2 0 12 10 8 0 12 11 7 0 13 11 9 0 20 20 10 1 5.0
49 26 74 40 25 36 40 16268 2 8 6 6 0 17 17 18 0 4.0
50 69 40 40 55 53 40 593 2 10 6 2 0 15 7 5 0 5.0
51 16 38 40 19 61 40 6100 4 18 14 10 0 13 6 4 0 9 6 13 0 15 15 15 1 6.0
52 36 52 40 40 80 40 12970 5 36 25 11 0 10 8 10 0 9 6 3 0 8 8 3 0 13 13 17 0 5.0
