5     53    45000 60    25    30   
0     40    50    0     40    50    1236  0     
1 35 25 40 38 70 40 2452 1 16 13 6 1 4.0
2 21 54 40 40 75 40 1764 2 11 7 2 0 11 10 11 0 5.0
3 21 66 40 23 39 40 587 1 10 10 7 0 6.0
4 59 63 40 34 69 40 45000 3 18 18 18 0 11 10 17 1 10 7 2 1 4.0
5 58 62 40 19 44 40 9766 3 16 16 10 0 39 25 28 0 18 18 6 1 6.0
6 45 19 40 26 45 40 11316 3 33 21 9 0 27 21 6 0 27 22 6 1 6.0
7 19 63 40 15 42 40 2560 2 21 21 6 0 14 8 5 1 6.0
8 63 66 40 65 34 40 2224 3 10 10 6 0 12 11 30 0 12 10 3 1 6.0
9 15 54 40 21 43 40 45000 3 25 17 30 0 60 25 3 0 11 11 1 0 4.0
10 45 21 40 55 46 40 972 1 10 7 4 1 4.0
11 39 29 40 21 40 40 2421 1 12 12 12 0 5.0
12 35 30 40 64 42 40 5539 2 27 18 3 0 13 13 10 0 4.0
13 19 60 40 44 81 40 1474 2 13 8 3 0 11 7 3 1 4.0
14 46 20 40 34 74 40 18130 2 18 18 24 0 27 25 17 1 5.0
15 64 57 40 26 39 40 10352 1 37 25 16 0 6.0
16 36 25 40 26 44 40 1862 2 10 10 3 0 13 8 10 0 5.0
17 47 31 40 44 74 40 1463 2 10 9 10 0 12 12 12 0 6.0
18 54 62 40 59 47 40 8691 3 36 24 5 0 30 25 4 0 24 19 4 1 5.0
19 65 65 40 58 34 40 45000 3 12 12 12 0 22 22 25 0 10 7 5 0 4.0
20 64 55 40 25 38 40 3533 2 22 5 6 0 33 7 10 1 5.0
21 34 31 40 64 43 40 1442 1 11 8 13 0 5.0
22 42 20 40 27 42 40 74 1 11 7 2 0 6.0
23 46 32 40 59 43 40 1103 3 13 13 13 0 10 8 7 0 15 10 15 0 6.0
24 41 24 40 36 79 40 901 2 9 8 5 0 12 10 7 0 6.0
25 42 27 40 22 46 40 9389 2 10 10 2 0 24 18 6 0 4.0
26 26 61 40 36 81 40 8530 3 14 10 7 0 11 8 11 0 14 13 16 1 4.0
27 24 58 40 23 36 40 1910 1 14 11 10 0 5.0
28 25 60 40 54 42 40 25062 2 14 13 14 0 12 12 12 0 4.0
29 60 58 40 47 81 40 8918 2 31 25 13 0 11 10 7 0 6.0
30 22 67 40 24 40 40 541 1 10 7 7 1 5.0
31 40 23 40 61 39 40 45000 3 18 18 12 0 21 16 12 0 60 25 9 1 4.0
32 66 60 40 23 44 40 17816 3 10 8 9 0 24 15 14 0 15 15 24 0 4.0
33 35 28 40 34 70 40 524 1 10 7 7 0 5.0
34 18 60 40 39 72 40 4835 3 32 25 2 0 33 12 4 0 8 7 6 1 5.0
35 60 66 40 40 79 40 938 1 13 10 7 0 5.0
36 34 28 40 25 40 40 6195 2 31 10 30 0 29 10 4 0 6.0
37 64 67 40 56 46 40 637 1 12 10 4 0 5.0
38 28 62 40 55 38 40 1924 2 10 7 7 0 12 9 6 0 4.0
39 24 56 40 34 80 40 2478 3 13 8 8 0 10 9 9 0 12 10 7 0 5.0
40 55 60 40 66 44 40 129 1 10 7 1 1 4.0
41 19 65 40 58 40 40 4068 3 30 24 5 1 15 15 6 1 20 20 7 1 6.0
42 24 63 40 17 47 40 2993 1 30 7 7 0 4.0
43 21 62 40 46 73 40 45000 2 22 22 28 0 22 12 10 0 4.0
44 26 57 40 61 40 40 2005 3 11 10 3 0 12 12 15 0 11 10 9 1 6.0
45 65 57 40 44 77 40 240 1 10 8 13 0 6.0
46 59 60 40 59 39 40 2635 1 10 10 8 0 4.0
47 61 59 40 35 73 40 3029 2 15 15 14 0 17 10 3 1 6.0
48 58 64 40 41 75 40 6650 2 18 18 6 0 18 12 18 0 5.0
49 16 59 40 42 80 40 3657 2 13 9 2 0 10 10 10 1 4.0
50 60 55 40 19 36 40 5657 3 11 10 5 0 10 7 8 0 60 7 12 1 5.0
51 62 55 40 24 36 40 12802 2 10 10 10 0 45 25 12 1 6.0
52 37 31 40 66 43 40 13061 2 17 11 1 0 22 17 12 0 4.0
53 25 63 40 60 46 40 12644 2 36 24 12 0 23 23 7 1 5.0
