5     53    45000 60    25    30   
0     40    50    0     40    50    1236  0     
1 24 69 40 33 32 40 2452 1 16 13 6 1 4.0
2 12 53 40 46 16 40 1764 2 11 7 2 0 11 10 11 0 5.0
3 31 51 40 40 79 40 587 1 10 10 7 0 6.0
4 54 81 40 67 29 40 45000 3 18 18 18 0 11 10 17 1 10 7 2 1 4.0
5 57 56 40 57 67 40 9766 3 16 16 10 0 39 25 28 0 18 18 6 1 6.0
6 51 77 40 53 17 40 11316 3 33 21 9 0 27 21 6 0 27 22 6 1 6.0
7 43 28 40 28 79 40 2560 2 21 21 6 0 14 8 5 1 6.0
8 40 24 40 23 76 40 2224 3 10 10 6 0 12 11 30 0 12 10 3 1 6.0
9 15 73 40 38 77 40 45000 3 25 17 30 0 60 25 3 0 11 11 1 0 4.0
10 28 71 40 50 54 40 972 1 10 7 4 1 4.0
11 37 67 40 40 82 40 2421 1 12 12 12 0 5.0
12 58 49 40 28 51 40 5539 2 27 18 3 0 13 13 10 0 4.0
13 66 43 40 21 74 40 1474 2 13 8 3 0 11 7 3 1 4.0
14 68 50 40 61 37 40 18130 2 18 18 24 0 27 25 17 1 5.0
15 63 44 40 23 19 40 10352 1 37 25 16 0 6.0
16 43 15 40 39 21 40 1862 2 10 10 3 0 13 8 10 0 5.0
17 14 28 40 45 23 40 1463 2 10 9 10 0 12 12 12 0 6.0
18 34 23 40 45 39 40 8691 3 36 24 5 0 30 25 4 0 24 19 4 1 5.0
19 65 23 40 17 46 40 45000 3 12 12 12 0 22 22 25 0 10 7 5 0 4.0
20 44 49 40 43 25 40 3533 2 22 5 6 0 33 7 10 1 5.0
21 13 38 40 33 75 40 1442 1 11 8 13 0 5.0
22 42 72 40 66 51 40 74 1 11 7 2 0 6.0
23 57 38 40 64 28 40 1103 3 13 13 13 0 10 8 7 0 15 10 15 0 6.0
24 13 34 40 22 55 40 901 2 9 8 5 0 12 10 7 0 6.0
25 52 62 40 64 74 40 9389 2 10 10 2 0 24 18 6 0 4.0
26 46 81 40 27 82 40 8530 3 14 10 7 0 11 8 11 0 14 13 16 1 4.0
27 62 76 40 19 58 40 1910 1 14 11 10 0 5.0
28 13 43 40 41 29 40 25062 2 14 13 14 0 12 12 12 0 4.0
29 27 26 40 15 42 40 8918 2 31 25 13 0 11 10 7 0 6.0
30 42 58 40 36 54 40 541 1 10 7 7 1 5.0
31 43 54 40 43 21 40 45000 3 18 18 12 0 21 16 12 0 60 25 9 1 4.0
32 23 33 40 15 80 40 17816 3 10 8 9 0 24 15 14 0 15 15 24 0 4.0
33 58 55 40 14 23 40 524 1 10 7 7 0 5.0
34 57 36 40 29 31 40 4835 3 32 25 2 0 33 12 4 0 8 7 6 1 5.0
35 36 49 40 21 41 40 938 1 13 10 7 0 5.0
36 42 59 40 27 54 40 6195 2 31 10 30 0 29 10 4 0 6.0
37 40 84 40 25 34 40 637 1 12 10 4 0 5.0
38 41 68 40 30 31 40 1924 2 10 7 7 0 12 9 6 0 4.0
39 16 47 40 11 61 40 2478 3 13 8 8 0 10 9 9 0 12 10 7 0 5.0
40 32 33 40 10 40 40 129 1 10 7 1 1 4.0
41 55 60 40 49 28 40 4068 3 30 24 5 1 15 15 6 1 20 20 7 1 6.0
42 25 15 40 34 31 40 2993 1 30 7 7 0 4.0
43 30 79 40 65 81 40 45000 2 22 22 28 0 22 12 10 0 4.0
44 43 73 40 54 40 40 2005 3 11 10 3 0 12 12 15 0 11 10 9 1 6.0
45 18 64 40 13 25 40 240 1 10 8 13 0 6.0
46 62 71 40 34 55 40 2635 1 10 10 8 0 4.0
47 13 81 40 35 28 40 3029 2 15 15 14 0 17 10 3 1 6.0
48 52 48 40 13 16 40 6650 2 18 18 6 0 18 12 18 0 5.0
49 62 26 40 37 50 40 3657 2 13 9 2 0 10 10 10 1 4.0
50 66 76 40 40 25 40 5657 3 11 10 5 0 10 7 8 0 60 7 12 1 5.0
51 39 84 40 31 73 40 12802 2 10 10 10 0 45 25 12 1 6.0
52 40 56 40 30 17 40 13061 2 17 11 1 0 22 17 12 0 4.0
53 30 74 40 11 25 40 12644 2 36 24 12 0 23 23 7 1 5.0
