5     53    45000 60    25    30   
0     40    50    0     40    50    1236  0     
1 39 30 40 35 71 40 21755 4 18 8 14 0 8 6 13 0 8 6 3 0 18 18 20 1 4.0
2 62 61 40 60 44 40 68 1 14 6 2 1 6.0
3 39 31 40 38 72 40 2481 3 10 10 7 0 20 10 10 0 15 15 15 1 6.0
4 62 64 40 66 39 40 31714 4 23 18 9 0 8 7 2 0 25 15 3 0 8 6 2 1 4.0
5 20 59 40 65 41 40 5340 1 31 25 30 0 6.0
6 23 66 40 46 75 40 2023 4 10 10 10 0 10 10 8 0 18 12 4 1 11 8 2 1 6.0
7 46 29 40 23 35 40 6045 4 10 10 8 0 10 10 9 0 14 10 7 0 14 14 4 1 5.0
8 56 56 40 40 80 40 8794 2 13 7 4 0 23 18 8 0 4.0
9 56 61 40 23 36 40 11949 4 18 17 9 0 15 15 15 0 13 9 6 0 8 8 6 0 5.0
10 20 62 40 58 40 40 2093 2 9 6 2 0 9 9 6 0 4.0
11 53 64 40 23 42 40 5804 2 24 19 8 0 10 8 5 1 5.0
12 63 65 40 43 70 40 6117 3 17 7 10 0 15 14 9 0 25 25 3 1 5.0
13 45 32 40 22 43 40 3189 2 15 8 5 0 10 8 6 0 4.0
14 44 20 40 62 44 40 3500 3 8 6 5 0 15 15 15 0 24 18 2 0 6.0
15 62 65 40 24 40 40 37105 5 12 8 3 0 30 15 3 0 22 10 7 0 25 18 10 0 43 23 27 1 5.0
16 26 58 40 46 82 40 8701 3 10 10 10 0 12 9 10 0 16 11 11 1 4.0
17 16 57 40 44 69 40 16760 5 35 6 6 0 18 10 30 0 8 6 5 0 10 6 3 0 36 13 8 1 5.0
18 64 60 40 47 76 40 14025 5 18 15 8 0 26 14 22 0 11 8 3 0 10 7 3 1 28 15 30 1 6.0
19 19 67 40 46 69 40 44147 4 53 20 5 0 30 25 6 1 8 6 15 1 28 16 6 1 4.0
20 38 19 40 16 40 40 6629 2 24 10 10 0 21 11 4 1 4.0
21 28 61 40 64 37 40 4047 2 11 11 11 0 25 17 4 0 5.0
22 41 24 40 21 47 40 3255 2 25 6 8 0 10 10 10 0 5.0
23 39 21 40 64 45 40 18961 4 15 8 8 0 24 13 9 0 20 10 13 0 13 13 3 1 4.0
24 21 67 40 56 36 40 5336 2 22 6 7 0 23 17 5 0 5.0
25 62 57 40 21 34 40 14392 3 9 6 4 0 16 11 11 0 10 10 6 0 4.0
26 57 66 40 53 39 40 949 1 23 11 20 0 6.0
27 16 60 40 47 80 40 1158 2 17 6 7 0 15 15 5 1 6.0
28 35 25 40 25 45 40 12814 1 15 15 10 0 4.0
29 38 30 40 25 43 40 7638 5 13 9 1 0 14 14 30 0 20 15 25 0 25 6 6 0 10 8 2 1 6.0
30 34 24 40 53 46 40 1942 2 21 14 11 0 13 8 8 0 6.0
31 59 56 40 34 75 40 25573 4 19 18 12 0 8 7 7 0 19 17 5 0 15 6 9 0 4.0
32 18 58 40 59 38 40 10528 4 10 8 3 0 10 10 7 0 20 15 25 0 9 9 6 1 5.0
33 20 64 40 36 73 40 10914 2 13 12 8 0 22 22 9 1 5.0
34 15 63 40 39 73 40 8135 4 8 6 1 0 12 10 7 1 14 14 3 1 12 9 7 1 4.0
35 60 55 40 54 40 40 2924 2 9 6 2 0 21 21 10 0 6.0
36 65 56 40 15 41 40 4062 2 16 16 17 0 23 18 8 0 6.0
37 54 63 40 28 35 40 2528 3 14 12 11 0 15 8 12 0 9 8 5 1 6.0
38 40 25 40 42 75 40 6827 4 8 8 6 0 16 11 19 0 8 6 1 0 43 25 5 1 6.0
39 22 65 40 40 71 40 4424 3 12 7 4 0 13 6 5 0 20 14 10 1 5.0
40 40 32 40 35 75 40 1324 1 15 8 8 0 5.0
41 20 54 40 56 35 40 12401 4 18 13 5 0 16 14 8 0 25 18 5 0 15 10 30 0 5.0
42 58 64 40 63 42 40 1027 3 13 13 5 0 10 10 10 0 13 13 13 1 6.0
43 28 57 40 21 36 40 30825 5 10 10 8 0 13 10 4 0 15 15 15 0 8 8 5 0 11 8 8 0 4.0
44 43 22 40 65 36 40 4040 4 23 18 8 0 10 8 6 0 9 8 7 0 8 8 8 1 5.0
45 16 56 40 16 35 40 3926 1 21 18 4 1 4.0
46 41 25 40 59 40 40 19632 5 18 18 9 0 18 13 7 0 12 7 2 0 10 8 3 0 35 7 4 1 4.0
47 59 64 40 44 81 40 1808 1 29 9 9 0 6.0
48 46 31 40 18 41 40 210 1 13 11 4 0 6.0
49 24 63 40 17 43 40 29941 5 17 12 13 0 10 9 7 0 20 15 15 0 8 6 5 1 16 16 19 1 4.0
50 39 32 40 20 47 40 1817 1 10 10 14 1 5.0
51 21 56 40 62 34 40 14563 4 17 8 30 0 19 18 30 0 14 9 5 1 9 8 7 1 5.0
52 57 64 40 43 69 40 21667 4 8 8 3 0 20 17 5 0 24 13 19 0 8 6 1 0 4.0
53 63 64 40 26 40 40 15962 5 9 8 4 0 10 8 1 0 18 6 5 0 8 7 8 0 21 21 15 1 4.0
