5     52    45000 60    25    30   
0     40    50    0     40    50    1236  0     
1 53 58 40 62 47 40 5505 2 17 8 13 0 8 6 12 1 4.0
2 20 57 40 17 39 40 2360 2 8 5 2 0 17 17 20 0 6.0
3 26 57 40 41 75 40 284 2 13 5 1 0 10 9 7 1 6.0
4 56 57 40 28 45 40 33695 2 20 10 10 0 15 15 15 0 4.0
5 47 21 40 34 70 40 6171 5 23 17 9 0 8 6 1 0 25 15 2 0 8 6 1 1 30 25 30 1 6.0
6 56 66 40 40 76 40 1282 2 10 10 10 0 10 10 8 1 6.0
7 21 60 40 16 34 40 4979 5 18 12 3 0 11 7 1 0 10 10 7 0 9 9 8 1 13 10 6 1 5.0
8 39 31 40 59 35 40 14548 4 13 13 3 0 13 7 4 0 22 17 7 0 18 16 9 1 4.0
9 43 28 40 64 40 40 7892 5 15 15 15 0 13 9 6 0 8 7 5 1 8 6 1 1 9 8 5 1 5.0
10 37 30 40 22 40 40 21122 4 24 18 7 0 10 7 5 0 16 6 9 0 15 13 9 1 4.0
11 28 65 40 40 71 40 1792 1 25 25 2 1 5.0
12 54 54 40 63 35 40 1432 3 15 8 5 0 10 8 5 0 8 5 4 0 5.0
13 44 27 40 23 40 40 19953 5 15 15 15 0 23 17 2 0 11 7 3 1 30 15 2 1 21 10 7 1 4.0
14 27 60 40 64 42 40 22813 2 25 17 10 0 42 22 27 0 6.0
15 19 62 40 47 69 40 2148 2 10 10 10 0 11 9 10 0 5.0
16 65 56 40 56 46 40 5091 2 15 10 10 0 34 5 5 0 4.0
17 16 57 40 17 43 40 15567 5 17 10 30 0 8 5 4 0 9 5 2 0 35 12 7 0 18 14 7 0 5.0
18 40 26 40 34 77 40 12067 4 26 13 22 0 11 7 3 0 10 6 3 0 27 15 30 1 6.0
19 40 29 40 20 44 40 29915 2 52 20 5 1 30 25 5 1 4.0
20 21 57 40 65 47 40 1436 1 8 6 15 0 4.0
21 54 67 40 26 43 40 9404 5 28 16 5 0 24 9 9 0 20 11 3 0 10 10 10 0 25 16 3 1 5.0
22 21 67 40 56 37 40 3033 2 25 6 7 0 10 10 10 0 5.0
23 59 60 40 36 79 40 9449 2 15 7 7 0 23 13 9 0 4.0
24 55 67 40 42 75 40 10278 5 20 10 12 0 12 12 2 0 21 6 7 0 23 16 5 1 9 5 3 1 5.0
25 22 63 40 21 37 40 7844 1 15 10 10 1 4.0
26 65 67 40 35 79 40 1014 2 10 10 6 0 23 11 19 0 6.0
27 15 54 40 59 39 40 6212 5 17 5 6 0 15 15 5 0 15 15 10 0 12 8 1 1 14 14 30 1 6.0
28 62 60 40 39 71 40 42714 1 20 15 25 0 4.0
29 21 58 40 21 39 40 4456 5 25 6 6 0 10 8 2 0 21 14 11 0 13 8 8 0 18 17 11 1 6.0
30 53 66 40 39 81 40 863 2 8 6 6 0 19 16 5 0 6.0
31 38 19 40 20 46 40 33492 4 15 5 9 0 9 7 3 0 10 10 7 1 20 15 25 1 4.0
32 27 58 40 39 73 40 7094 5 9 9 6 0 12 11 7 0 22 22 8 0 8 5 1 1 11 9 7 1 5.0
33 66 60 40 46 70 40 1858 2 13 13 2 0 11 8 7 0 4.0
34 40 30 40 65 41 40 27465 3 8 6 2 0 20 20 9 0 16 15 16 0 4.0
35 35 23 40 26 36 40 2704 2 22 17 7 0 13 12 10 0 6.0
36 28 67 40 59 40 40 806 2 14 8 11 0 9 8 4 0 6.0
37 61 55 40 15 39 40 6104 5 8 8 6 0 16 10 18 0 8 5 1 0 42 25 5 1 12 7 3 1 6.0
38 56 59 40 23 35 40 3029 3 12 5 5 0 20 14 10 0 15 8 8 1 6.0
39 57 64 40 63 42 40 1280 1 17 12 5 0 5.0
40 37 23 40 44 74 40 2318 1 15 14 8 0 5.0
41 17 64 40 38 75 40 2873 1 25 18 5 1 5.0
42 38 20 40 40 79 40 2165 5 15 10 30 0 13 12 5 0 10 9 9 0 12 12 12 0 10 10 7 0 6.0
43 27 62 40 17 41 40 20520 2 12 9 4 0 15 15 15 0 4.0
44 65 61 40 55 40 40 3688 5 8 8 5 0 11 8 8 0 22 17 7 0 9 7 5 0 9 8 6 1 5.0
45 40 24 40 53 39 40 4110 2 8 8 8 0 21 17 3 1 4.0
46 34 20 40 63 46 40 13834 4 17 17 8 0 17 13 7 0 12 7 2 0 10 8 2 0 4.0
47 45 23 40 59 37 40 628 1 34 6 4 1 6.0
48 28 64 40 43 75 40 3366 5 28 8 8 0 12 11 4 0 16 12 12 0 10 8 7 0 19 14 15 1 6.0
49 44 25 40 18 40 40 9782 2 8 5 4 0 15 15 18 0 4.0
50 63 57 40 16 45 40 6801 2 10 10 14 0 16 8 30 0 5.0
51 37 20 40 64 38 40 10217 4 18 18 30 0 14 9 5 0 9 7 6 0 8 8 2 1 5.0
52 59 66 40 36 73 40 6635 5 20 17 5 0 24 12 18 0 8 5 1 0 8 7 4 0 10 8 1 0 5.0
