5     52    45000 60    25    30   
0     40    50    0     40    50    1236  0     
1 53 58 40 62 47 40 2755 2 16 13 6 0 11 7 2 1 4.0
2 20 57 40 17 39 40 2470 2 11 10 11 0 10 10 7 0 5.0
3 26 57 40 41 75 40 4889 1 18 18 18 0 6.0
4 56 57 40 28 45 40 29831 2 11 10 17 0 10 7 2 1 4.0
5 47 21 40 34 70 40 786 1 16 16 10 0 6.0
6 56 66 40 40 76 40 23398 1 39 25 28 0 6.0
7 21 60 40 16 34 40 9249 3 18 18 6 0 33 21 9 0 27 21 6 0 6.0
8 39 31 40 59 35 40 3060 3 27 22 6 0 21 21 6 0 14 8 5 0 6.0
9 43 28 40 64 40 40 12778 3 10 10 6 0 12 11 30 0 12 10 3 1 4.0
10 37 30 40 22 40 40 45000 3 25 17 30 0 60 25 3 0 11 11 1 0 4.0
11 28 65 40 40 71 40 2814 2 10 7 4 0 12 12 12 0 5.0
12 54 54 40 63 35 40 2565 1 27 18 3 1 4.0
13 44 27 40 23 40 40 6060 3 13 13 10 0 13 8 3 1 11 7 3 1 4.0
14 27 60 40 64 42 40 7323 1 18 18 24 0 5.0
15 19 62 40 47 69 40 8027 1 27 25 17 0 6.0
16 65 56 40 56 46 40 20568 1 37 25 16 0 5.0
17 16 57 40 17 43 40 746 2 10 10 3 0 13 8 10 0 6.0
18 40 26 40 34 77 40 6604 3 10 9 10 0 12 12 12 0 36 24 5 1 5.0
19 40 29 40 20 44 40 27045 1 30 25 4 0 4.0
20 21 57 40 65 47 40 2170 1 24 19 4 0 5.0
21 54 67 40 26 43 40 17866 3 12 12 12 0 22 22 25 1 10 7 5 1 5.0
22 21 67 40 56 37 40 1403 2 22 5 6 0 32 7 10 1 6.0
23 59 60 40 36 79 40 252 1 11 8 13 0 6.0
24 55 67 40 42 75 40 1766 2 11 7 2 0 13 13 13 0 6.0
25 22 63 40 21 37 40 9450 2 10 8 7 0 15 10 15 0 4.0
26 65 67 40 35 79 40 632 1 9 8 5 1 4.0
27 15 54 40 59 39 40 4504 3 12 10 7 0 10 10 2 0 24 18 6 1 5.0
28 62 60 40 39 71 40 11418 2 14 10 7 0 11 8 11 1 4.0
29 21 58 40 21 39 40 5756 3 14 13 16 0 14 11 10 0 14 13 14 1 6.0
30 53 66 40 39 81 40 1906 1 12 12 12 0 5.0
31 38 19 40 20 46 40 26233 2 31 25 13 0 11 10 7 0 4.0
32 27 58 40 39 73 40 13426 3 10 7 7 0 18 18 12 0 21 16 12 1 4.0
33 66 60 40 46 70 40 15214 2 60 25 9 0 10 8 9 0 5.0
34 40 30 40 65 41 40 14340 2 24 15 14 1 15 15 24 1 5.0
35 35 23 40 26 36 40 2154 2 10 7 7 0 32 25 2 0 5.0
36 28 67 40 59 40 40 938 1 33 12 4 1 6.0
37 61 55 40 15 39 40 13996 3 8 7 6 0 13 10 7 0 31 10 30 1 5.0
38 56 59 40 23 35 40 3601 3 29 10 4 0 12 10 4 0 10 7 7 1 4.0
39 57 64 40 63 42 40 1478 2 12 9 6 1 13 8 8 1 5.0
40 37 23 40 44 74 40 3032 2 10 9 9 0 12 10 7 0 4.0
41 17 64 40 38 75 40 1926 2 10 7 1 0 30 24 5 1 6.0
42 38 20 40 40 79 40 8451 2 15 15 6 0 20 20 7 0 4.0
43 27 62 40 17 41 40 45000 2 30 7 7 0 22 22 28 0 4.0
44 65 61 40 55 40 40 2955 3 22 12 10 0 11 10 3 0 12 12 15 0 6.0
45 40 24 40 53 39 40 468 2 11 10 9 0 10 8 13 1 6.0
46 34 20 40 63 46 40 13008 2 10 10 8 0 15 15 14 0 4.0
47 45 23 40 59 37 40 2031 2 17 10 3 0 18 18 6 0 6.0
48 28 64 40 43 75 40 5841 3 18 12 18 0 13 9 2 0 10 10 10 0 5.0
49 44 25 40 18 40 40 1630 1 11 10 5 1 4.0
50 63 57 40 16 45 40 5151 2 10 7 8 0 60 7 12 0 5.0
51 37 20 40 64 38 40 12967 3 10 10 10 0 45 25 12 0 17 11 1 1 6.0
52 59 66 40 36 73 40 4180 1 22 17 12 0 5.0
