5     52    45000 60    25    30   
0     40    50    0     40    50    1236  0     
1 26 48 40 64 38 40 28260 2 10 10 10 0 23 18 8 1 4.0
2 34 70 40 17 45 40 4760 2 44 6 26 0 16 9 9 0 6.0
3 15 40 40 30 84 40 126 2 12 7 3 0 11 6 1 1 6.0
4 21 42 40 52 73 40 2170 2 8 5 5 0 10 10 8 0 4.0
5 64 62 40 23 58 40 3781 5 16 11 6 0 8 5 5 0 18 13 14 0 9 5 3 1 8 7 3 1 6.0
6 69 67 40 20 29 40 25688 2 10 10 10 0 18 18 18 1 4.0
7 49 68 40 43 28 40 12598 5 18 7 2 0 10 10 14 0 11 10 6 0 8 5 1 1 10 8 6 1 4.0
8 19 74 40 14 76 40 1760 4 15 15 15 0 8 7 5 0 10 10 12 0 12 10 10 1 6.0
9 15 41 40 17 16 40 19196 5 52 25 1 0 15 15 15 0 46 12 6 1 11 8 1 1 14 12 9 1 5.0
10 20 83 40 44 17 40 7326 4 8 8 2 0 9 5 4 0 34 5 5 0 33 17 4 1 4.0
11 55 62 40 64 26 40 129 1 11 5 2 1 5.0
12 12 16 40 68 18 40 19463 3 10 9 3 0 13 7 5 0 31 25 20 0 5.0
13 30 28 40 32 42 40 4790 5 9 5 9 0 12 4 13 0 25 5 5 1 8 8 2 1 10 8 3 1 4.0
14 14 34 40 54 31 40 7219 2 12 12 10 0 22 22 22 0 6.0
15 46 24 40 16 43 40 4084 2 9 6 3 0 27 20 5 0 5.0
16 67 38 40 27 50 40 1976 2 8 8 8 0 12 7 7 0 5.0
17 51 21 40 26 34 40 7363 5 27 23 9 0 18 14 27 0 9 8 9 0 10 7 4 0 30 14 21 0 6.0
18 33 56 40 52 42 40 11114 4 8 5 1 0 19 7 11 0 28 17 10 0 30 20 20 1 6.0
19 42 42 40 68 35 40 12182 2 28 25 8 1 30 25 4 1 5.0
20 11 36 40 64 40 40 8784 1 25 18 17 0 5.0
21 60 69 40 38 63 40 23136 5 30 9 10 0 17 12 11 0 8 5 5 0 10 8 10 0 24 10 2 1 4.0
22 18 25 40 19 42 40 26675 2 18 15 15 0 30 14 10 0 4.0
23 52 60 40 69 84 40 206 2 10 8 2 0 8 6 2 0 6.0
24 46 80 40 62 32 40 8156 5 32 22 18 0 12 10 8 0 8 5 3 0 10 10 10 1 10 9 6 1 6.0
25 11 53 40 16 72 40 16109 1 46 20 5 1 4.0
26 64 56 40 51 15 40 3183 2 10 8 15 0 18 18 5 0 5.0
27 11 45 40 43 57 40 12884 5 29 21 11 0 11 7 7 0 22 7 5 0 16 11 1 1 8 8 13 1 5.0
28 23 23 40 70 62 40 2380 1 18 10 15 0 6.0
29 50 74 40 46 38 40 5852 5 8 8 8 0 10 10 5 0 9 7 7 0 30 7 7 0 10 10 10 1 5.0
30 19 50 40 10 74 40 2738 2 9 6 8 0 16 12 2 0 4.0
31 65 23 40 20 38 40 29095 4 14 11 6 0 17 10 30 0 26 6 6 1 8 8 5 1 4.0
32 13 20 40 59 83 40 9039 5 26 25 3 0 25 9 10 0 10 5 2 0 17 17 6 1 17 6 1 1 5.0
33 59 30 40 61 72 40 752 2 33 6 4 0 20 15 2 0 6.0
34 39 17 40 37 64 40 10335 3 12 12 8 0 8 8 5 0 17 11 11 0 4.0
35 23 77 40 10 60 40 562 2 10 8 4 0 10 5 2 0 5.0
36 24 62 40 54 15 40 2808 2 15 11 6 0 8 8 6 0 4.0
37 24 19 40 67 53 40 39818 5 12 9 1 0 15 11 25 0 8 5 2 0 10 10 7 1 17 17 2 1 4.0
38 51 73 40 36 44 40 2281 3 8 7 6 0 18 10 12 0 10 10 5 1 6.0
39 12 78 40 46 51 40 325 1 8 5 3 0 4.0
40 44 54 40 61 47 40 28141 1 21 16 14 0 4.0
41 39 67 40 30 54 40 403 1 8 8 13 1 6.0
42 45 83 40 17 23 40 5716 5 9 7 6 0 10 10 13 0 17 12 11 0 20 20 16 0 10 8 5 0 6.0
43 51 84 40 65 67 40 3024 2 21 7 12 0 9 9 1 0 5.0
44 17 60 40 57 78 40 12733 5 25 6 6 0 20 15 10 0 27 8 25 0 16 12 6 0 9 6 1 1 5.0
45 41 52 40 42 23 40 6166 2 9 5 2 0 18 12 27 1 6.0
46 18 44 40 22 71 40 45000 4 32 25 30 0 8 6 3 0 13 8 6 0 8 6 4 0 4.0
47 43 44 40 42 34 40 5642 1 9 9 9 1 4.0
48 23 19 40 23 41 40 12259 5 8 6 8 0 10 8 7 0 28 24 19 0 8 5 5 0 21 16 5 1 6.0
49 26 74 40 25 36 40 854 2 13 7 4 0 9 5 2 0 5.0
50 69 40 40 55 53 40 6261 2 10 10 17 0 15 15 17 0 5.0
51 16 38 40 19 61 40 2150 4 9 5 1 0 8 6 6 0 22 13 4 0 10 10 10 1 6.0
52 36 52 40 40 80 40 8769 5 25 8 7 0 11 8 14 0 14 11 11 0 15 13 6 0 13 13 5 0 5.0
