5     53    45000 60    25    30   
0     40    50    0     40    50    1236  0     
1 53 66 40 53 82 40 8412 2 20 9 15 0 9 7 14 1 4.0
2 18 73 40 42 38 40 3771 2 9 6 3 0 20 20 23 1 6.0
3 21 52 40 45 75 40 74 1 15 6 2 1 6.0
4 36 74 40 65 62 40 45000 3 11 11 8 0 23 11 11 0 17 17 17 0 4.0
5 24 51 40 42 15 40 1551 3 26 20 10 0 9 7 2 0 28 17 3 1 6.0
6 33 76 40 40 16 40 18671 3 9 7 2 0 33 25 30 0 11 11 11 0 6.0
7 64 54 40 68 30 40 4232 3 11 11 9 0 20 14 4 0 12 9 2 0 5.0
8 63 58 40 55 60 40 8263 3 11 11 9 0 11 11 10 0 15 11 7 0 4.0
9 48 30 40 18 25 40 2484 2 15 15 4 0 15 8 5 0 5.0
10 17 27 40 60 17 40 45000 3 26 20 9 0 20 19 10 1 17 17 17 1 4.0
11 16 31 40 59 49 40 2202 2 15 10 7 0 9 9 6 0 5.0
12 45 32 40 48 50 40 173 1 10 7 2 1 5.0
13 66 40 40 35 65 40 16838 2 10 10 6 0 27 21 9 0 4.0
14 42 37 40 48 62 40 464 1 11 9 6 0 6.0
15 51 45 40 57 52 40 4331 2 19 7 11 0 17 15 10 0 5.0
16 43 26 40 30 55 40 7826 3 28 25 3 0 17 9 6 0 11 9 6 0 4.0
17 14 67 40 11 23 40 9698 3 9 6 5 0 17 17 17 0 27 20 2 0 5.0
18 12 40 40 53 31 40 2533 3 13 9 3 0 34 17 3 0 24 11 8 0 6.0
19 12 75 40 12 70 40 45000 3 28 19 11 0 46 25 30 1 11 11 11 1 4.0
20 40 55 40 34 70 40 2852 1 13 10 11 0 4.0
21 14 49 40 61 55 40 5335 2 18 12 12 0 39 6 6 1 5.0
22 26 82 40 49 45 40 9766 1 20 11 30 0 5.0
23 29 27 40 32 21 40 1291 2 9 6 5 0 11 6 3 1 4.0
24 10 73 40 47 20 40 14680 2 40 14 9 0 20 16 9 1 5.0
25 62 65 40 17 57 40 45000 1 29 15 25 0 4.0
26 15 51 40 15 32 40 3069 3 12 9 3 0 11 7 3 0 31 17 30 0 6.0
27 44 73 40 14 74 40 8428 2 60 23 6 0 34 25 6 1 6.0
28 36 19 40 69 57 40 25782 2 9 7 17 0 32 18 6 0 4.0
29 33 31 40 13 48 40 2293 2 27 11 11 0 23 12 4 0 6.0
30 64 21 40 16 28 40 825 1 12 12 12 1 6.0
31 44 37 40 47 85 40 19299 3 28 19 4 0 28 7 9 0 11 11 11 0 4.0
32 65 17 40 70 46 40 6401 2 17 9 9 0 27 15 10 0 5.0
33 55 15 40 65 46 40 6898 1 23 11 14 0 5.0
34 16 59 40 66 27 40 17844 3 14 14 3 0 24 7 8 0 26 19 6 1 4.0
35 45 43 40 17 42 40 1833 2 10 6 4 1 18 12 12 1 6.0
36 16 35 40 33 41 40 449 1 11 11 7 0 6.0
37 31 58 40 45 70 40 4758 1 26 12 22 0 6.0
38 51 71 40 39 56 40 1889 2 19 6 7 0 17 17 6 0 6.0
39 57 48 40 40 83 40 3989 1 17 17 11 0 5.0
40 15 42 40 20 79 40 193 1 14 10 1 0 5.0
41 12 38 40 65 66 40 25537 3 16 16 30 1 23 17 28 1 28 7 7 1 5.0
42 13 30 40 34 24 40 50 1 11 9 2 0 6.0
43 48 84 40 41 29 40 31386 2 24 16 12 0 15 9 9 1 4.0
44 67 64 40 25 47 40 7066 3 21 20 13 0 9 7 7 0 22 19 6 1 5.0
45 39 44 40 21 22 40 2648 1 17 6 10 0 4.0
46 69 37 40 65 74 40 4180 2 11 9 3 0 11 11 8 0 4.0
47 61 23 40 37 48 40 10224 3 23 17 28 0 10 10 7 0 14 13 9 1 6.0
48 40 82 40 17 76 40 2293 1 25 25 10 1 6.0
49 31 76 40 36 17 40 2784 2 9 6 1 0 13 11 8 1 4.0
50 56 48 40 16 69 40 876 1 15 15 3 0 5.0
51 41 44 40 51 67 40 1111 2 13 10 8 0 10 7 2 0 5.0
52 53 54 40 34 78 40 32977 2 23 23 11 0 18 18 19 1 4.0
53 57 47 40 15 27 40 14418 2 26 20 9 0 15 14 12 0 4.0
