5     53    45000 60    25    30   
0     40    50    0     40    50    1236  0     
1 35 25 40 38 70 40 8723 1 11 11 11 1 4.0
2 21 54 40 40 75 40 9113 2 26 21 9 0 51 7 30 0 6.0
3 21 66 40 23 39 40 711 1 18 10 10 0 6.0
4 59 63 40 34 69 40 2071 3 14 8 4 0 13 7 2 1 9 6 6 1 4.0
5 58 62 40 19 44 40 2535 3 12 11 9 0 19 13 7 0 9 6 6 1 6.0
6 45 19 40 26 45 40 20540 3 21 15 16 0 10 6 3 0 9 9 3 1 4.0
7 19 63 40 15 42 40 45000 2 11 11 11 0 21 21 21 1 4.0
8 63 66 40 65 34 40 1152 3 21 9 3 0 12 12 16 0 13 12 7 1 6.0
9 15 54 40 21 43 40 11333 3 9 6 1 0 11 9 7 0 17 17 17 0 5.0
10 45 21 40 55 46 40 1163 1 10 9 6 1 4.0
11 39 29 40 21 40 40 2367 1 12 12 14 0 5.0
12 35 30 40 64 42 40 5631 2 14 11 11 0 60 25 2 0 5.0
13 19 60 40 44 81 40 23941 2 17 17 17 0 53 14 7 1 4.0
14 46 20 40 34 74 40 1633 2 13 9 1 0 17 14 11 1 6.0
15 64 57 40 26 39 40 347 1 9 9 3 0 5.0
16 36 25 40 26 44 40 3126 2 10 6 5 0 40 6 6 0 5.0
17 47 31 40 44 74 40 1375 2 39 20 5 0 13 6 3 0 6.0
18 54 62 40 59 47 40 13236 3 11 10 3 0 15 8 6 0 36 25 23 1 6.0
19 65 65 40 58 34 40 3901 3 11 6 10 0 14 5 15 0 29 6 6 0 5.0
20 64 55 40 25 38 40 775 2 9 9 3 0 12 9 4 1 5.0
21 34 31 40 64 43 40 7765 1 14 14 11 0 4.0
22 42 20 40 27 42 40 45000 1 26 25 26 0 4.0
23 46 32 40 59 43 40 4370 3 10 7 4 0 32 23 6 0 9 9 9 0 6.0
24 41 24 40 36 79 40 5298 2 14 9 9 0 32 25 11 0 6.0
25 42 27 40 22 46 40 39536 2 21 16 30 0 11 10 11 0 4.0
26 26 61 40 36 81 40 16979 3 12 9 5 0 34 17 25 0 9 6 1 1 5.0
27 24 58 40 23 36 40 3678 1 22 9 13 0 5.0
28 25 60 40 54 42 40 21746 2 32 19 11 0 34 23 23 0 6.0
29 60 58 40 47 81 40 18274 2 32 25 10 0 34 25 5 0 5.0
30 22 67 40 24 40 40 38828 1 29 21 19 1 4.0
31 40 23 40 61 39 40 33052 3 34 11 12 0 19 14 13 0 9 6 6 1 4.0
32 66 60 40 23 44 40 13293 3 12 9 12 0 28 11 3 0 21 18 18 0 5.0
33 35 28 40 34 70 40 3435 1 34 17 11 0 6.0
34 18 60 40 39 72 40 45000 3 11 9 3 0 9 7 2 0 37 25 21 1 4.0
35 60 66 40 40 79 40 2061 1 14 11 10 0 5.0
36 34 28 40 25 40 40 3052 2 9 6 3 0 11 11 11 0 4.0
37 64 67 40 56 46 40 5484 1 11 10 7 0 4.0
38 28 62 40 55 38 40 6849 2 53 23 6 0 11 9 17 0 6.0
39 24 56 40 34 80 40 37325 3 21 21 6 0 33 24 13 0 13 8 8 0 4.0
40 55 60 40 66 44 40 8399 1 26 9 6 1 4.0
41 19 65 40 58 40 40 2749 3 19 13 1 1 10 10 15 1 21 11 17 1 6.0
42 24 63 40 17 47 40 533 1 10 10 10 0 6.0
43 21 62 40 46 73 40 2344 2 11 11 6 0 11 8 8 0 5.0
44 26 57 40 61 40 40 5714 3 34 9 9 0 11 11 11 0 10 7 9 1 5.0
45 65 57 40 44 77 40 554 1 19 14 2 0 6.0
46 59 60 40 59 39 40 5058 1 16 13 7 0 4.0
47 61 59 40 35 73 40 45000 2 20 11 30 0 30 7 7 1 4.0
48 58 64 40 41 75 40 2151 2 9 9 6 0 30 25 3 0 6.0
49 16 59 40 42 80 40 6974 2 29 11 11 0 11 6 3 1 5.0
50 60 55 40 19 36 40 5037 3 20 20 7 0 20 7 2 0 39 7 5 1 5.0
51 62 55 40 24 36 40 2550 2 23 17 3 0 14 14 9 1 6.0
52 37 31 40 66 43 40 15338 2 9 9 6 0 19 13 13 0 4.0
53 25 63 40 60 46 40 1043 2 12 10 5 0 11 6 3 1 5.0
