5     53    45000 60    25    30   
0     40    50    0     40    50    1236  0     
1 17 55 40 56 46 40 21755 4 18 8 14 0 8 6 13 0 8 6 3 0 18 18 20 1 4.0
2 20 50 40 23 51 40 68 1 14 6 2 1 6.0
3 44 20 40 25 46 40 2481 3 10 10 7 0 20 10 10 0 15 15 15 1 6.0
4 54 53 40 23 46 40 31714 4 23 18 9 0 8 7 2 0 25 15 3 0 8 6 2 1 4.0
5 40 27 40 25 56 40 5340 1 31 25 30 0 6.0
6 45 76 40 27 51 40 2023 4 10 10 10 0 10 10 8 0 18 12 4 1 11 8 2 1 6.0
7 60 46 40 67 57 40 6045 4 10 10 8 0 10 10 9 0 14 10 7 0 14 14 4 1 5.0
8 16 51 40 34 29 40 8794 2 13 7 4 0 23 18 8 0 4.0
9 66 50 40 63 45 40 11949 4 18 17 9 0 15 15 15 0 13 9 6 0 8 8 6 0 5.0
10 35 76 40 41 29 40 2093 2 9 6 2 0 9 9 6 0 4.0
11 38 23 40 56 50 40 5804 2 24 19 8 0 10 8 5 1 5.0
12 44 31 40 15 50 40 6117 3 17 7 10 0 15 14 9 0 25 25 3 1 5.0
13 39 80 40 55 47 40 3189 2 15 8 5 0 10 8 6 0 4.0
14 14 57 40 36 30 40 3500 3 8 6 5 0 15 15 15 0 24 18 2 0 6.0
15 46 28 40 46 20 40 37105 5 12 8 3 0 30 15 3 0 22 10 7 0 25 18 10 0 43 23 27 1 5.0
16 15 52 40 58 45 40 8701 3 10 10 10 0 12 9 10 0 16 11 11 1 4.0
17 57 47 40 43 27 40 16760 5 35 6 6 0 18 10 30 0 8 6 5 0 10 6 3 0 36 13 8 1 5.0
18 59 48 40 37 72 40 14025 5 18 15 8 0 26 14 22 0 11 8 3 0 10 7 3 1 28 15 30 1 6.0
19 44 70 40 22 49 40 44147 4 53 20 5 0 30 25 6 1 8 6 15 1 28 16 6 1 4.0
20 40 24 40 46 27 40 6629 2 24 10 10 0 21 11 4 1 4.0
21 34 31 40 35 78 40 4047 2 11 11 11 0 25 17 4 0 5.0
22 42 76 40 35 23 40 3255 2 25 6 8 0 10 10 10 0 5.0
23 37 79 40 45 21 40 18961 4 15 8 8 0 24 13 9 0 20 10 13 0 13 13 3 1 4.0
24 43 75 40 67 53 40 5336 2 22 6 7 0 23 17 5 0 5.0
25 37 30 40 27 46 40 14392 3 9 6 4 0 16 11 11 0 10 10 6 0 4.0
26 26 52 40 36 72 40 949 1 23 11 20 0 6.0
27 62 56 40 17 54 40 1158 2 17 6 7 0 15 15 5 1 6.0
28 44 81 40 58 57 40 12814 1 15 15 10 0 4.0
29 61 49 40 37 25 40 7638 5 13 9 1 0 14 14 30 0 20 15 25 0 25 6 6 0 10 8 2 1 6.0
30 61 52 40 40 78 40 1942 2 21 14 11 0 13 8 8 0 6.0
31 19 49 40 23 53 40 25573 4 19 18 12 0 8 7 7 0 19 17 5 0 15 6 9 0 4.0
32 40 81 40 46 80 40 10528 4 10 8 3 0 10 10 7 0 20 15 25 0 9 9 6 1 5.0
33 40 73 40 46 79 40 10914 2 13 12 8 0 22 22 9 1 5.0
34 15 56 40 65 55 40 8135 4 8 6 1 0 12 10 7 1 14 14 3 1 12 9 7 1 4.0
35 36 29 40 46 25 40 2924 2 9 6 2 0 21 21 10 0 6.0
36 38 32 40 45 72 40 4062 2 16 16 17 0 23 18 8 0 6.0
37 16 54 40 61 54 40 2528 3 14 12 11 0 15 8 12 0 9 8 5 1 6.0
38 38 69 40 35 75 40 6827 4 8 8 6 0 16 11 19 0 8 6 1 0 43 25 5 1 6.0
39 20 55 40 56 53 40 4424 3 12 7 4 0 13 6 5 0 20 14 10 1 5.0
40 43 79 40 65 51 40 1324 1 15 8 8 0 5.0
41 47 78 40 14 55 40 12401 4 18 13 5 0 16 14 8 0 25 18 5 0 15 10 30 0 5.0
42 16 56 40 37 80 40 1027 3 13 13 5 0 10 10 10 0 13 13 13 1 6.0
43 42 20 40 67 45 40 30825 5 10 10 8 0 13 10 4 0 15 15 15 0 8 8 5 0 11 8 8 0 4.0
44 37 70 40 34 21 40 4040 4 23 18 8 0 10 8 6 0 9 8 7 0 8 8 8 1 5.0
45 24 50 40 59 50 40 3926 1 21 18 4 1 4.0
46 34 73 40 39 22 40 19632 5 18 18 9 0 18 13 7 0 12 7 2 0 10 8 3 0 35 7 4 1 4.0
47 54 44 40 35 19 40 1808 1 29 9 9 0 6.0
48 67 52 40 25 44 40 210 1 13 11 4 0 6.0
49 45 27 40 25 45 40 29941 5 17 12 13 0 10 9 7 0 20 15 15 0 8 6 5 1 16 16 19 1 4.0
50 38 74 40 21 55 40 1817 1 10 10 14 1 5.0
51 35 73 40 59 49 40 14563 4 17 8 30 0 19 18 30 0 14 9 5 1 9 8 7 1 5.0
52 38 30 40 56 51 40 21667 4 8 8 3 0 20 17 5 0 24 13 19 0 8 6 1 0 4.0
53 58 47 40 42 79 40 15962 5 9 8 4 0 10 8 1 0 18 6 5 0 8 7 8 0 21 21 15 1 4.0
