5     52    45000 60    25    30   
0     40    50    0     40    50    1236  0     
1 44 70 40 34 24 40 1617 2 13 11 5 0 9 6 2 1 4.0
2 36 21 40 14 47 40 1439 2 9 9 9 0 8 8 6 0 5.0
3 57 56 40 45 75 40 3886 2 15 15 15 0 10 9 14 1 6.0
4 41 80 40 40 19 40 27605 2 8 6 2 0 14 14 9 0 4.0
5 46 78 40 55 49 40 8484 5 33 24 23 0 15 15 5 0 28 18 8 0 23 18 5 1 23 19 5 1 6.0
6 23 51 40 45 20 40 1748 2 18 18 5 0 12 7 5 1 6.0
7 16 50 40 57 46 40 11938 5 8 8 5 0 10 10 26 0 10 8 3 0 21 15 26 1 50 24 3 1 6.0
8 21 52 40 56 50 40 1021 4 9 9 1 0 8 6 3 0 10 10 10 0 23 15 3 1 6.0
9 39 70 40 25 48 40 34503 5 11 11 8 0 11 7 3 0 10 6 3 1 15 15 20 1 23 23 14 1 4.0
10 60 45 40 38 26 40 40757 4 31 24 14 0 8 8 3 0 11 7 8 0 8 8 8 1 4.0
11 20 46 40 43 70 40 1401 1 10 10 10 1 5.0
12 47 31 40 42 24 40 10874 3 30 20 4 0 25 25 4 0 20 16 4 0 4.0
13 56 48 40 64 57 40 28610 5 10 10 10 0 19 19 21 0 9 6 4 1 18 5 5 1 27 6 8 1 4.0
14 40 82 40 36 23 40 754 2 9 7 11 0 9 6 2 0 5.0
15 37 32 40 18 53 40 1195 2 11 11 11 0 9 7 6 0 6.0
16 57 49 40 56 57 40 2425 2 13 9 13 0 8 7 4 0 5.0
17 45 30 40 36 29 40 1936 5 10 9 6 0 9 9 2 0 20 15 5 0 12 8 6 0 10 7 10 0 6.0
18 37 76 40 39 74 40 5113 4 12 11 13 0 12 10 9 0 12 11 12 0 10 10 10 1 5.0
19 54 54 40 27 49 40 45000 2 26 22 11 1 10 8 6 1 4.0
20 66 51 40 55 47 40 385 1 9 6 6 0 5.0
21 38 70 40 64 45 40 22332 5 15 15 10 0 18 14 10 0 53 22 8 0 9 7 8 0 20 13 12 1 5.0
22 42 78 40 18 49 40 1774 2 13 13 20 0 8 6 6 0 6.0
23 45 77 40 66 46 40 508 2 27 22 2 0 28 10 4 0 6.0
24 66 44 40 45 78 40 5786 5 7 6 5 0 11 9 6 0 26 9 26 0 24 8 3 1 10 8 3 1 6.0
25 34 32 40 40 72 40 968 1 8 6 6 1 4.0
26 39 25 40 45 32 40 1648 2 10 8 5 0 11 7 7 0 4.0
27 18 50 40 45 25 40 4817 5 8 8 8 0 10 8 6 0 8 6 1 0 25 20 4 1 13 13 5 1 5.0
28 54 50 40 44 24 40 10163 1 17 17 6 0 4.0
29 63 55 40 17 47 40 9651 5 25 6 6 0 18 18 24 0 19 10 8 0 10 8 3 0 10 10 13 1 6.0
30 41 73 40 46 32 40 1474 2 10 9 8 0 8 7 11 0 5.0
31 20 53 40 38 71 40 9760 4 9 8 7 0 13 13 12 0 14 9 3 1 15 15 5 1 4.0
32 21 57 40 23 44 40 5801 5 15 10 15 0 11 8 2 0 8 8 8 0 9 8 5 1 8 6 7 1 4.0
33 40 73 40 54 49 40 3757 2 50 6 10 0 8 8 8 0 5.0
34 55 46 40 25 51 40 16684 3 38 25 10 0 14 9 1 0 18 14 10 0 5.0
35 14 52 40 44 71 40 8417 2 30 20 10 0 19 19 6 0 5.0
36 36 25 40 67 44 40 3690 2 21 17 8 0 15 15 15 0 6.0
37 20 50 40 65 51 40 9962 5 24 12 10 0 15 10 9 0 37 9 7 0 15 15 3 1 10 9 3 1 5.0
38 40 77 40 37 74 40 12024 3 8 8 8 0 35 18 8 0 15 13 8 1 4.0
39 54 51 40 43 74 40 6390 1 20 20 16 0 5.0
40 34 69 40 38 24 40 1764 1 8 8 15 0 4.0
41 37 20 40 34 81 40 231 1 11 8 5 1 6.0
42 46 22 40 66 52 40 11350 5 9 7 4 0 21 8 13 0 16 13 6 0 13 10 9 0 10 9 8 0 4.0
43 25 54 40 34 72 40 35678 2 25 20 10 0 15 15 15 0 4.0
44 23 46 40 20 45 40 15362 5 13 13 13 0 18 18 5 0 24 24 30 0 8 8 8 0 23 11 20 1 6.0
45 43 27 40 63 48 40 1220 2 16 11 19 0 26 25 3 1 6.0
46 37 21 40 39 71 40 42279 4 9 6 2 0 53 25 6 0 17 10 22 0 10 8 13 0 4.0
47 39 19 40 57 47 40 199 1 8 6 5 1 6.0
48 35 25 40 25 57 40 8314 5 10 6 2 0 12 10 8 0 12 11 7 0 13 11 9 0 20 20 10 1 5.0
49 18 44 40 24 50 40 16268 2 8 6 6 0 17 17 18 0 4.0
50 14 50 40 46 20 40 593 2 10 6 2 0 15 7 5 0 5.0
51 36 72 40 27 50 40 6100 4 18 14 10 0 13 6 4 0 9 6 13 0 15 15 15 1 6.0
52 64 55 40 26 57 40 12970 5 36 25 11 0 10 8 10 0 9 6 3 0 8 8 3 0 13 13 17 0 5.0
