5     53    45000 60    25    30   
0     40    50    0     40    50    1236  0     
1 42 23 40 57 47 40 5561 1 24 17 5 0 4.0
2 22 55 40 54 44 40 940 1 10 6 8 0 5.0
3 47 19 40 14 57 40 3285 1 27 23 9 0 6.0
4 22 56 40 46 20 40 10720 4 20 7 27 0 10 8 3 0 22 17 13 0 8 6 5 0 5.0
5 20 52 40 38 30 40 1734 5 8 5 3 0 20 18 4 0 8 6 4 0 26 21 11 1 7 6 10 1 6.0
6 20 46 40 47 20 40 25986 5 10 7 7 0 30 16 4 0 35 15 10 0 22 17 7 0 22 20 5 1 4.0
7 60 57 40 16 52 40 23544 5 20 5 2 0 32 5 5 0 17 12 5 0 11 8 4 0 40 25 2 1 4.0
8 46 24 40 23 49 40 8034 5 10 6 3 0 12 9 5 0 17 9 15 0 8 5 5 0 52 20 5 1 5.0
9 38 31 40 56 53 40 5094 3 8 6 4 0 15 14 14 0 15 15 5 0 5.0
10 39 24 40 43 30 40 21726 5 13 13 5 0 33 22 10 0 8 5 2 0 10 10 9 1 13 13 13 1 5.0
11 37 82 40 43 72 40 882 1 14 12 4 0 5.0
12 45 74 40 56 49 40 3430 2 15 5 6 0 8 6 7 0 4.0
13 24 50 40 39 78 40 2176 1 9 8 7 0 4.0
14 38 75 40 61 44 40 3319 1 10 10 5 0 4.0
15 42 25 40 41 32 40 5699 3 31 19 30 0 12 8 3 0 10 8 4 0 6.0
16 55 49 40 44 29 40 276 1 8 8 8 1 6.0
17 40 29 40 23 56 40 31566 4 33 24 5 0 8 8 8 0 26 13 22 0 10 8 5 1 4.0
18 45 19 40 22 47 40 1109 5 9 7 5 0 8 5 3 0 15 10 8 0 8 8 4 0 12 10 12 0 6.0
19 62 46 40 61 45 40 18044 3 10 10 10 0 22 13 14 0 10 6 6 1 4.0
20 24 44 40 36 78 40 14072 4 26 14 12 0 17 14 18 0 10 7 7 0 22 22 14 0 6.0
21 62 50 40 65 54 40 1454 4 28 13 13 0 14 8 3 0 24 11 3 0 10 8 5 1 6.0
22 16 53 40 14 49 40 4212 1 20 6 6 0 4.0
23 39 26 40 60 54 40 854 3 16 8 16 0 34 5 5 0 8 6 3 1 6.0
24 47 25 40 56 54 40 30 1 8 5 3 0 6.0
25 26 47 40 43 20 40 37510 1 40 15 4 0 4.0
26 40 75 40 39 75 40 7572 5 22 19 23 0 8 6 5 0 8 5 1 1 8 6 8 1 21 15 2 1 6.0
27 26 53 40 41 81 40 334 1 9 7 4 0 5.0
28 58 51 40 64 54 40 502 1 8 7 8 0 5.0
29 45 75 40 43 76 40 8025 4 31 11 5 0 17 15 10 1 15 8 6 1 11 8 3 1 5.0
30 39 76 40 19 49 40 1104 2 14 8 3 0 8 8 8 0 5.0
31 40 76 40 60 53 40 14749 4 15 8 5 0 16 11 6 0 18 11 13 0 10 7 5 1 4.0
32 36 20 40 27 50 40 2855 4 10 8 1 0 19 14 7 0 16 10 6 0 26 16 16 1 6.0
33 63 53 40 60 56 40 4486 4 17 17 4 0 8 5 3 0 8 7 7 1 8 8 10 1 5.0
34 67 52 40 66 45 40 25139 5 25 16 15 0 10 7 6 0 9 6 5 0 10 10 12 0 20 15 12 1 4.0
35 40 69 40 41 75 40 5807 1 17 17 22 0 5.0
36 41 28 40 37 71 40 167 1 10 7 5 0 6.0
37 20 50 40 60 55 40 548 1 10 8 1 0 4.0
38 40 71 40 41 25 40 8343 5 26 18 26 0 10 8 2 0 8 8 2 0 22 12 6 0 10 6 6 1 6.0
39 18 54 40 34 81 40 38000 5 32 25 11 0 11 9 6 0 8 5 3 0 31 7 2 1 26 17 9 1 4.0
40 15 55 40 40 22 40 6271 2 14 10 2 0 50 22 10 1 6.0
41 59 56 40 35 75 40 4462 3 10 7 6 0 8 7 6 0 10 9 13 0 4.0
42 38 71 40 17 48 40 192 1 12 9 2 1 5.0
43 60 47 40 24 52 40 6872 4 8 6 6 0 8 5 5 1 9 8 5 1 15 8 30 1 5.0
44 35 76 40 37 69 40 5944 5 8 5 2 0 10 5 4 0 15 15 5 0 12 7 7 0 12 7 12 1 5.0
45 36 23 40 20 51 40 216 2 10 10 2 0 9 6 4 0 6.0
46 22 57 40 27 56 40 45000 5 32 17 2 0 27 25 10 0 12 12 10 0 16 16 8 1 10 7 3 1 4.0
47 43 23 40 38 22 40 22581 5 27 5 4 0 20 15 13 0 15 10 2 0 29 25 20 0 13 8 5 1 5.0
48 55 52 40 37 74 40 433 1 10 10 5 0 6.0
49 47 26 40 19 56 40 39217 4 16 14 12 0 34 5 5 0 25 20 10 0 32 12 22 0 4.0
50 60 44 40 44 20 40 2877 5 8 8 5 0 52 25 10 0 10 10 4 1 14 8 3 1 23 19 10 1 6.0
51 38 82 40 39 81 40 394 1 10 7 4 1 5.0
52 64 44 40 44 74 40 36548 4 25 15 20 0 25 5 6 0 17 10 15 0 15 12 25 0 4.0
53 34 70 40 58 50 40 12148 4 10 8 7 0 13 11 4 0 9 8 10 0 22 18 6 0 4.0
