5     53    45000 60    25    30   
0     40    50    0     40    50    1236  0     
1 42 23 40 57 47 40 3386 1 14 11 9 0 4.0
2 22 55 40 54 44 40 711 1 10 8 5 0 5.0
3 47 19 40 14 57 40 546 1 19 11 6 0 6.0
4 22 56 40 46 20 40 11197 4 11 7 3 0 10 8 8 0 10 10 19 0 9 7 7 0 4.0
5 20 52 40 38 30 40 2825 5 13 6 2 0 19 13 13 0 11 11 11 0 38 7 4 1 11 11 8 1 6.0
6 20 46 40 47 20 40 6090 5 18 14 15 0 23 8 14 0 14 13 13 0 10 8 7 0 13 6 1 1 6.0
7 60 57 40 16 52 40 23496 5 19 14 8 0 14 10 14 0 20 15 30 0 11 10 2 0 19 12 19 1 5.0
8 46 24 40 23 49 40 8260 5 22 20 6 0 14 11 3 0 22 18 5 0 9 7 2 0 24 15 9 1 5.0
9 38 31 40 56 53 40 19050 3 22 17 22 0 17 11 6 0 11 11 11 0 5.0
10 39 24 40 43 30 40 26554 5 10 7 10 0 14 14 6 0 13 9 8 0 10 8 9 1 22 18 4 1 4.0
11 37 82 40 43 72 40 1246 1 11 8 6 0 4.0
12 45 74 40 56 49 40 1147 2 23 20 6 0 11 9 7 0 6.0
13 24 50 40 39 78 40 22150 1 56 8 8 0 4.0
14 38 75 40 61 44 40 1177 1 17 9 7 0 5.0
15 42 25 40 41 32 40 10016 3 9 9 9 0 35 19 19 0 14 9 19 0 6.0
16 55 49 40 44 29 40 291 1 9 6 1 1 4.0
17 40 29 40 23 56 40 1039 4 10 7 7 0 15 13 4 0 36 25 3 0 15 11 4 1 6.0
18 45 19 40 22 47 40 36847 5 17 11 11 0 9 6 1 0 23 23 23 0 25 19 6 0 10 9 10 0 4.0
19 62 46 40 61 45 40 45000 3 56 12 6 0 17 11 6 0 23 8 14 1 4.0
20 24 44 40 36 78 40 5863 4 12 8 8 0 15 13 9 0 50 8 4 0 11 8 1 0 5.0
21 62 50 40 65 54 40 9873 4 15 13 11 0 22 15 1 0 33 8 8 0 23 22 22 1 6.0
22 16 53 40 14 49 40 542 1 19 8 2 0 5.0
23 39 26 40 60 54 40 5580 3 10 9 15 0 13 13 3 0 11 9 6 1 4.0
24 47 25 40 56 54 40 548 1 9 9 9 0 6.0
25 26 47 40 43 20 40 23414 1 36 19 19 0 5.0
26 40 75 40 39 75 40 5166 5 13 12 13 0 31 18 6 0 9 7 9 1 9 7 4 1 9 6 2 1 6.0
27 26 53 40 41 81 40 1464 1 18 18 6 0 6.0
28 58 51 40 64 54 40 249 1 11 9 1 0 4.0
29 45 75 40 43 76 40 8957 4 15 14 12 0 49 22 8 1 19 11 7 1 14 14 1 1 6.0
30 39 76 40 19 49 40 997 2 21 21 6 0 9 6 2 0 6.0
31 40 76 40 60 53 40 37620 4 10 7 4 0 14 11 3 0 20 9 3 0 12 10 10 1 4.0
32 36 20 40 27 50 40 634 4 17 17 3 0 9 7 2 0 9 8 9 0 15 9 7 1 6.0
33 63 53 40 60 56 40 2471 4 17 11 6 0 15 15 6 0 19 19 4 1 9 7 9 1 6.0
34 67 52 40 66 45 40 22286 5 18 12 7 0 19 18 4 0 9 6 4 0 12 10 9 0 11 10 6 1 4.0
35 40 69 40 41 75 40 1823 1 20 14 15 0 6.0
36 41 28 40 37 71 40 197 1 9 6 6 0 6.0
37 20 50 40 60 55 40 6658 1 26 19 6 0 4.0
38 40 71 40 41 25 40 6316 5 40 24 2 0 35 10 7 0 13 9 12 0 9 7 7 0 17 12 6 1 6.0
39 18 54 40 34 81 40 16860 5 13 11 13 0 10 7 5 0 22 22 21 0 15 10 6 1 11 6 15 1 5.0
40 15 55 40 40 22 40 17607 2 9 6 7 0 55 17 8 1 4.0
41 59 56 40 35 75 40 18452 3 22 22 27 0 17 17 8 0 9 6 1 0 5.0
42 38 71 40 17 48 40 3520 1 22 11 17 1 5.0
43 60 47 40 24 52 40 45000 4 18 11 9 0 19 14 7 1 11 11 17 1 19 17 11 1 4.0
44 35 76 40 37 69 40 34824 5 9 9 3 0 10 7 4 0 12 9 9 0 28 22 17 0 14 12 9 1 4.0
45 36 23 40 20 51 40 1046 2 13 9 4 0 9 8 7 0 5.0
46 22 57 40 27 56 40 8549 5 14 9 1 0 17 12 8 0 20 17 2 0 9 7 9 1 22 22 2 1 4.0
47 43 23 40 38 22 40 19154 5 11 9 2 0 14 9 16 0 10 9 8 0 19 18 18 0 20 17 17 1 5.0
48 55 52 40 37 74 40 5937 1 18 14 15 0 5.0
49 47 26 40 19 56 40 45000 4 33 6 9 0 29 10 30 0 10 9 15 0 12 7 6 0 4.0
50 60 44 40 44 20 40 9943 5 20 14 3 0 33 13 7 0 9 6 1 1 23 12 12 1 11 11 11 1 5.0
51 38 82 40 39 81 40 534 1 13 9 5 1 5.0
52 64 44 40 44 74 40 7942 4 19 11 11 0 18 15 12 0 14 14 8 0 17 11 11 0 5.0
53 34 70 40 58 50 40 15471 4 14 12 17 0 11 8 7 0 13 13 5 0 33 11 9 0 4.0
