5     53    45000 60    25    30   
0     40    50    0     40    50    1236  0     
1 53 66 40 53 82 40 45000 4 10 10 10 0 23 18 8 0 45 6 27 0 16 9 9 1 4.0
2 18 73 40 42 38 40 196 1 12 7 4 1 6.0
3 21 52 40 45 75 40 518 3 12 6 2 0 8 6 6 0 11 10 8 1 6.0
4 36 74 40 65 62 40 11495 4 17 11 6 0 8 6 6 0 19 14 14 0 9 6 3 1 4.0
5 24 51 40 42 15 40 150 1 8 8 3 0 6.0
6 33 76 40 40 16 40 33681 4 10 10 10 0 18 18 18 0 18 8 3 1 11 11 14 1 4.0
7 64 54 40 68 30 40 21129 4 11 11 7 0 8 6 1 0 10 8 6 0 15 15 15 1 4.0
8 63 58 40 55 60 40 583 2 9 8 6 0 11 11 13 0 6.0
9 48 30 40 18 25 40 22572 4 13 10 10 0 53 25 2 0 15 15 15 0 47 12 7 0 5.0
10 17 27 40 60 17 40 4406 2 12 8 1 0 15 13 10 0 4.0
11 16 31 40 59 49 40 479 2 8 8 3 0 9 6 4 1 5.0
12 45 32 40 48 50 40 5420 3 35 6 6 0 34 18 5 0 11 6 3 1 5.0
13 66 40 40 35 65 40 1800 2 10 9 3 0 14 7 5 0 4.0
14 42 37 40 48 62 40 10421 3 32 25 20 0 10 6 9 0 13 5 14 0 6.0
15 51 45 40 57 52 40 21477 5 25 6 6 0 8 8 3 0 11 8 4 0 12 12 10 0 23 23 23 1 5.0
16 43 26 40 30 55 40 6403 3 9 7 4 0 28 20 5 0 8 8 8 1 5.0
17 14 67 40 11 23 40 5340 5 13 8 8 0 28 23 10 0 19 14 28 0 10 9 10 0 11 8 5 1 6.0
18 12 40 40 53 31 40 17270 5 30 15 22 0 8 6 1 0 19 8 11 0 28 17 10 1 30 20 20 1 6.0
19 12 75 40 12 70 40 29747 4 28 25 9 0 30 25 5 1 25 18 17 1 30 10 11 1 5.0
20 40 55 40 34 70 40 3087 2 17 12 12 0 8 6 5 1 5.0
21 14 49 40 61 55 40 6079 2 11 8 11 0 24 10 3 0 4.0
22 26 82 40 49 45 40 29449 2 18 16 16 0 30 15 10 0 4.0
23 29 27 40 32 21 40 12145 4 10 8 3 0 8 6 2 0 33 23 18 0 12 10 9 1 6.0
24 10 73 40 47 20 40 610 2 8 6 3 0 10 10 10 0 6.0
25 62 65 40 17 57 40 22867 3 10 9 7 0 47 20 5 0 10 8 15 0 4.0
26 15 51 40 15 32 40 2037 1 19 19 5 0 5.0
27 44 73 40 14 74 40 10414 2 29 21 11 0 12 7 7 1 5.0
28 36 19 40 69 57 40 811 1 23 8 5 0 6.0
29 33 31 40 13 48 40 7960 5 17 12 1 0 9 9 13 0 19 10 15 0 9 9 9 0 10 10 5 1 5.0
30 64 21 40 16 28 40 8087 2 10 7 7 0 30 8 8 0 4.0
31 44 37 40 47 85 40 11670 4 10 10 10 0 9 7 8 0 17 12 2 0 14 12 6 0 4.0
32 65 17 40 70 46 40 12677 4 18 10 30 0 26 6 6 0 8 8 5 0 26 25 3 1 5.0
33 55 15 40 65 46 40 1448 2 25 10 10 0 10 6 3 1 6.0
34 16 59 40 66 27 40 12699 4 18 18 7 0 18 6 2 1 34 7 4 1 20 15 3 1 4.0
35 45 43 40 17 42 40 2099 2 13 12 8 0 8 8 5 0 5.0
36 16 35 40 33 41 40 5014 2 17 11 11 0 11 9 4 0 4.0
37 31 58 40 45 70 40 12584 3 10 6 3 0 15 11 7 0 9 8 6 1 4.0
38 51 71 40 39 56 40 4098 4 13 9 2 0 15 11 25 0 8 6 3 0 11 10 8 1 6.0
39 57 48 40 40 83 40 9715 3 17 17 3 0 9 7 6 0 18 10 13 1 4.0
40 15 42 40 20 79 40 2991 1 10 10 5 0 4.0
41 12 38 40 65 66 40 3269 4 8 6 4 0 21 17 14 0 9 9 13 0 9 8 7 0 6.0
42 13 30 40 34 24 40 5401 3 10 10 13 0 17 13 11 0 20 20 16 1 6.0
43 48 84 40 41 29 40 10924 5 10 8 6 0 21 8 13 0 10 10 1 0 25 6 6 0 20 15 10 0 5.0
44 67 64 40 25 47 40 9011 4 28 8 25 0 17 13 7 0 9 6 2 0 10 6 3 1 5.0
45 39 44 40 21 22 40 7201 1 19 13 28 1 6.0
46 69 37 40 65 74 40 45000 5 33 25 30 0 9 6 4 0 14 9 7 0 9 6 5 0 9 9 9 1 4.0
47 61 23 40 37 48 40 3900 1 8 7 9 0 4.0
48 40 82 40 17 76 40 503 1 10 8 8 0 6.0
49 31 76 40 36 17 40 29043 5 28 24 19 0 8 6 6 0 22 17 5 0 14 7 4 1 10 6 2 1 5.0
50 56 48 40 16 69 40 2040 1 10 10 18 1 5.0
51 41 44 40 51 67 40 4987 4 15 15 18 0 10 6 2 0 9 7 6 1 23 13 4 1 6.0
52 53 54 40 34 78 40 24760 4 10 10 10 0 25 9 8 0 11 8 15 0 14 11 12 0 4.0
53 57 47 40 15 27 40 9237 5 15 13 6 0 14 14 5 0 21 13 12 0 10 10 2 0 20 18 4 1 5.0
