5     53    45000 60    25    30   
0     40    50    0     40    50    1236  0     
1 58 57 40 27 17 40 13275 2 30 22 6 0 13 7 10 1 4.0
2 29 47 40 50 18 40 19974 1 34 25 12 0 5.0
3 47 59 40 25 45 40 4250 2 25 9 30 0 12 10 4 0 6.0
4 69 83 40 21 68 40 12772 3 27 22 17 0 10 7 7 0 10 7 4 1 5.0
5 55 46 40 39 77 40 3059 3 25 22 5 0 10 8 6 0 32 25 14 1 6.0
6 56 18 40 23 62 40 1949 1 9 8 13 0 4.0
7 55 24 40 67 56 40 25596 2 13 9 9 0 37 20 5 0 4.0
8 22 35 40 29 44 40 18171 3 43 18 12 0 28 22 9 1 28 25 6 1 5.0
9 27 71 40 45 82 40 5343 3 25 7 3 0 40 7 7 0 22 15 6 1 5.0
10 28 70 40 48 48 40 1348 1 14 10 5 0 5.0
11 36 16 40 11 84 40 3217 1 49 25 2 0 5.0
12 46 34 40 66 41 40 1676 1 12 8 4 0 4.0
13 26 15 40 33 36 40 28450 3 15 11 7 0 22 12 19 0 10 7 6 0 4.0
14 55 81 40 45 36 40 45000 1 60 25 6 0 4.0
15 46 61 40 19 43 40 1862 2 10 8 6 0 19 17 17 1 6.0
16 62 41 40 39 63 40 1049 1 18 18 6 0 6.0
17 57 34 40 37 62 40 35485 2 16 16 6 0 41 25 12 0 4.0
18 42 67 40 18 71 40 2209 3 10 7 2 0 12 12 11 0 17 17 17 0 6.0
19 22 77 40 60 59 40 10845 3 17 15 6 0 19 7 8 0 10 7 9 1 4.0
20 28 16 40 45 30 40 1719 2 12 10 9 0 12 12 6 0 6.0
21 60 23 40 51 17 40 6388 2 39 23 30 0 15 10 4 1 6.0
22 13 56 40 59 82 40 45000 3 13 10 5 0 10 10 10 1 41 25 7 1 4.0
23 58 47 40 66 84 40 4641 3 10 10 10 0 32 17 27 0 12 10 7 1 6.0
24 43 62 40 11 33 40 148 1 11 9 6 0 6.0
25 14 83 40 22 28 40 45000 3 10 7 4 0 18 13 10 0 10 10 6 1 4.0
26 15 63 40 56 67 40 1874 1 15 12 15 0 6.0
27 45 83 40 20 84 40 2290 1 12 12 12 0 5.0
28 66 20 40 47 32 40 8721 1 27 16 18 0 5.0
29 26 42 40 29 67 40 26293 3 12 7 8 0 32 18 15 1 21 17 22 1 5.0
30 13 42 40 29 36 40 16762 2 12 9 9 0 28 25 17 0 5.0
31 22 50 40 47 71 40 35630 3 34 16 16 0 17 10 4 0 30 14 4 1 4.0
32 45 68 40 29 54 40 1776 3 12 10 6 0 25 7 7 0 20 10 20 0 6.0
33 44 48 40 55 21 40 5183 3 43 7 7 0 10 7 4 0 10 7 4 0 5.0
34 32 71 40 67 32 40 45000 2 49 18 5 0 27 23 29 0 4.0
35 66 72 40 58 81 40 1151 3 10 7 7 0 10 7 1 0 10 7 10 0 5.0
36 23 77 40 20 52 40 671 1 26 18 3 1 6.0
37 44 69 40 56 80 40 31445 3 11 9 5 0 10 9 10 0 38 14 6 1 4.0
38 39 19 40 21 56 40 3808 3 22 18 12 0 18 10 7 0 14 10 4 0 6.0
39 39 31 40 13 59 40 8131 3 18 10 4 0 10 10 10 0 18 10 7 1 4.0
40 52 29 40 39 41 40 1090 1 20 14 7 0 6.0
41 28 48 40 66 61 40 13436 2 23 14 16 0 12 9 6 1 4.0
42 19 18 40 23 67 40 106 1 12 10 1 0 5.0
43 35 23 40 45 43 40 8602 2 24 18 9 0 20 12 7 1 5.0
44 70 44 40 61 39 40 30938 2 33 20 20 1 22 22 5 1 5.0
45 64 20 40 37 35 40 145 1 10 7 4 0 6.0
46 37 58 40 38 26 40 7894 1 10 9 9 0 4.0
47 17 19 40 42 47 40 14125 2 10 10 12 0 31 20 18 1 5.0
48 29 62 40 30 82 40 748 1 12 9 8 0 6.0
49 20 38 40 23 38 40 22656 3 11 8 6 0 13 13 15 1 25 18 15 1 4.0
50 60 35 40 44 82 40 1928 1 21 21 28 0 6.0
51 25 51 40 60 30 40 1080 2 12 9 6 0 12 10 1 0 5.0
52 34 42 40 49 36 40 45000 2 32 22 30 0 12 10 3 0 4.0
53 68 64 40 45 25 40 862 1 10 10 3 0 4.0
