5     53    45000 60    25    30   
0     40    50    0     40    50    1236  0     
1 35 25 40 38 70 40 3386 1 14 11 9 0 4.0
2 21 54 40 40 75 40 711 1 10 8 5 0 5.0
3 21 66 40 23 39 40 546 1 19 11 6 0 6.0
4 59 63 40 34 69 40 11197 4 11 7 3 0 10 8 8 0 10 10 19 0 9 7 7 0 4.0
5 58 62 40 19 44 40 2825 5 13 6 2 0 19 13 13 0 11 11 11 0 38 7 4 1 11 11 8 1 6.0
6 45 19 40 26 45 40 6090 5 18 14 15 0 23 8 14 0 14 13 13 0 10 8 7 0 13 6 1 1 6.0
7 19 63 40 15 42 40 23496 5 19 14 8 0 14 10 14 0 20 15 30 0 11 10 2 0 19 12 19 1 5.0
8 63 66 40 65 34 40 8260 5 22 20 6 0 14 11 3 0 22 18 5 0 9 7 2 0 24 15 9 1 5.0
9 15 54 40 21 43 40 19050 3 22 17 22 0 17 11 6 0 11 11 11 0 5.0
10 45 21 40 55 46 40 26554 5 10 7 10 0 14 14 6 0 13 9 8 0 10 8 9 1 22 18 4 1 4.0
11 39 29 40 21 40 40 1246 1 11 8 6 0 4.0
12 35 30 40 64 42 40 1147 2 23 20 6 0 11 9 7 0 6.0
13 19 60 40 44 81 40 22150 1 56 8 8 0 4.0
14 46 20 40 34 74 40 1177 1 17 9 7 0 5.0
15 64 57 40 26 39 40 10016 3 9 9 9 0 35 19 19 0 14 9 19 0 6.0
16 36 25 40 26 44 40 291 1 9 6 1 1 4.0
17 47 31 40 44 74 40 1039 4 10 7 7 0 15 13 4 0 36 25 3 0 15 11 4 1 6.0
18 54 62 40 59 47 40 36847 5 17 11 11 0 9 6 1 0 23 23 23 0 25 19 6 0 10 9 10 0 4.0
19 65 65 40 58 34 40 45000 3 56 12 6 0 17 11 6 0 23 8 14 1 4.0
20 64 55 40 25 38 40 5863 4 12 8 8 0 15 13 9 0 50 8 4 0 11 8 1 0 5.0
21 34 31 40 64 43 40 9873 4 15 13 11 0 22 15 1 0 33 8 8 0 23 22 22 1 6.0
22 42 20 40 27 42 40 542 1 19 8 2 0 5.0
23 46 32 40 59 43 40 5580 3 10 9 15 0 13 13 3 0 11 9 6 1 4.0
24 41 24 40 36 79 40 548 1 9 9 9 0 6.0
25 42 27 40 22 46 40 23414 1 36 19 19 0 5.0
26 26 61 40 36 81 40 5166 5 13 12 13 0 31 18 6 0 9 7 9 1 9 7 4 1 9 6 2 1 6.0
27 24 58 40 23 36 40 1464 1 18 18 6 0 6.0
28 25 60 40 54 42 40 249 1 11 9 1 0 4.0
29 60 58 40 47 81 40 8957 4 15 14 12 0 49 22 8 1 19 11 7 1 14 14 1 1 6.0
30 22 67 40 24 40 40 997 2 21 21 6 0 9 6 2 0 6.0
31 40 23 40 61 39 40 37620 4 10 7 4 0 14 11 3 0 20 9 3 0 12 10 10 1 4.0
32 66 60 40 23 44 40 634 4 17 17 3 0 9 7 2 0 9 8 9 0 15 9 7 1 6.0
33 35 28 40 34 70 40 2471 4 17 11 6 0 15 15 6 0 19 19 4 1 9 7 9 1 6.0
34 18 60 40 39 72 40 22286 5 18 12 7 0 19 18 4 0 9 6 4 0 12 10 9 0 11 10 6 1 4.0
35 60 66 40 40 79 40 1823 1 20 14 15 0 6.0
36 34 28 40 25 40 40 197 1 9 6 6 0 6.0
37 64 67 40 56 46 40 6658 1 26 19 6 0 4.0
38 28 62 40 55 38 40 6316 5 40 24 2 0 35 10 7 0 13 9 12 0 9 7 7 0 17 12 6 1 6.0
39 24 56 40 34 80 40 16860 5 13 11 13 0 10 7 5 0 22 22 21 0 15 10 6 1 11 6 15 1 5.0
40 55 60 40 66 44 40 17607 2 9 6 7 0 55 17 8 1 4.0
41 19 65 40 58 40 40 18452 3 22 22 27 0 17 17 8 0 9 6 1 0 5.0
42 24 63 40 17 47 40 3520 1 22 11 17 1 5.0
43 21 62 40 46 73 40 45000 4 18 11 9 0 19 14 7 1 11 11 17 1 19 17 11 1 4.0
44 26 57 40 61 40 40 34824 5 9 9 3 0 10 7 4 0 12 9 9 0 28 22 17 0 14 12 9 1 4.0
45 65 57 40 44 77 40 1046 2 13 9 4 0 9 8 7 0 5.0
46 59 60 40 59 39 40 8549 5 14 9 1 0 17 12 8 0 20 17 2 0 9 7 9 1 22 22 2 1 4.0
47 61 59 40 35 73 40 19154 5 11 9 2 0 14 9 16 0 10 9 8 0 19 18 18 0 20 17 17 1 5.0
48 58 64 40 41 75 40 5937 1 18 14 15 0 5.0
49 16 59 40 42 80 40 45000 4 33 6 9 0 29 10 30 0 10 9 15 0 12 7 6 0 4.0
50 60 55 40 19 36 40 9943 5 20 14 3 0 33 13 7 0 9 6 1 1 23 12 12 1 11 11 11 1 5.0
51 62 55 40 24 36 40 534 1 13 9 5 1 5.0
52 37 31 40 66 43 40 7942 4 19 11 11 0 18 15 12 0 14 14 8 0 17 11 11 0 5.0
53 25 63 40 60 46 40 15471 4 14 12 17 0 11 8 7 0 13 13 5 0 33 11 9 0 4.0
