5     53    45000 60    25    30   
0     40    50    0     40    50    1236  0     
1 53 66 40 53 82 40 12250 2 29 21 6 0 12 7 10 1 4.0
2 18 73 40 42 38 40 30460 2 33 25 11 0 24 9 30 1 5.0
3 21 52 40 45 75 40 282 1 12 10 4 1 6.0
4 36 74 40 65 62 40 11172 3 26 21 16 0 10 7 7 0 10 7 4 0 5.0
5 24 51 40 42 15 40 2919 3 24 21 5 0 10 8 5 0 31 25 14 1 6.0
6 33 76 40 40 16 40 11096 3 9 8 12 0 12 9 8 0 36 20 5 0 4.0
7 64 54 40 68 30 40 45000 3 42 18 12 0 27 21 9 0 27 24 6 0 4.0
8 63 58 40 55 60 40 4110 3 24 7 3 0 39 7 7 0 21 15 6 0 5.0
9 48 30 40 18 25 40 3650 2 13 10 5 0 48 25 2 0 5.0
10 17 27 40 60 17 40 10971 3 12 8 4 0 15 11 7 1 21 11 18 1 5.0
11 16 31 40 59 49 40 11896 2 10 7 6 0 60 24 6 0 5.0
12 45 32 40 48 50 40 1746 1 10 8 5 1 4.0
13 66 40 40 35 65 40 30845 2 18 17 17 0 18 18 6 0 4.0
14 42 37 40 48 62 40 8962 1 15 15 6 0 4.0
15 51 45 40 57 52 40 3692 2 39 25 12 0 10 7 2 0 6.0
16 43 26 40 30 55 40 3752 3 12 12 11 0 16 16 16 0 17 15 5 0 6.0
17 14 67 40 11 23 40 6278 3 18 7 8 0 10 7 8 0 11 10 8 0 4.0
18 12 40 40 53 31 40 8984 3 12 12 6 0 37 23 30 0 15 10 4 0 6.0
19 12 75 40 12 70 40 28340 3 12 10 5 0 10 10 10 1 39 25 7 1 4.0
20 40 55 40 34 70 40 884 1 10 10 10 0 6.0
21 14 49 40 61 55 40 3189 2 31 16 26 0 12 10 7 1 6.0
22 26 82 40 49 45 40 3475 1 11 9 6 0 4.0
23 29 27 40 32 21 40 685 2 10 7 4 0 18 12 10 1 6.0
24 10 73 40 47 20 40 795 2 10 10 5 0 15 12 15 1 6.0
25 62 65 40 17 57 40 27007 1 12 12 12 0 4.0
26 15 51 40 15 32 40 10556 3 26 15 17 0 12 7 8 0 31 17 15 0 6.0
27 44 73 40 14 74 40 10753 2 20 17 21 0 12 9 9 1 5.0
28 36 19 40 69 57 40 21198 2 27 25 17 0 33 15 15 0 5.0
29 33 31 40 13 48 40 3529 2 17 10 4 0 29 14 4 0 5.0
30 64 21 40 16 28 40 938 1 12 10 6 1 5.0
31 44 37 40 47 85 40 21882 3 24 7 7 0 19 10 19 0 41 7 7 0 4.0
32 65 17 40 70 46 40 167 2 10 7 4 0 10 7 4 0 6.0
33 55 15 40 65 46 40 8396 1 48 18 5 0 5.0
34 16 59 40 66 27 40 37859 3 26 23 28 0 10 7 7 0 10 7 1 1 4.0
35 45 43 40 17 42 40 1922 2 10 7 10 1 26 18 3 1 5.0
36 16 35 40 33 41 40 210 1 11 8 5 0 6.0
37 31 58 40 45 70 40 6170 1 10 9 10 0 4.0
38 51 71 40 39 56 40 4300 2 37 13 6 0 21 18 12 0 6.0
39 57 48 40 40 83 40 3438 1 18 10 7 0 4.0
40 15 42 40 20 79 40 311 1 14 10 4 0 6.0
41 12 38 40 65 66 40 6811 3 17 10 4 1 10 10 10 1 18 10 7 1 4.0
42 13 30 40 34 24 40 1614 1 20 13 7 0 5.0
43 48 84 40 41 29 40 7629 2 22 13 15 0 12 9 6 1 5.0
44 67 64 40 25 47 40 10535 3 12 10 1 0 23 17 9 0 20 12 7 1 5.0
45 39 44 40 21 22 40 6638 1 32 20 20 0 6.0
46 69 37 40 65 74 40 24219 2 21 21 5 0 10 7 4 0 4.0
47 61 23 40 37 48 40 14639 3 10 9 9 0 10 10 12 0 30 20 18 1 5.0
48 40 82 40 17 76 40 748 1 12 9 8 1 6.0
49 31 76 40 36 17 40 6206 2 11 8 6 0 12 12 15 1 4.0
50 56 48 40 16 69 40 1012 1 24 18 15 0 6.0
51 41 44 40 51 67 40 16100 2 20 20 27 0 12 9 6 0 5.0
52 53 54 40 34 78 40 45000 2 12 10 1 0 31 21 30 1 4.0
53 57 47 40 15 27 40 1896 2 12 10 3 0 10 10 3 0 4.0
