5     53    45000 60    25    30   
0     40    50    0     40    50    1236  0     
1 16 46 40 17 49 40 5167 2 15 12 9 0 11 9 5 1 4.0
2 63 47 40 45 23 40 4259 3 20 12 6 0 12 7 3 0 11 8 8 0 5.0
3 22 47 40 56 46 40 2742 4 10 10 20 0 9 8 7 0 13 6 2 0 20 14 13 1 6.0
4 37 28 40 24 47 40 43308 5 12 12 12 0 40 8 5 0 12 12 9 0 19 15 16 0 24 9 15 1 4.0
5 57 56 40 34 28 40 2495 4 15 13 13 0 10 9 7 0 13 6 1 0 20 15 9 1 6.0
6 40 75 40 14 50 40 1610 1 15 11 15 0 6.0
7 45 75 40 43 23 40 25542 5 22 16 30 0 12 10 2 0 20 12 20 0 23 22 6 0 15 12 3 1 5.0
8 66 49 40 22 44 40 14585 4 23 19 5 0 10 7 2 0 25 16 9 1 23 17 23 1 5.0
9 21 44 40 46 25 40 10590 5 17 12 6 0 12 12 12 0 10 7 10 1 15 15 6 1 13 9 8 1 5.0
10 44 76 40 25 52 40 5138 1 11 9 10 1 4.0
11 64 53 40 63 50 40 5655 2 23 19 4 0 12 9 6 1 4.0
12 42 79 40 55 48 40 1256 2 24 21 6 0 12 9 7 1 6.0
13 42 73 40 43 32 40 45000 5 59 9 9 0 18 10 8 0 9 9 9 0 37 20 20 0 15 9 20 1 4.0
14 60 52 40 42 69 40 59 1 9 6 1 0 5.0
15 16 52 40 42 81 40 3225 4 10 8 7 0 16 14 4 0 38 25 3 0 16 12 4 1 6.0
16 37 80 40 40 73 40 13468 2 17 12 12 0 9 6 1 0 4.0
17 47 72 40 44 73 40 5108 4 24 24 24 0 26 20 6 0 11 10 11 1 59 13 6 1 6.0
18 59 50 40 37 26 40 20145 5 17 12 6 0 24 9 15 0 12 9 9 0 16 13 10 0 52 9 5 1 4.0
19 34 79 40 54 46 40 45000 4 12 8 1 0 16 14 12 0 23 16 1 0 35 9 9 0 4.0
20 43 29 40 36 30 40 22067 5 24 23 23 0 20 9 2 0 10 10 16 0 14 13 3 0 12 9 6 0 5.0
21 47 19 40 26 52 40 14356 5 9 9 9 0 38 20 20 0 13 13 14 0 33 19 6 0 10 8 10 0 6.0
22 46 75 40 20 56 40 449 1 9 7 4 0 5.0
23 45 76 40 42 77 40 11979 4 9 6 2 0 19 19 6 0 12 9 1 1 16 15 12 1 4.0
24 40 81 40 44 78 40 8091 1 52 23 9 0 6.0
25 24 56 40 42 26 40 8858 4 20 12 7 0 15 15 1 0 22 22 6 1 9 6 2 1 5.0
26 22 50 40 43 25 40 328 1 10 8 5 0 6.0
27 67 50 40 55 55 40 881 2 15 12 3 1 21 10 3 1 6.0
28 34 22 40 18 55 40 3949 1 13 11 11 1 4.0
29 43 81 40 44 26 40 2044 4 17 17 3 0 9 7 2 0 9 8 9 1 16 10 8 1 6.0
30 60 50 40 59 44 40 443 1 17 12 6 0 6.0
31 44 82 40 44 20 40 45000 5 16 16 6 0 20 20 5 0 9 7 9 0 19 13 7 0 20 19 4 1 4.0
32 24 49 40 37 82 40 1903 5 9 6 5 0 13 10 9 0 12 10 6 0 22 15 16 0 9 6 6 0 6.0
33 35 25 40 67 48 40 2943 2 27 20 6 0 42 25 2 0 6.0
34 43 78 40 59 53 40 29153 4 37 10 8 0 14 9 13 0 9 8 7 0 17 12 6 1 4.0
35 60 53 40 60 48 40 7069 5 14 12 13 0 10 7 5 0 23 23 22 0 16 10 6 0 12 6 16 0 6.0
36 34 21 40 45 74 40 230 1 9 6 7 0 6.0
37 63 48 40 43 77 40 19933 1 58 17 9 0 4.0
38 56 54 40 38 27 40 18814 4 23 23 28 0 17 17 9 1 9 6 1 1 23 12 17 1 6.0
39 66 52 40 46 24 40 13249 4 19 12 10 0 20 15 8 1 12 12 17 1 20 17 12 1 5.0
40 45 71 40 39 79 40 1530 2 9 9 3 0 11 8 5 0 4.0
41 64 46 40 40 24 40 18253 5 12 10 10 0 29 23 17 0 15 12 9 1 13 9 4 1 10 8 8 1 5.0
42 35 19 40 47 25 40 128 1 15 10 1 0 5.0
43 55 53 40 34 31 40 36329 4 17 12 9 0 22 18 2 0 9 7 9 0 23 23 2 1 4.0
44 16 49 40 15 46 40 27698 4 12 9 2 0 15 9 17 0 11 10 9 0 20 19 19 0 4.0
45 46 31 40 46 21 40 7319 1 21 18 18 0 5.0
46 25 44 40 19 46 40 13878 2 19 15 16 0 35 6 9 0 4.0
47 24 48 40 44 21 40 20894 5 31 10 30 0 11 10 16 0 12 8 6 0 21 15 3 0 35 13 8 0 5.0
48 19 50 40 21 51 40 85 1 9 6 1 0 5.0
49 64 48 40 25 50 40 45000 4 24 12 12 0 12 12 12 0 14 9 5 0 20 12 12 0 4.0
50 38 79 40 24 50 40 4247 1 19 16 12 0 5.0
51 15 55 40 63 54 40 1849 1 15 15 9 0 5.0
52 57 50 40 37 81 40 6411 4 17 12 12 0 15 12 18 0 12 9 8 0 13 13 5 0 5.0
53 20 46 40 55 47 40 7711 1 35 12 9 0 4.0
