5     53    45000 60    25    30   
0     40    50    0     40    50    1236  0     
1 53 66 40 53 82 40 7844 2 17 13 11 0 13 10 6 1 4.0
2 18 73 40 42 38 40 4275 2 23 13 7 0 13 8 3 1 5.0
3 21 52 40 45 75 40 458 1 13 9 9 1 6.0
4 36 74 40 65 62 40 15038 3 12 12 23 0 11 9 8 0 15 7 2 0 4.0
5 24 51 40 42 15 40 3989 3 22 16 15 0 13 13 13 0 45 9 5 1 6.0
6 33 76 40 40 16 40 8577 3 13 13 10 0 22 17 18 0 28 10 17 0 6.0
7 64 54 40 68 30 40 6513 3 17 15 15 0 12 10 8 0 15 7 1 0 5.0
8 63 58 40 55 60 40 20167 3 23 17 10 0 17 13 17 0 24 18 30 0 5.0
9 48 30 40 18 25 40 12641 2 13 12 2 0 22 14 22 0 5.0
10 17 27 40 60 17 40 43926 3 26 24 7 0 17 13 3 1 26 22 6 1 4.0
11 16 31 40 59 49 40 13709 2 11 8 3 0 28 18 11 0 4.0
12 45 32 40 48 50 40 4491 1 26 20 26 1 6.0
13 66 40 40 35 65 40 24826 2 20 13 7 0 13 13 13 0 4.0
14 42 37 40 48 62 40 1266 1 12 8 12 0 5.0
15 51 45 40 57 52 40 2230 2 17 17 7 0 15 11 9 0 6.0
16 43 26 40 30 55 40 27992 3 13 10 11 0 26 22 5 0 13 10 7 0 4.0
17 14 67 40 11 23 40 2660 3 28 24 7 0 13 11 8 0 60 10 10 0 6.0
18 12 40 40 53 31 40 45000 3 20 11 9 0 11 11 11 0 42 23 23 0 4.0
19 12 75 40 12 70 40 40972 3 17 11 23 0 11 7 1 1 12 9 8 1 4.0
20 40 55 40 34 70 40 2005 1 18 16 5 0 5.0
21 14 49 40 61 55 40 3436 2 43 25 4 0 18 13 5 1 6.0
22 26 82 40 49 45 40 6021 1 20 13 13 0 5.0
23 29 27 40 32 21 40 44795 2 11 7 1 0 28 25 28 1 4.0
24 10 73 40 47 20 40 5028 2 30 23 7 0 13 11 13 1 6.0
25 62 65 40 17 57 40 11350 1 60 15 7 0 5.0
26 15 51 40 15 32 40 6540 3 20 13 7 0 28 10 17 0 14 10 10 0 6.0
27 44 73 40 14 74 40 4458 2 18 15 11 0 59 10 5 1 6.0
28 36 19 40 69 57 40 9692 2 13 9 1 0 18 16 13 0 4.0
29 33 31 40 13 48 40 3126 2 26 18 1 0 40 10 10 0 6.0
30 64 21 40 16 28 40 6355 1 27 25 26 1 6.0
31 44 37 40 47 85 40 45000 3 22 10 3 0 12 11 18 0 16 15 4 0 4.0
32 65 17 40 70 46 40 572 2 13 11 7 0 11 11 11 0 6.0
33 55 15 40 65 46 40 12538 1 43 23 23 0 6.0
34 16 59 40 66 27 40 45000 3 15 15 16 0 37 21 7 0 11 9 11 1 4.0
35 45 43 40 17 42 40 258 2 11 8 5 1 11 7 2 1 6.0
36 16 35 40 33 41 40 1882 1 21 21 7 0 6.0
37 31 58 40 45 70 40 321 1 13 11 1 0 4.0
38 51 71 40 39 56 40 16161 2 18 17 14 0 59 25 10 0 6.0
39 57 48 40 40 83 40 2828 1 23 13 8 0 5.0
40 15 42 40 20 79 40 648 1 17 17 1 0 4.0
41 12 38 40 65 66 40 6060 3 25 25 7 1 11 7 2 1 12 9 5 1 5.0
42 13 30 40 34 24 40 567 1 17 13 3 0 5.0
43 48 84 40 41 29 40 28419 2 24 11 3 0 15 13 13 1 4.0
44 67 64 40 25 47 40 6368 3 20 20 3 0 11 8 2 0 11 9 11 1 4.0
45 39 44 40 21 22 40 1917 1 18 11 9 0 5.0
46 69 37 40 65 74 40 8796 2 20 13 7 0 18 18 7 0 4.0
47 61 23 40 37 48 40 7765 3 22 22 5 0 11 8 11 0 22 15 8 1 5.0
48 40 82 40 17 76 40 3628 1 22 21 5 1 5.0
49 31 76 40 36 17 40 12637 2 11 7 5 0 15 12 11 1 4.0
50 56 48 40 16 69 40 1271 1 13 12 7 0 5.0
51 41 44 40 51 67 40 7200 2 24 17 18 0 11 7 7 0 5.0
52 53 54 40 34 78 40 7446 2 31 23 7 0 48 25 3 1 5.0
53 57 47 40 15 27 40 14638 2 42 12 9 0 16 11 15 0 4.0
