5     53    45000 60    25    30   
0     40    50    0     40    50    1236  0     
1 16 46 40 17 49 40 8677 2 18 14 11 0 13 10 6 1 4.0
2 63 47 40 45 23 40 4181 1 24 14 7 0 5.0
3 22 47 40 56 46 40 712 2 14 8 3 0 13 10 10 0 6.0
4 37 28 40 24 47 40 15700 3 12 12 24 0 11 9 8 0 16 8 2 1 4.0
5 57 56 40 34 28 40 4493 3 23 16 16 0 14 14 14 0 46 9 5 1 6.0
6 40 75 40 14 50 40 1275 1 14 14 10 0 6.0
7 45 75 40 43 23 40 16492 2 23 18 18 0 29 10 17 0 5.0
8 66 49 40 22 44 40 5319 3 17 16 16 0 12 10 8 1 16 8 1 1 5.0
9 21 44 40 46 25 40 39392 3 24 17 10 0 17 13 17 0 25 19 30 1 5.0
10 44 76 40 25 52 40 1744 1 14 12 2 0 4.0
11 64 53 40 63 50 40 17481 1 23 14 23 0 4.0
12 42 79 40 55 48 40 1570 1 27 25 7 0 6.0
13 42 73 40 43 32 40 29221 3 17 14 3 0 27 23 6 0 12 8 3 0 4.0
14 60 52 40 42 69 40 6310 1 29 18 11 0 5.0
15 16 52 40 42 81 40 11039 2 27 21 27 0 21 14 7 1 6.0
16 37 80 40 40 73 40 14771 1 14 14 14 0 4.0
17 47 72 40 44 73 40 713 2 12 8 12 0 17 17 7 0 6.0
18 59 50 40 37 26 40 13132 3 16 11 10 0 13 10 12 0 27 23 5 0 4.0
19 34 79 40 54 46 40 45000 3 14 10 7 0 29 25 8 0 14 11 8 1 4.0
20 43 29 40 36 30 40 11511 2 60 10 10 0 21 12 9 0 5.0
21 47 19 40 26 52 40 16754 2 11 11 11 0 44 24 24 1 6.0
22 46 75 40 20 56 40 9690 3 17 11 24 0 11 8 1 1 12 9 8 1 5.0
23 45 76 40 42 77 40 16505 3 19 16 5 0 44 25 4 0 19 14 5 1 4.0
24 40 81 40 44 78 40 3094 1 21 14 14 0 6.0
25 24 56 40 42 26 40 45000 3 11 8 1 0 29 25 29 0 31 24 7 1 5.0
26 22 50 40 43 25 40 1662 1 13 12 13 0 6.0
27 67 50 40 55 55 40 4745 1 60 15 7 0 6.0
28 34 22 40 18 55 40 5166 1 21 14 7 0 4.0
29 43 81 40 44 26 40 6981 3 29 10 17 0 14 10 10 1 19 16 12 1 6.0
30 60 50 40 59 44 40 1137 2 60 10 5 0 14 10 1 0 6.0
31 44 82 40 44 20 40 45000 3 18 16 14 0 27 19 1 0 41 10 10 1 4.0
32 24 49 40 37 82 40 5437 3 28 25 27 0 23 10 3 0 12 12 18 0 6.0
33 35 25 40 67 48 40 1977 3 16 16 4 0 14 11 8 0 11 11 11 0 6.0
34 43 78 40 59 53 40 45000 2 44 24 24 0 16 15 16 0 4.0
35 60 53 40 60 48 40 3657 3 38 22 8 0 12 9 12 0 11 8 5 0 6.0
36 34 21 40 45 74 40 107 1 11 8 2 1 6.0
37 63 48 40 43 77 40 19232 3 22 22 8 0 14 11 1 0 18 18 14 1 4.0
38 56 54 40 38 27 40 15293 3 60 25 10 0 24 14 8 0 18 18 1 0 6.0
39 66 52 40 46 24 40 6225 3 26 25 7 0 11 8 2 0 12 9 5 1 5.0
40 45 71 40 39 79 40 1600 1 17 14 3 0 4.0
41 64 46 40 40 24 40 4107 2 25 12 3 0 15 13 13 1 5.0
42 35 19 40 47 25 40 1132 1 21 21 3 0 5.0
43 55 53 40 34 31 40 11839 2 11 8 2 0 11 10 11 1 4.0
44 16 49 40 15 46 40 10339 2 18 12 9 1 21 14 7 1 4.0
45 46 31 40 46 21 40 2575 1 19 18 7 0 5.0
46 25 44 40 19 46 40 5691 1 23 23 5 0 4.0
47 24 48 40 44 21 40 4802 2 11 8 11 0 23 15 8 1 5.0
48 19 50 40 21 51 40 3974 1 23 22 5 0 5.0
49 64 48 40 25 50 40 19215 3 11 8 5 0 15 12 11 1 14 12 7 1 4.0
50 38 79 40 24 50 40 9401 1 25 17 19 0 5.0
51 15 55 40 63 54 40 6254 2 11 8 8 0 32 24 8 0 5.0
52 57 50 40 37 81 40 7304 2 49 25 3 0 44 12 9 0 5.0
53 20 46 40 55 47 40 5385 1 16 11 15 0 4.0
