5     52    45000 60    25    30   
0     40    50    0     40    50    1236  0     
1 53 58 40 62 47 40 39395 2 11 11 11 0 26 20 9 1 4.0
2 20 57 40 17 39 40 7174 2 50 7 30 0 18 10 10 0 6.0
3 26 57 40 41 75 40 177 1 14 8 4 0 6.0
4 56 57 40 28 45 40 1098 2 13 7 2 0 9 6 6 1 4.0
5 47 21 40 34 70 40 929 1 12 11 9 0 6.0
6 56 66 40 40 76 40 6001 1 19 12 7 0 4.0
7 21 60 40 16 34 40 24661 3 9 6 6 0 21 15 16 0 10 6 3 0 4.0
8 39 31 40 59 35 40 2775 3 9 8 3 0 11 11 11 0 20 20 20 0 6.0
9 43 28 40 64 40 40 7593 3 20 8 3 0 12 12 16 0 12 12 7 1 5.0
10 37 30 40 22 40 40 12189 3 9 6 1 0 11 9 7 0 17 17 17 0 4.0
11 28 65 40 40 71 40 2930 2 10 8 6 0 12 12 14 0 5.0
12 54 54 40 63 35 40 2032 1 14 11 11 1 5.0
13 44 27 40 23 40 40 30928 3 59 25 2 0 17 17 17 1 53 14 7 1 4.0
14 27 60 40 64 42 40 70 1 13 9 1 0 6.0
15 19 62 40 47 69 40 3516 1 16 14 11 0 5.0
16 65 56 40 56 46 40 437 1 9 9 3 0 5.0
17 16 57 40 17 43 40 567 2 10 6 5 0 39 6 6 0 6.0
18 40 26 40 34 77 40 2645 3 38 20 5 0 12 6 3 0 11 10 3 1 6.0
19 40 29 40 20 44 40 1020 1 15 8 6 0 5.0
20 21 57 40 65 47 40 23769 1 36 25 23 0 5.0
21 54 67 40 26 43 40 9789 3 11 6 10 0 14 5 15 1 28 6 6 1 4.0
22 21 67 40 56 37 40 2183 2 9 9 3 0 12 9 4 1 4.0
23 59 60 40 36 79 40 1737 1 14 14 11 0 6.0
24 55 67 40 42 75 40 8483 2 25 25 25 0 10 7 4 0 6.0
25 22 63 40 21 37 40 17534 2 31 23 6 0 9 9 9 0 4.0
26 65 67 40 35 79 40 1011 1 14 8 8 1 5.0
27 15 54 40 59 39 40 28317 3 31 25 11 0 21 16 30 0 11 10 11 1 5.0
28 62 60 40 39 71 40 11930 2 12 8 5 0 34 16 24 1 6.0
29 21 58 40 21 39 40 13065 3 9 6 1 0 21 8 12 0 32 19 11 1 5.0
30 53 66 40 39 81 40 45000 1 34 23 23 0 4.0
31 38 19 40 20 46 40 45000 2 32 25 10 0 34 25 5 0 4.0
32 27 58 40 39 73 40 27378 3 28 20 19 0 34 11 12 0 19 14 13 1 5.0
33 66 60 40 46 70 40 875 2 9 6 6 0 12 9 12 0 6.0
34 40 30 40 65 41 40 21587 2 27 11 3 1 20 18 18 1 4.0
35 35 23 40 26 36 40 8408 2 34 16 11 0 11 9 3 0 5.0
36 28 67 40 59 40 40 258 1 9 7 2 1 4.0
37 61 55 40 15 39 40 45000 3 37 25 20 0 14 11 10 0 9 6 3 1 4.0
38 56 59 40 23 35 40 7167 3 11 11 11 0 11 10 7 0 53 23 6 1 6.0
39 57 64 40 63 42 40 11731 2 11 9 17 1 21 21 6 1 4.0
40 37 23 40 44 74 40 45000 2 33 24 12 0 13 8 8 0 4.0
41 17 64 40 38 75 40 701 2 25 8 6 0 19 13 1 1 6.0
42 38 20 40 40 79 40 2893 2 10 10 15 0 21 11 17 0 6.0
43 27 62 40 17 41 40 2829 2 10 10 10 0 11 11 6 0 5.0
44 65 61 40 55 40 40 5103 3 11 8 8 0 34 8 8 0 11 11 11 0 5.0
45 40 24 40 53 39 40 1210 2 10 7 9 0 19 14 2 1 6.0
46 34 20 40 63 46 40 27987 2 16 13 7 0 20 11 30 0 4.0
47 45 23 40 59 37 40 14758 2 29 7 7 0 9 9 6 0 4.0
48 28 64 40 43 75 40 4530 3 29 25 3 0 28 11 11 0 11 6 3 0 6.0
49 44 25 40 18 40 40 5268 1 20 20 7 1 5.0
50 63 57 40 16 45 40 1824 2 20 7 2 0 38 7 5 0 5.0
51 37 20 40 64 38 40 2972 3 23 17 3 0 14 14 9 0 9 9 6 1 6.0
52 59 66 40 36 73 40 3784 1 19 12 12 0 5.0
