5     53    45000 60    25    30   
0     40    50    0     40    50    1236  0     
1 24 69 40 33 32 40 6024 1 19 9 15 1 4.0
2 12 53 40 46 16 40 420 2 9 7 14 0 9 6 3 0 6.0
3 31 51 40 40 79 40 3244 1 19 19 22 0 6.0
4 54 81 40 67 29 40 23884 3 15 6 2 0 11 11 8 1 22 11 11 1 4.0
5 57 56 40 57 67 40 2292 3 17 17 17 0 26 19 10 0 9 7 2 1 6.0
6 51 77 40 53 17 40 18646 3 27 16 3 0 9 7 2 0 33 25 30 1 6.0
7 43 28 40 28 79 40 4223 2 11 11 11 0 11 11 9 1 5.0
8 40 24 40 23 76 40 5263 3 20 13 4 0 12 8 2 0 11 11 8 1 4.0
9 15 73 40 38 77 40 5207 3 11 11 9 0 15 11 7 0 15 15 4 0 5.0
10 28 71 40 50 54 40 1579 1 14 8 4 1 4.0
11 37 67 40 40 82 40 5448 1 25 19 8 0 5.0
12 58 49 40 28 51 40 10510 2 20 18 10 0 17 17 17 0 5.0
13 66 43 40 21 74 40 4169 2 14 10 7 0 9 8 6 1 4.0
14 68 50 40 61 37 40 520 2 9 7 2 0 10 9 6 1 6.0
15 63 44 40 23 19 40 4895 1 27 21 8 0 5.0
16 43 15 40 39 21 40 4147 2 11 8 6 0 18 7 11 0 4.0
17 14 28 40 45 23 40 7200 2 17 15 10 0 28 25 3 0 5.0
18 34 23 40 45 39 40 1075 3 17 9 6 0 11 9 6 0 9 6 5 1 6.0
19 65 23 40 17 46 40 20767 3 17 17 17 0 26 19 2 0 13 8 3 0 4.0
20 44 49 40 43 25 40 7568 2 33 17 3 0 24 11 8 1 4.0
21 13 38 40 33 75 40 7813 1 28 19 11 0 5.0
22 42 72 40 66 51 40 45000 1 47 25 30 0 5.0
23 57 38 40 64 28 40 14367 3 11 11 11 0 13 10 11 0 17 12 12 0 4.0
24 13 34 40 22 55 40 14158 2 38 6 6 0 19 11 30 0 5.0
25 52 62 40 64 74 40 2447 2 9 6 5 0 11 6 3 0 4.0
26 46 81 40 27 82 40 3257 3 39 14 8 0 20 16 8 0 29 15 24 1 6.0
27 62 76 40 19 58 40 181 1 12 8 3 0 6.0
28 13 43 40 41 29 40 45000 2 11 7 3 0 31 17 30 0 4.0
29 27 26 40 15 42 40 6614 2 58 22 6 0 33 25 6 0 6.0
30 42 58 40 36 54 40 511 1 9 7 17 1 6.0
31 43 54 40 43 21 40 28522 3 31 18 6 0 27 11 11 0 23 12 4 1 4.0
32 23 33 40 15 80 40 6265 3 12 12 12 0 28 18 4 0 28 7 8 0 5.0
33 58 55 40 14 23 40 2592 1 11 11 11 0 5.0
34 57 36 40 29 31 40 29579 3 17 8 8 0 26 14 10 0 22 11 14 1 4.0
35 36 49 40 21 41 40 380 1 14 14 3 0 6.0
36 42 59 40 27 54 40 2201 2 24 7 8 0 26 18 6 0 6.0
37 40 84 40 25 34 40 166 1 10 6 4 0 6.0
38 41 68 40 30 31 40 2458 2 17 12 12 0 11 11 7 0 6.0
39 16 47 40 11 61 40 11789 3 26 12 22 0 19 6 7 0 17 17 6 0 5.0
40 32 33 40 10 40 40 4385 1 17 17 11 1 5.0
41 55 60 40 49 28 40 23338 3 14 9 1 1 16 16 30 1 22 17 28 1 5.0
42 25 15 40 34 31 40 349 1 28 7 7 0 6.0
43 30 79 40 65 81 40 24869 2 11 9 2 0 23 16 12 0 4.0
44 43 73 40 54 40 40 5682 3 14 9 9 0 21 19 13 0 9 7 7 1 5.0
45 18 64 40 13 25 40 5888 1 21 18 6 0 4.0
46 62 71 40 34 55 40 3370 1 17 6 10 0 4.0
47 13 81 40 35 28 40 948 2 11 8 3 0 11 11 8 1 6.0
48 52 48 40 13 16 40 4099 2 22 17 28 0 10 10 7 0 6.0
49 62 26 40 37 50 40 15428 2 14 13 8 0 24 24 9 1 4.0
50 66 76 40 40 25 40 2431 3 9 6 1 0 13 11 8 0 15 15 3 1 5.0
51 39 84 40 31 73 40 1000 2 13 9 8 0 9 7 2 1 5.0
52 40 56 40 30 17 40 31193 2 23 23 11 0 18 17 18 0 4.0
53 30 74 40 11 25 40 12296 2 25 19 8 0 15 13 12 1 4.0
