5     53    45000 60    25    30   
0     40    50    0     40    50    1236  0     
1 51 37 40 15 63 40 7327 2 24 18 5 0 11 6 8 0 4.0
2 32 81 40 27 63 40 21384 2 28 23 10 0 20 8 28 0 5.0
3 61 38 40 27 33 40 3640 3 10 9 4 0 22 18 14 0 8 6 6 0 6.0
4 10 81 40 52 16 40 2373 3 8 6 4 0 21 18 4 0 9 7 5 1 5.0
5 19 68 40 38 27 40 1389 1 26 21 12 1 6.0
6 45 21 40 38 19 40 2566 2 8 7 11 0 11 8 7 1 4.0
7 27 78 40 67 67 40 45000 4 30 17 4 0 35 15 10 0 23 18 8 1 23 20 5 1 4.0
8 48 59 40 54 60 40 2931 4 20 6 3 0 33 6 6 0 18 13 5 0 11 8 4 0 5.0
9 20 40 40 48 57 40 3545 3 41 25 2 0 10 7 3 1 13 9 6 1 5.0
10 16 24 40 12 25 40 5546 1 18 10 16 0 5.0
11 49 33 40 55 16 40 7314 2 9 6 5 0 53 20 5 0 5.0
12 70 28 40 13 67 40 14909 2 8 7 5 0 16 14 14 0 4.0
13 66 22 40 18 22 40 41680 4 15 15 5 0 13 13 5 0 33 23 10 0 8 6 2 1 4.0
14 37 37 40 38 84 40 30232 3 10 10 9 0 14 14 14 0 14 13 5 1 4.0
15 57 65 40 18 76 40 314 2 16 6 7 0 8 6 7 0 6.0
16 64 25 40 52 84 40 572 2 10 8 7 0 10 10 5 1 6.0
17 22 85 40 30 39 40 45000 5 32 19 30 0 13 8 4 0 11 9 4 0 8 8 8 0 33 24 6 1 4.0
18 42 26 40 30 45 40 3188 4 9 9 9 0 26 14 22 0 10 8 6 0 9 8 5 0 6.0
19 49 35 40 64 16 40 5641 2 8 6 4 0 15 11 9 1 4.0
20 64 52 40 52 73 40 318 1 9 8 5 0 6.0
21 16 63 40 11 45 40 2895 5 13 10 13 0 10 10 10 0 22 13 15 0 10 6 7 1 26 15 13 1 6.0
22 43 82 40 54 73 40 45000 4 17 14 18 0 10 8 8 0 23 23 14 0 28 13 13 1 4.0
23 11 57 40 18 49 40 418 2 14 8 3 0 24 12 4 0 6.0
24 14 41 40 20 65 40 99 1 10 8 5 0 6.0
25 30 29 40 34 24 40 43261 2 20 6 6 0 16 8 16 0 4.0
26 69 85 40 55 31 40 875 1 35 6 6 1 6.0
27 23 83 40 67 33 40 254 1 8 6 4 0 5.0
28 13 26 40 56 35 40 2921 2 8 6 3 0 41 15 4 1 5.0
29 56 17 40 68 77 40 16469 4 22 19 24 0 8 6 6 0 8 6 1 0 8 6 8 1 5.0
30 37 75 40 40 39 40 4504 4 22 15 3 0 9 7 4 0 8 8 8 0 31 11 5 1 5.0
31 14 35 40 20 26 40 15735 5 18 15 10 0 15 9 6 0 12 8 4 0 15 8 4 1 8 8 8 1 4.0
32 29 68 40 68 43 40 1505 5 15 8 6 0 17 11 6 0 19 11 13 0 10 8 5 1 10 8 1 1 6.0
33 59 45 40 61 77 40 21812 3 20 15 8 0 17 10 6 0 27 17 17 0 5.0
34 70 45 40 25 19 40 19724 5 18 18 4 0 8 6 4 0 8 8 8 0 8 8 10 0 25 17 15 1 4.0
35 21 30 40 65 18 40 799 2 10 8 7 0 9 7 5 1 5.0
36 10 84 40 43 84 40 751 1 11 11 13 0 6.0
37 62 17 40 17 24 40 26736 1 20 15 13 1 4.0
38 18 84 40 12 53 40 4083 2 17 17 23 0 10 8 5 1 6.0
39 28 17 40 21 16 40 40450 5 10 8 1 0 26 18 26 0 10 8 3 0 9 9 3 0 23 13 7 1 4.0
40 61 76 40 70 72 40 5737 2 10 7 6 0 33 25 12 0 6.0
41 37 66 40 36 51 40 14622 5 11 9 7 0 8 6 3 0 32 8 3 0 26 18 9 0 15 11 3 0 4.0
42 23 81 40 28 16 40 10828 2 51 23 10 0 10 8 6 0 5.0
43 64 75 40 27 28 40 4153 5 9 8 7 0 11 9 13 0 12 9 2 0 9 7 7 0 8 6 5 1 5.0
44 48 60 40 19 23 40 8129 3 9 8 5 0 15 8 30 0 8 6 3 1 5.0
45 54 69 40 50 68 40 1840 4 10 6 4 0 15 15 5 0 13 8 8 0 13 8 13 0 6.0
46 49 73 40 19 19 40 5653 2 10 10 3 0 10 7 4 1 4.0
47 12 58 40 25 41 40 14381 5 33 18 3 0 27 25 10 0 12 12 10 0 16 16 9 0 11 7 4 1 5.0
48 59 25 40 46 18 40 4604 3 27 6 4 0 21 16 13 1 15 10 2 1 6.0
49 40 29 40 66 52 40 45000 5 29 25 20 0 14 8 6 0 10 10 5 0 17 14 13 0 35 6 6 0 4.0
50 39 69 40 55 64 40 2254 2 25 20 10 0 33 13 22 1 6.0
51 35 34 40 16 37 40 20533 4 8 8 5 0 53 25 10 0 11 10 5 1 15 8 4 1 5.0
52 49 23 40 41 17 40 38881 5 23 20 10 0 11 7 5 0 25 15 20 0 26 6 7 0 18 10 15 0 4.0
53 47 54 40 45 41 40 27160 5 15 13 25 0 10 9 7 0 14 12 4 0 9 8 11 1 23 18 6 1 4.0
