5     53    45000 60    25    30   
0     40    50    0     40    50    1236  0     
1 25 62 40 27 45 40 7844 2 17 13 11 0 13 10 6 0 4.0
2 55 65 40 39 78 40 4275 2 23 13 7 0 13 8 3 0 5.0
3 24 64 40 53 39 40 2245 3 13 9 9 0 12 12 23 0 11 9 8 0 6.0
4 65 54 40 57 45 40 27632 3 15 7 2 0 23 16 15 1 13 13 13 1 4.0
5 26 57 40 23 46 40 1560 2 45 9 5 0 13 13 10 1 6.0
6 66 60 40 16 36 40 4380 1 22 17 18 0 6.0
7 64 56 40 46 76 40 12714 3 28 10 17 0 17 15 15 1 12 10 8 1 5.0
8 57 60 40 40 80 40 7599 3 15 7 1 0 23 17 10 0 17 13 17 1 5.0
9 45 25 40 25 46 40 39180 3 25 19 30 0 13 12 2 0 23 14 23 1 5.0
10 59 64 40 20 37 40 27057 2 26 25 7 0 17 13 3 0 4.0
11 21 64 40 34 81 40 8101 1 26 22 6 0 4.0
12 36 24 40 66 47 40 88 1 11 8 3 0 6.0
13 22 67 40 62 37 40 45000 3 28 18 11 0 26 20 26 1 20 13 7 1 4.0
14 18 62 40 38 82 40 5904 3 13 13 13 0 12 8 12 0 17 17 7 1 5.0
15 37 20 40 23 40 40 1853 2 15 11 9 0 13 10 11 1 6.0
16 21 67 40 23 39 40 20294 2 26 22 5 0 13 10 7 0 4.0
17 41 22 40 60 44 40 1313 2 28 24 7 0 13 11 8 0 6.0
18 57 63 40 19 45 40 19233 3 60 10 10 0 21 11 9 0 11 11 11 0 4.0
19 41 25 40 38 69 40 45000 2 42 23 23 0 17 11 23 1 4.0
20 59 61 40 26 35 40 1310 2 11 7 1 0 12 9 8 0 5.0
21 54 64 40 39 72 40 3655 2 19 16 5 1 43 25 4 1 6.0
22 47 30 40 18 47 40 8358 3 19 13 5 0 20 13 13 1 11 7 1 1 5.0
23 37 23 40 42 80 40 44619 1 28 25 28 0 4.0
24 54 55 40 21 36 40 5028 2 30 23 7 0 13 11 13 0 6.0
25 19 62 40 41 71 40 11350 1 60 15 7 1 5.0
26 59 59 40 40 82 40 1492 1 20 13 7 0 6.0
27 28 62 40 18 44 40 4639 2 28 10 17 0 14 10 10 0 6.0
28 55 58 40 28 36 40 15401 2 19 15 11 0 60 10 5 0 4.0
29 40 25 40 66 45 40 3047 3 13 9 1 0 18 16 13 0 26 19 1 0 6.0
30 22 66 40 65 39 40 7804 2 40 10 10 0 27 25 26 1 6.0
31 63 60 40 61 46 40 45000 2 23 10 3 0 12 11 18 0 4.0
32 57 64 40 22 39 40 807 3 16 15 4 0 13 11 7 0 11 11 11 1 6.0
33 57 54 40 54 43 40 12538 1 43 23 23 0 6.0
34 41 28 40 15 38 40 45000 3 15 15 16 0 37 21 7 0 11 9 11 1 4.0
35 34 24 40 42 73 40 258 2 11 8 5 0 11 7 2 0 6.0
36 57 56 40 35 75 40 1882 1 21 21 7 0 6.0
37 24 57 40 54 40 40 9944 2 13 11 1 0 18 17 14 0 4.0
38 59 67 40 60 36 40 14554 2 59 25 10 0 23 13 8 1 6.0
39 22 55 40 61 40 40 342 1 17 17 1 1 5.0
40 28 67 40 59 39 40 9803 1 25 25 7 0 4.0
41 36 20 40 42 77 40 830 2 11 7 2 0 12 9 5 0 5.0
42 15 56 40 26 40 40 1245 2 17 13 3 0 24 11 3 0 5.0
43 16 61 40 28 42 40 33407 3 15 13 13 0 20 20 3 0 11 8 2 0 4.0
44 39 25 40 45 74 40 7417 2 11 9 11 0 18 11 9 1 4.0
45 44 31 40 53 35 40 1958 1 20 13 7 1 5.0
46 17 62 40 40 76 40 10842 2 19 18 7 0 23 23 5 0 4.0
47 44 21 40 38 72 40 4647 2 11 8 11 0 22 15 8 0 5.0
48 41 24 40 53 45 40 4398 2 23 21 5 0 11 7 5 1 5.0
49 61 66 40 36 80 40 16415 2 15 12 11 0 13 12 7 0 4.0
50 43 19 40 38 81 40 9401 1 25 17 19 0 5.0
51 21 65 40 60 46 40 8339 3 11 7 7 0 31 23 7 0 48 25 3 0 5.0
52 21 60 40 23 44 40 3931 1 42 12 9 0 5.0
53 36 22 40 64 42 40 5385 1 16 11 15 1 4.0
