5     52    45000 60    25    30   
0     40    50    0     40    50    1236  0     
1 26 48 40 64 38 40 7157 2 17 13 10 0 12 10 6 1 4.0
2 34 70 40 17 45 40 3744 2 23 13 6 0 13 8 3 0 5.0
3 15 40 40 30 84 40 423 1 12 9 9 0 6.0
4 21 42 40 52 73 40 13776 2 12 12 23 0 10 8 8 1 4.0
5 64 62 40 23 58 40 88 1 15 7 2 0 6.0
6 69 67 40 20 29 40 3221 1 22 15 15 0 6.0
7 49 68 40 43 28 40 7522 3 13 13 13 0 44 8 5 0 13 13 10 0 5.0
8 19 74 40 14 76 40 13677 3 21 17 17 0 27 10 16 0 16 15 15 0 5.0
9 15 41 40 17 16 40 8463 3 12 10 8 0 15 7 1 0 23 16 10 1 5.0
10 20 83 40 44 17 40 45000 3 16 12 16 0 24 18 30 0 13 12 2 0 4.0
11 55 62 40 64 26 40 24831 2 22 14 22 0 26 24 6 0 4.0
12 12 16 40 68 18 40 207 1 16 13 3 1 6.0
13 30 28 40 32 42 40 45000 3 25 21 6 0 11 8 3 1 28 17 10 1 4.0
14 14 34 40 54 31 40 14115 1 26 19 26 0 5.0
15 46 24 40 16 43 40 942 1 19 13 6 0 6.0
16 67 38 40 27 50 40 11826 1 13 13 13 0 4.0
17 51 21 40 26 34 40 603 2 12 8 12 0 16 16 6 0 6.0
18 33 56 40 52 42 40 10822 3 15 10 9 0 12 10 11 0 25 21 5 1 4.0
19 42 42 40 68 35 40 6097 1 13 10 6 0 4.0
20 11 36 40 64 40 40 6052 1 27 23 7 0 5.0
21 60 69 40 38 63 40 5527 3 13 10 8 0 60 10 10 1 20 11 8 1 6.0
22 18 25 40 19 42 40 40415 2 10 10 10 0 41 23 23 1 5.0
23 52 60 40 69 84 40 8378 1 16 10 23 0 4.0
24 46 80 40 62 32 40 630 2 10 7 1 0 12 8 8 0 6.0
25 11 53 40 16 72 40 9999 2 18 15 5 0 42 25 4 0 5.0
26 64 56 40 51 15 40 959 1 18 13 5 1 6.0
27 11 45 40 43 57 40 16196 3 19 13 13 0 10 7 1 0 27 25 27 1 6.0
28 23 23 40 70 62 40 14023 2 29 23 6 0 12 11 12 1 4.0
29 50 74 40 46 38 40 7585 3 60 14 6 0 19 13 6 0 27 10 16 1 6.0
30 19 50 40 10 74 40 507 1 14 10 10 0 6.0
31 65 23 40 20 38 40 45000 2 18 15 11 0 58 10 5 0 4.0
32 13 20 40 59 83 40 956 3 13 9 1 0 17 15 13 0 26 18 1 1 6.0
33 59 30 40 61 72 40 11465 2 39 10 10 0 26 25 26 0 6.0
34 39 17 40 37 64 40 13383 2 22 10 3 1 12 11 17 1 4.0
35 23 77 40 10 60 40 786 2 15 15 4 0 13 10 7 0 6.0
36 24 62 40 54 15 40 610 1 10 10 10 1 6.0
37 24 19 40 67 53 40 45000 3 42 23 23 0 15 14 15 0 36 21 7 1 4.0
38 51 73 40 36 44 40 1280 3 11 8 11 0 10 8 5 0 10 7 2 1 5.0
39 12 78 40 46 51 40 3803 2 21 21 7 1 13 10 1 1 5.0
40 44 54 40 61 47 40 40995 2 17 17 14 0 57 25 10 0 4.0
41 39 67 40 30 54 40 3205 2 23 13 8 0 17 17 1 1 5.0
42 45 83 40 17 23 40 3077 2 24 24 6 0 10 7 2 0 5.0
43 51 84 40 65 67 40 9430 2 12 8 5 0 16 13 3 0 4.0
44 17 60 40 57 78 40 9967 3 23 11 3 0 14 12 12 0 19 19 3 0 4.0
45 41 52 40 42 23 40 1140 2 10 8 2 0 10 9 10 1 5.0
46 18 44 40 22 71 40 6408 2 17 11 8 0 19 13 6 0 4.0
47 43 44 40 42 34 40 5482 2 18 17 6 0 22 22 5 0 5.0
48 23 19 40 23 41 40 8579 3 10 8 10 0 21 14 8 0 22 21 5 0 5.0
49 26 74 40 25 36 40 1870 1 10 7 5 1 4.0
50 69 40 40 55 53 40 3046 2 14 12 10 0 13 12 6 0 5.0
51 16 38 40 19 61 40 11172 3 24 16 18 0 10 7 7 0 30 23 7 1 5.0
52 36 52 40 40 80 40 997 1 46 25 3 0 6.0
