5     53    45000 60    25    30   
0     40    50    0     40    50    1236  0     
1 35 25 40 38 70 40 5399 1 17 13 10 1 4.0
2 21 54 40 40 75 40 4469 2 12 10 6 0 23 13 6 0 5.0
3 21 66 40 23 39 40 136 1 13 8 3 0 6.0
4 59 63 40 34 69 40 17164 3 12 9 9 0 12 12 23 1 10 8 8 1 4.0
5 58 62 40 19 44 40 3227 3 15 7 2 0 22 16 15 0 13 13 13 1 6.0
6 45 19 40 26 45 40 6426 3 44 8 5 0 13 13 10 0 21 17 18 1 6.0
7 19 63 40 15 42 40 10549 2 27 10 16 0 16 15 15 1 5.0
8 63 66 40 65 34 40 4639 3 12 10 8 0 15 7 1 0 23 16 10 1 5.0
9 15 54 40 21 43 40 29150 3 16 12 16 0 24 18 30 0 13 12 2 0 5.0
10 45 21 40 55 46 40 35170 1 22 14 22 1 4.0
11 39 29 40 21 40 40 8837 1 26 24 6 0 4.0
12 35 30 40 64 42 40 1254 2 16 13 3 0 25 21 6 0 6.0
13 19 60 40 44 81 40 32780 2 11 8 3 0 28 18 10 1 4.0
14 46 20 40 34 74 40 15744 2 26 19 26 0 19 13 6 1 5.0
15 64 57 40 26 39 40 1396 1 13 13 13 0 6.0
16 36 25 40 26 44 40 14469 2 12 8 12 0 16 16 6 0 4.0
17 47 31 40 44 74 40 599 2 15 10 9 0 12 10 11 0 6.0
18 54 62 40 59 47 40 15844 3 25 21 5 0 13 10 6 0 27 23 7 1 4.0
19 65 65 40 58 34 40 45000 3 13 10 8 0 60 10 10 0 20 11 8 0 4.0
20 64 55 40 25 38 40 32326 2 10 10 10 0 42 23 23 1 5.0
21 34 31 40 64 43 40 2311 1 16 10 23 0 6.0
22 42 20 40 27 42 40 125 1 10 7 1 0 5.0
23 46 32 40 59 43 40 14588 3 12 8 8 0 18 16 5 0 42 25 4 0 4.0
24 41 24 40 36 79 40 3293 2 18 13 5 0 19 13 13 0 6.0
25 42 27 40 22 46 40 32960 2 10 7 1 0 27 25 27 0 5.0
26 26 61 40 36 81 40 8709 3 29 23 6 0 12 11 12 0 60 14 6 1 6.0
27 24 58 40 23 36 40 1116 1 19 13 6 0 6.0
28 25 60 40 54 42 40 14359 2 27 10 16 0 14 10 10 0 4.0
29 60 58 40 47 81 40 4107 2 18 15 11 0 58 10 5 0 6.0
30 22 67 40 24 40 40 42 1 13 9 1 1 6.0
31 40 23 40 61 39 40 45000 3 18 16 13 0 26 18 1 0 39 10 10 1 4.0
32 66 60 40 23 44 40 5046 3 27 25 26 0 22 10 3 0 12 11 18 0 6.0
33 35 28 40 34 70 40 529 1 16 15 4 0 6.0
34 18 60 40 39 72 40 45000 3 13 10 7 0 10 10 10 0 42 23 23 1 4.0
35 60 66 40 40 79 40 1459 1 15 14 16 0 6.0
36 34 28 40 25 40 40 3816 2 36 21 7 0 11 8 11 0 6.0
37 64 67 40 56 46 40 898 1 10 8 5 0 4.0
38 28 62 40 55 38 40 2740 2 10 7 2 0 21 21 7 0 6.0
39 24 56 40 34 80 40 22358 3 13 10 1 0 18 17 14 0 58 25 10 0 5.0
40 55 60 40 66 44 40 5360 1 23 13 8 1 4.0
41 19 65 40 58 40 40 4996 3 17 17 1 1 25 25 6 1 10 7 2 1 5.0
42 24 63 40 17 47 40 411 1 12 8 5 0 5.0
43 21 62 40 46 73 40 11813 2 16 13 3 0 23 11 3 0 4.0
44 26 57 40 61 40 40 8420 3 14 12 12 0 19 19 3 0 10 8 2 1 4.0
45 65 57 40 44 77 40 968 1 10 9 10 0 5.0
46 59 60 40 59 39 40 3408 1 18 11 8 0 4.0
47 61 59 40 35 73 40 4413 2 19 13 6 0 18 18 6 1 5.0
48 58 64 40 41 75 40 5057 2 22 22 5 0 10 8 10 0 5.0
49 16 59 40 42 80 40 24911 2 21 14 8 0 22 21 5 1 4.0
50 60 55 40 19 36 40 3453 3 10 7 5 0 14 12 10 0 13 12 6 1 5.0
51 62 55 40 24 36 40 6760 2 24 16 18 0 10 7 7 1 5.0
52 37 31 40 66 43 40 7241 2 30 23 7 0 47 25 3 0 5.0
53 25 63 40 60 46 40 12794 2 42 12 8 0 16 10 14 1 4.0
