5     52    45000 60    25    30   
0     40    50    0     40    50    1236  0     
1 44 70 40 34 24 40 8095 2 19 9 15 0 9 7 14 1 4.0
2 36 21 40 14 47 40 3264 2 9 6 3 0 19 19 22 0 6.0
3 57 56 40 45 75 40 74 1 15 6 2 0 6.0
4 41 80 40 40 19 40 22204 2 11 10 8 0 22 11 11 1 4.0
5 46 78 40 55 49 40 1128 1 17 17 17 0 6.0
6 23 51 40 45 20 40 3384 1 25 19 10 0 6.0
7 16 50 40 57 46 40 2932 3 9 7 2 0 28 17 3 0 9 7 2 0 5.0
8 21 52 40 56 50 40 45000 3 33 25 30 0 11 11 11 0 11 11 9 0 4.0
9 39 70 40 25 48 40 3644 3 20 13 4 0 12 8 2 0 11 11 8 1 5.0
10 60 45 40 38 26 40 10415 3 10 10 9 0 15 11 7 0 15 15 4 0 4.0
11 20 46 40 43 70 40 6090 2 14 8 4 0 25 19 8 0 5.0
12 47 31 40 42 24 40 4444 1 20 18 10 1 5.0
13 56 48 40 64 57 40 18674 3 17 17 17 0 14 10 7 1 9 8 6 1 4.0
14 40 82 40 36 23 40 98 1 9 7 2 0 6.0
15 37 32 40 18 53 40 583 1 10 9 6 0 5.0
16 57 49 40 56 57 40 9013 1 26 20 8 0 4.0
17 45 30 40 36 29 40 2769 2 11 8 6 0 18 7 10 0 5.0
18 37 76 40 39 74 40 3360 3 17 15 10 0 28 25 3 0 17 9 6 1 6.0
19 54 54 40 27 49 40 1985 1 11 9 6 0 4.0
20 66 51 40 55 47 40 538 1 9 6 5 0 4.0
21 38 70 40 64 45 40 8295 3 17 17 17 0 26 19 2 1 13 8 3 1 5.0
22 42 78 40 18 49 40 5615 2 33 17 3 0 24 11 8 1 5.0
23 45 77 40 66 46 40 16140 1 28 19 11 0 4.0
24 66 44 40 45 78 40 45000 2 46 25 30 0 11 11 11 0 5.0
25 34 32 40 40 72 40 20280 2 13 10 11 0 17 12 12 0 4.0
26 39 25 40 45 32 40 257 1 38 6 6 1 6.0
27 18 50 40 45 25 40 4233 3 19 11 30 0 9 6 5 0 10 6 3 1 6.0
28 54 50 40 44 24 40 39456 2 39 14 8 0 20 16 8 1 4.0
29 63 55 40 17 47 40 5750 3 29 15 24 0 12 8 3 0 11 7 3 1 6.0
30 41 73 40 46 32 40 7306 1 30 17 30 0 6.0
31 20 53 40 38 71 40 45000 2 58 22 6 0 33 25 6 0 4.0
32 21 57 40 23 44 40 8278 3 9 7 17 0 31 18 6 0 26 10 10 1 5.0
33 40 73 40 54 49 40 5516 2 23 12 4 0 12 12 12 0 4.0
34 55 46 40 25 51 40 13062 2 28 18 4 1 28 7 8 1 4.0
35 14 52 40 44 71 40 1565 2 11 11 11 0 17 8 8 0 6.0
36 36 25 40 67 44 40 1929 1 26 14 10 1 6.0
37 20 50 40 65 51 40 3687 3 22 11 14 0 14 14 3 0 24 7 8 1 6.0
38 40 77 40 37 74 40 4019 3 25 18 6 0 10 6 4 0 17 12 12 1 6.0
39 54 51 40 43 74 40 9344 2 11 11 7 1 25 12 22 1 5.0
40 34 69 40 38 24 40 3493 2 19 6 7 0 17 17 6 0 5.0
41 37 20 40 34 81 40 4220 2 17 17 11 0 14 9 1 1 5.0
42 46 22 40 66 52 40 4378 2 15 15 30 0 22 17 28 0 6.0
43 25 54 40 34 72 40 8462 2 28 7 7 0 11 9 2 0 4.0
44 23 46 40 20 45 40 8582 3 23 15 12 0 14 9 9 0 20 19 13 0 5.0
45 43 27 40 63 48 40 7033 2 9 7 7 0 21 18 6 1 4.0
46 37 21 40 39 71 40 4163 2 17 6 10 0 10 8 3 0 4.0
47 39 19 40 57 47 40 8804 2 11 11 8 0 22 17 28 0 6.0
48 35 25 40 25 57 40 2693 3 10 10 7 0 14 13 8 0 24 24 9 0 6.0
49 18 44 40 24 50 40 125 1 9 6 1 1 4.0
50 14 50 40 46 20 40 2226 2 13 10 8 0 15 15 3 0 5.0
51 36 72 40 27 50 40 5978 3 13 9 8 0 9 7 2 0 23 23 10 1 5.0
52 64 55 40 26 57 40 5056 1 18 17 18 0 5.0
