5     53    45000 60    25    30   
0     40    50    0     40    50    1236  0     
1 40 20 40 47 76 40 13275 2 30 22 6 0 13 7 10 1 4.0
2 55 56 40 56 35 40 19974 1 34 25 12 0 5.0
3 18 59 40 56 41 40 4250 2 25 9 30 0 12 10 4 0 6.0
4 66 66 40 64 38 40 12772 3 27 22 17 0 10 7 7 0 10 7 4 1 5.0
5 47 30 40 47 74 40 3059 3 25 22 5 0 10 8 6 0 32 25 14 1 6.0
6 56 63 40 64 42 40 1949 1 9 8 13 0 4.0
7 15 58 40 39 70 40 25596 2 13 9 9 0 37 20 5 0 4.0
8 34 27 40 35 71 40 18171 3 43 18 12 0 28 22 9 1 28 25 6 1 5.0
9 15 54 40 20 35 40 5343 3 25 7 3 0 40 7 7 0 22 15 6 1 5.0
10 63 65 40 57 46 40 1348 1 14 10 5 0 5.0
11 19 59 40 23 37 40 3217 1 49 25 2 0 5.0
12 66 61 40 37 72 40 1676 1 12 8 4 0 4.0
13 23 67 40 46 79 40 28450 3 15 11 7 0 22 12 19 0 10 7 6 0 4.0
14 15 60 40 27 36 40 45000 1 60 25 6 0 4.0
15 62 58 40 56 37 40 1862 2 10 8 6 0 19 17 17 1 6.0
16 19 63 40 19 38 40 1049 1 18 18 6 0 6.0
17 44 19 40 43 78 40 35485 2 16 16 6 0 41 25 12 0 4.0
18 36 28 40 39 72 40 2209 3 10 7 2 0 12 12 11 0 17 17 17 0 6.0
19 57 64 40 15 42 40 10845 3 17 15 6 0 19 7 8 0 10 7 9 1 4.0
20 61 66 40 21 37 40 1719 2 12 10 9 0 12 12 6 0 6.0
21 54 67 40 64 47 40 6388 2 39 23 30 0 15 10 4 1 6.0
22 21 59 40 57 44 40 45000 3 13 10 5 0 10 10 10 1 41 25 7 1 4.0
23 18 63 40 47 73 40 4641 3 10 10 10 0 32 17 27 0 12 10 7 1 6.0
24 21 63 40 60 40 40 148 1 11 9 6 0 6.0
25 46 30 40 25 47 40 45000 3 10 7 4 0 18 13 10 0 10 10 6 1 4.0
26 57 61 40 63 39 40 1874 1 15 12 15 0 6.0
27 47 19 40 43 81 40 2290 1 12 12 12 0 5.0
28 40 28 40 46 72 40 8721 1 27 16 18 0 5.0
29 24 66 40 25 44 40 26293 3 12 7 8 0 32 18 15 1 21 17 22 1 5.0
30 62 60 40 62 36 40 16762 2 12 9 9 0 28 25 17 0 5.0
31 28 57 40 65 42 40 35630 3 34 16 16 0 17 10 4 0 30 14 4 1 4.0
32 45 29 40 40 79 40 1776 3 12 10 6 0 25 7 7 0 20 10 20 0 6.0
33 41 31 40 53 38 40 5183 3 43 7 7 0 10 7 4 0 10 7 4 0 5.0
34 24 67 40 44 80 40 45000 2 49 18 5 0 27 23 29 0 4.0
35 55 64 40 23 40 40 1151 3 10 7 7 0 10 7 1 0 10 7 10 0 5.0
36 35 30 40 37 70 40 671 1 26 18 3 1 6.0
37 21 67 40 23 38 40 31445 3 11 9 5 0 10 9 10 0 38 14 6 1 4.0
38 36 32 40 16 46 40 3808 3 22 18 12 0 18 10 7 0 14 10 4 0 6.0
39 61 55 40 19 41 40 8131 3 18 10 4 0 10 10 10 0 18 10 7 1 4.0
40 60 60 40 55 45 40 1090 1 20 14 7 0 6.0
41 17 57 40 24 44 40 13436 2 23 14 16 0 12 9 6 1 4.0
42 54 65 40 43 82 40 106 1 12 10 1 0 5.0
43 57 67 40 66 46 40 8602 2 24 18 9 0 20 12 7 1 5.0
44 40 22 40 38 73 40 30938 2 33 20 20 1 22 22 5 1 5.0
45 21 55 40 16 41 40 145 1 10 7 4 0 6.0
46 24 64 40 40 80 40 7894 1 10 9 9 0 4.0
47 41 28 40 26 38 40 14125 2 10 10 12 0 31 20 18 1 5.0
48 59 63 40 20 46 40 748 1 12 9 8 0 6.0
49 37 19 40 39 81 40 22656 3 11 8 6 0 13 13 15 1 25 18 15 1 4.0
50 23 60 40 22 38 40 1928 1 21 21 28 0 6.0
51 41 30 40 54 35 40 1080 2 12 9 6 0 12 10 1 0 5.0
52 40 25 40 25 34 40 45000 2 32 22 30 0 12 10 3 0 4.0
53 65 62 40 64 46 40 862 1 10 10 3 0 4.0
