5     52    45000 60    25    30   
0     40    50    0     40    50    1236  0     
1 26 48 40 64 38 40 39395 2 11 11 11 0 26 20 9 1 4.0
2 34 70 40 17 45 40 7174 2 50 7 30 0 18 10 10 0 6.0
3 15 40 40 30 84 40 177 1 14 8 4 0 6.0
4 21 42 40 52 73 40 1098 2 13 7 2 0 9 6 6 1 4.0
5 64 62 40 23 58 40 929 1 12 11 9 0 6.0
6 69 67 40 20 29 40 6001 1 19 12 7 0 4.0
7 49 68 40 43 28 40 24661 3 9 6 6 0 21 15 16 0 10 6 3 0 4.0
8 19 74 40 14 76 40 2775 3 9 8 3 0 11 11 11 0 20 20 20 0 6.0
9 15 41 40 17 16 40 7593 3 20 8 3 0 12 12 16 0 12 12 7 1 5.0
10 20 83 40 44 17 40 12189 3 9 6 1 0 11 9 7 0 17 17 17 0 4.0
11 55 62 40 64 26 40 2930 2 10 8 6 0 12 12 14 0 5.0
12 12 16 40 68 18 40 2032 1 14 11 11 1 5.0
13 30 28 40 32 42 40 30928 3 59 25 2 0 17 17 17 1 53 14 7 1 4.0
14 14 34 40 54 31 40 70 1 13 9 1 0 6.0
15 46 24 40 16 43 40 3516 1 16 14 11 0 5.0
16 67 38 40 27 50 40 437 1 9 9 3 0 5.0
17 51 21 40 26 34 40 567 2 10 6 5 0 39 6 6 0 6.0
18 33 56 40 52 42 40 2645 3 38 20 5 0 12 6 3 0 11 10 3 1 6.0
19 42 42 40 68 35 40 1020 1 15 8 6 0 5.0
20 11 36 40 64 40 40 23769 1 36 25 23 0 5.0
21 60 69 40 38 63 40 9789 3 11 6 10 0 14 5 15 1 28 6 6 1 4.0
22 18 25 40 19 42 40 2183 2 9 9 3 0 12 9 4 1 4.0
23 52 60 40 69 84 40 1737 1 14 14 11 0 6.0
24 46 80 40 62 32 40 8483 2 25 25 25 0 10 7 4 0 6.0
25 11 53 40 16 72 40 17534 2 31 23 6 0 9 9 9 0 4.0
26 64 56 40 51 15 40 1011 1 14 8 8 1 5.0
27 11 45 40 43 57 40 28317 3 31 25 11 0 21 16 30 0 11 10 11 1 5.0
28 23 23 40 70 62 40 11930 2 12 8 5 0 34 16 24 1 6.0
29 50 74 40 46 38 40 13065 3 9 6 1 0 21 8 12 0 32 19 11 1 5.0
30 19 50 40 10 74 40 45000 1 34 23 23 0 4.0
31 65 23 40 20 38 40 45000 2 32 25 10 0 34 25 5 0 4.0
32 13 20 40 59 83 40 27378 3 28 20 19 0 34 11 12 0 19 14 13 1 5.0
33 59 30 40 61 72 40 875 2 9 6 6 0 12 9 12 0 6.0
34 39 17 40 37 64 40 21587 2 27 11 3 1 20 18 18 1 4.0
35 23 77 40 10 60 40 8408 2 34 16 11 0 11 9 3 0 5.0
36 24 62 40 54 15 40 258 1 9 7 2 1 4.0
37 24 19 40 67 53 40 45000 3 37 25 20 0 14 11 10 0 9 6 3 1 4.0
38 51 73 40 36 44 40 7167 3 11 11 11 0 11 10 7 0 53 23 6 1 6.0
39 12 78 40 46 51 40 11731 2 11 9 17 1 21 21 6 1 4.0
40 44 54 40 61 47 40 45000 2 33 24 12 0 13 8 8 0 4.0
41 39 67 40 30 54 40 701 2 25 8 6 0 19 13 1 1 6.0
42 45 83 40 17 23 40 2893 2 10 10 15 0 21 11 17 0 6.0
43 51 84 40 65 67 40 2829 2 10 10 10 0 11 11 6 0 5.0
44 17 60 40 57 78 40 5103 3 11 8 8 0 34 8 8 0 11 11 11 0 5.0
45 41 52 40 42 23 40 1210 2 10 7 9 0 19 14 2 1 6.0
46 18 44 40 22 71 40 27987 2 16 13 7 0 20 11 30 0 4.0
47 43 44 40 42 34 40 14758 2 29 7 7 0 9 9 6 0 4.0
48 23 19 40 23 41 40 4530 3 29 25 3 0 28 11 11 0 11 6 3 0 6.0
49 26 74 40 25 36 40 5268 1 20 20 7 1 5.0
50 69 40 40 55 53 40 1824 2 20 7 2 0 38 7 5 0 5.0
51 16 38 40 19 61 40 2972 3 23 17 3 0 14 14 9 0 9 9 6 1 6.0
52 36 52 40 40 80 40 3784 1 19 12 12 0 5.0
