5     53    45000 60    25    30   
0     40    50    0     40    50    1236  0     
1 53 66 40 53 82 40 2755 2 16 13 6 0 11 7 2 1 4.0
2 18 73 40 42 38 40 2470 2 11 10 11 0 10 10 7 1 5.0
3 21 52 40 45 75 40 4889 1 18 18 18 1 6.0
4 36 74 40 65 62 40 45000 3 12 10 17 0 10 7 2 0 17 17 10 0 4.0
5 24 51 40 42 15 40 11168 3 40 25 28 0 18 18 6 0 34 21 9 1 6.0
6 33 76 40 40 16 40 8603 3 28 21 6 0 28 23 6 0 21 21 6 0 6.0
7 64 54 40 68 30 40 4465 3 14 8 6 0 10 10 6 0 12 12 30 0 6.0
8 63 58 40 55 60 40 8298 3 12 10 3 0 25 18 30 0 60 25 3 0 6.0
9 48 30 40 18 25 40 1041 2 11 11 1 0 10 7 4 0 4.0
10 17 27 40 60 17 40 17121 3 12 12 12 0 28 18 3 1 13 13 10 1 4.0
11 16 31 40 59 49 40 790 2 13 8 3 0 12 7 3 0 5.0
12 45 32 40 48 50 40 14252 1 18 18 25 1 4.0
13 66 40 40 35 65 40 45000 2 28 25 17 0 38 25 17 0 4.0
14 42 37 40 48 62 40 283 1 10 10 3 0 5.0
15 51 45 40 57 52 40 1448 2 13 9 10 0 10 9 10 0 6.0
16 43 26 40 30 55 40 13137 3 12 12 12 0 37 25 5 0 31 25 4 0 5.0
17 14 67 40 11 23 40 9439 3 25 20 4 0 12 12 12 0 23 23 25 0 6.0
18 12 40 40 53 31 40 3281 3 10 7 5 0 22 6 6 0 33 7 10 0 5.0
19 12 75 40 12 70 40 31507 3 11 8 13 0 11 7 2 1 13 13 13 1 4.0
20 40 55 40 34 70 40 749 1 10 9 7 0 5.0
21 14 49 40 61 55 40 3289 2 15 10 15 0 9 8 5 1 5.0
22 26 82 40 49 45 40 406 1 12 10 7 0 6.0
23 29 27 40 32 21 40 639 2 10 10 2 0 25 18 6 1 6.0
24 10 73 40 47 20 40 1762 2 15 10 7 0 12 9 12 1 6.0
25 62 65 40 17 57 40 10492 1 15 13 16 0 4.0
26 15 51 40 15 32 40 11116 3 14 12 10 0 15 13 15 0 12 12 12 0 4.0
27 44 73 40 14 74 40 13937 2 32 25 13 0 12 10 7 1 5.0
28 36 19 40 69 57 40 25660 2 10 7 7 0 18 18 12 0 4.0
29 33 31 40 13 48 40 14624 2 21 17 12 0 60 25 9 0 6.0
30 64 21 40 16 28 40 794 1 10 8 9 1 5.0
31 44 37 40 47 85 40 27491 3 25 15 14 0 15 15 25 0 10 7 7 0 4.0
32 65 17 40 70 46 40 5160 2 32 25 2 0 34 12 4 0 4.0
33 55 15 40 65 46 40 359 1 8 7 6 0 5.0
34 16 59 40 66 27 40 16030 3 13 10 7 0 32 10 30 0 29 10 4 1 5.0
35 45 43 40 17 42 40 1000 2 12 10 4 1 10 7 7 1 5.0
36 16 35 40 33 41 40 384 1 12 9 6 0 6.0
37 31 58 40 45 70 40 1398 1 13 9 9 0 5.0
38 51 71 40 39 56 40 2790 2 10 9 9 0 12 10 7 0 4.0
39 57 48 40 40 83 40 70 1 10 7 1 0 5.0
40 15 42 40 20 79 40 7120 1 31 25 5 0 4.0
41 12 38 40 65 66 40 3126 3 15 15 6 1 21 21 7 1 31 7 7 1 6.0
42 13 30 40 34 24 40 28581 1 22 22 29 0 4.0
43 48 84 40 41 29 40 13291 2 23 12 10 0 12 10 3 1 4.0
44 67 64 40 25 47 40 2465 3 12 12 15 0 12 10 9 0 10 8 13 1 6.0
45 39 44 40 21 22 40 207 1 10 10 9 0 6.0
46 69 37 40 65 74 40 12053 2 15 15 14 0 17 10 3 0 4.0
47 61 23 40 37 48 40 5021 3 18 18 6 0 18 12 18 0 13 9 2 1 6.0
48 40 82 40 17 76 40 1140 1 10 10 10 1 5.0
49 31 76 40 36 17 40 3822 2 11 10 6 0 10 7 9 1 4.0
50 56 48 40 16 69 40 4636 1 60 7 12 0 5.0
51 41 44 40 51 67 40 13067 2 10 10 10 0 46 25 12 0 6.0
52 53 54 40 34 78 40 13061 2 17 11 1 0 22 17 12 1 4.0
53 57 47 40 15 27 40 13302 2 37 25 12 0 23 23 7 0 5.0
