5     53    45000 60    25    30   
0     40    50    0     40    50    1236  0     
1 38 20 40 66 45 40 2944 2 16 14 6 0 11 7 2 0 4.0
2 37 24 40 23 45 40 2470 2 11 10 11 0 10 10 7 0 5.0
3 37 78 40 66 50 40 6716 3 18 18 18 0 12 10 17 0 10 7 2 0 6.0
4 36 71 40 45 29 40 45000 3 17 17 10 0 40 25 28 1 18 18 6 1 4.0
5 37 79 40 41 31 40 3202 2 34 22 9 0 28 22 6 1 6.0
6 61 47 40 20 54 40 3312 1 28 23 6 0 6.0
7 67 57 40 16 44 40 3335 3 22 22 6 0 14 8 6 1 10 10 6 1 6.0
8 55 45 40 45 26 40 8217 3 12 12 30 0 12 10 3 0 25 18 30 1 6.0
9 23 57 40 21 51 40 12728 3 60 25 3 0 11 11 1 0 10 7 4 1 4.0
10 57 50 40 46 75 40 11252 2 12 12 12 0 28 18 3 0 4.0
11 54 53 40 44 30 40 2368 1 13 13 10 0 5.0
12 35 75 40 42 71 40 549 1 13 8 3 0 4.0
13 16 57 40 26 50 40 45000 3 12 7 3 0 18 18 25 1 28 25 17 1 4.0
14 44 20 40 57 54 40 16679 3 38 25 17 0 10 10 3 0 14 9 10 1 5.0
15 45 32 40 67 44 40 1838 2 10 9 10 0 12 12 12 1 6.0
16 17 49 40 17 45 40 10736 2 37 25 5 0 31 25 4 0 5.0
17 59 46 40 56 50 40 2076 2 25 20 4 0 12 12 12 0 6.0
18 62 57 40 21 55 40 13655 3 23 23 25 0 10 7 5 0 22 6 6 0 5.0
19 65 54 40 19 46 40 31137 2 33 7 10 0 11 8 13 1 4.0
20 58 57 40 27 51 40 3447 2 11 7 2 0 14 14 14 0 5.0
21 40 28 40 67 56 40 3629 2 10 9 7 1 15 10 15 1 5.0
22 38 22 40 47 29 40 677 3 9 8 5 0 12 10 7 1 10 10 2 1 6.0
23 61 53 40 21 49 40 595 1 25 18 6 0 6.0
24 46 21 40 64 46 40 1762 2 15 10 7 0 12 9 12 0 6.0
25 59 44 40 45 25 40 11299 1 15 14 16 1 4.0
26 18 46 40 59 47 40 2949 1 14 12 10 0 4.0
27 45 75 40 40 69 40 6048 2 15 14 15 0 12 12 12 0 5.0
28 37 77 40 39 81 40 45000 2 32 25 14 0 12 10 7 0 4.0
29 47 26 40 40 70 40 7291 3 10 7 7 0 18 18 12 0 22 17 12 0 6.0
30 17 52 40 66 46 40 15687 2 60 25 9 0 10 8 9 1 5.0
31 37 80 40 34 28 40 26305 2 25 15 14 0 15 15 25 0 4.0
32 45 74 40 42 78 40 6022 3 10 7 7 0 33 25 2 0 34 12 4 1 4.0
33 15 47 40 40 75 40 359 1 8 7 6 0 5.0
34 21 48 40 16 47 40 16181 3 14 10 7 0 32 10 30 0 30 10 4 1 5.0
35 45 20 40 42 31 40 1000 2 12 10 4 0 10 7 7 0 5.0
36 66 48 40 15 48 40 384 1 12 9 6 0 6.0
37 39 26 40 24 50 40 2473 2 13 9 9 0 10 9 9 0 5.0
38 38 79 40 44 77 40 1538 2 12 10 7 0 10 7 1 1 4.0
39 42 77 40 45 28 40 3869 1 31 25 5 1 5.0
40 37 20 40 15 46 40 2481 1 15 15 6 0 4.0
41 41 71 40 54 47 40 2418 2 21 21 7 0 31 7 7 0 6.0
42 40 71 40 43 75 40 34201 2 22 22 29 0 23 12 10 0 4.0
43 43 24 40 44 32 40 15336 3 12 10 3 0 12 12 15 0 12 10 9 0 4.0
44 42 75 40 38 73 40 1117 2 10 8 13 0 10 10 9 1 6.0
45 26 57 40 15 49 40 726 1 15 15 14 1 6.0
46 43 28 40 14 44 40 8082 2 17 10 3 0 18 18 6 0 4.0
47 56 47 40 40 32 40 3426 2 18 12 18 0 14 9 2 0 6.0
48 39 76 40 35 32 40 1893 2 10 10 10 0 11 10 6 1 5.0
49 27 45 40 42 69 40 16801 2 10 7 9 0 60 7 12 0 4.0
50 20 49 40 41 72 40 920 1 10 10 10 0 5.0
51 41 79 40 65 46 40 16312 3 46 25 12 0 17 11 1 0 22 17 12 0 6.0
52 44 19 40 66 51 40 31011 1 37 25 12 0 4.0
53 59 55 40 56 51 40 3328 1 23 23 7 1 5.0
