5     53    45000 60    25    30   
0     40    50    0     40    50    1236  0     
1 51 37 40 15 63 40 6200 2 18 8 14 0 8 6 13 0 4.0
2 32 81 40 27 63 40 2668 2 8 6 3 0 18 18 20 0 6.0
3 61 38 40 27 33 40 1171 3 14 6 2 0 10 10 7 0 20 10 10 0 6.0
4 10 81 40 52 16 40 45000 3 15 15 15 0 23 18 9 0 8 7 2 1 4.0
5 19 68 40 38 27 40 258 1 25 15 3 1 6.0
6 45 21 40 38 19 40 16632 2 8 6 2 0 31 25 30 1 6.0
7 27 78 40 67 67 40 4956 4 10 10 10 0 10 10 8 0 18 12 4 1 11 8 2 1 5.0
8 48 59 40 54 60 40 8287 4 10 10 8 0 10 10 9 0 14 10 7 0 14 14 4 0 4.0
9 20 40 40 48 57 40 10649 3 13 7 4 0 23 18 8 1 18 17 9 1 5.0
10 16 24 40 12 25 40 11895 1 15 15 15 0 4.0
11 49 33 40 55 16 40 1557 2 13 9 6 0 8 8 6 0 5.0
12 70 28 40 13 67 40 733 2 9 6 2 0 9 9 6 0 5.0
13 66 22 40 18 22 40 21045 4 24 19 8 0 10 8 5 0 17 7 10 0 15 14 9 1 4.0
14 37 37 40 38 84 40 2309 3 25 25 3 0 15 8 5 0 10 8 6 1 6.0
15 57 65 40 18 76 40 3901 2 8 6 5 0 15 15 15 0 5.0
16 64 25 40 52 84 40 2496 2 24 18 2 0 12 8 3 1 4.0
17 22 85 40 30 39 40 45000 5 31 15 3 0 22 10 7 0 25 18 10 0 43 23 28 0 10 10 10 1 5.0
18 42 26 40 30 45 40 5839 4 12 9 10 0 16 11 11 0 35 6 6 0 18 10 30 0 6.0
19 49 35 40 64 16 40 1404 2 8 6 5 0 10 6 3 1 4.0
20 64 52 40 52 73 40 7466 1 36 13 8 0 4.0
21 16 63 40 11 45 40 31030 5 18 15 8 0 26 14 22 0 11 8 3 0 10 7 3 1 28 15 30 1 5.0
22 43 82 40 54 73 40 19907 4 53 20 5 0 31 25 6 0 8 6 15 0 29 16 6 1 5.0
23 11 57 40 18 49 40 9168 2 24 10 10 0 21 11 4 0 4.0
24 14 41 40 20 65 40 2467 1 11 11 11 0 5.0
25 30 29 40 34 24 40 15166 2 25 17 4 0 25 6 8 0 4.0
26 69 85 40 55 31 40 188 1 10 10 10 1 6.0
27 23 83 40 67 33 40 605 1 15 8 8 0 6.0
28 13 26 40 56 35 40 30800 2 24 13 9 0 20 10 13 1 4.0
29 56 17 40 68 77 40 1890 4 13 13 3 0 22 6 7 0 23 17 5 0 9 6 4 1 6.0
30 37 75 40 40 39 40 3968 4 16 11 11 0 10 10 6 0 23 11 20 0 17 6 7 1 6.0
31 14 35 40 20 26 40 45000 5 15 15 5 0 15 15 10 0 13 9 1 0 14 14 30 1 20 15 25 1 4.0
32 29 68 40 68 43 40 10886 5 25 6 6 0 10 8 2 0 21 14 11 0 13 8 8 1 19 18 12 1 5.0
33 59 45 40 61 77 40 5486 3 8 7 7 0 19 17 5 0 15 6 9 0 5.0
34 70 45 40 25 19 40 37080 5 10 8 3 0 10 10 7 0 20 15 25 0 9 9 6 0 13 12 8 1 4.0
35 21 30 40 65 18 40 2850 2 22 22 9 0 8 6 1 1 6.0
36 10 84 40 43 84 40 445 1 12 10 7 0 6.0
37 62 17 40 17 24 40 408 1 14 14 3 1 6.0
38 18 84 40 12 53 40 645 2 12 9 7 0 9 6 2 1 6.0
39 28 17 40 21 16 40 19274 5 21 21 10 0 16 16 17 0 23 18 8 0 14 12 11 0 15 8 12 1 5.0
40 61 76 40 70 72 40 1026 2 9 8 5 0 8 8 6 0 5.0
41 37 66 40 36 51 40 12121 5 16 11 19 0 8 6 1 0 43 25 5 0 12 7 4 0 13 6 5 0 5.0
42 23 81 40 28 16 40 956 2 20 14 10 0 15 8 8 0 6.0
43 64 75 40 27 28 40 45000 5 18 13 5 0 16 14 8 0 25 18 5 0 15 10 30 0 13 13 5 1 4.0
44 48 60 40 19 23 40 3358 3 10 10 10 0 13 13 13 0 10 10 8 1 5.0
45 54 69 40 50 68 40 12771 4 13 10 4 0 15 15 15 0 8 8 5 0 11 8 8 0 4.0
46 49 73 40 19 19 40 12529 2 23 18 8 0 10 8 6 1 4.0
47 12 58 40 25 41 40 5450 5 9 8 7 0 8 8 8 0 21 18 4 0 18 18 9 0 18 13 7 1 6.0
48 59 25 40 46 18 40 509 3 12 7 2 0 10 8 3 1 35 7 4 1 6.0
49 40 29 40 66 52 40 24869 5 29 9 9 0 13 11 4 0 17 12 13 0 10 9 7 0 20 15 15 0 4.0
50 39 69 40 55 64 40 6625 2 8 6 5 0 16 16 19 1 5.0
51 35 34 40 16 37 40 15407 4 10 10 14 0 17 8 30 0 19 18 30 1 14 9 5 1 5.0
52 49 23 40 41 17 40 23055 5 9 8 7 0 8 8 3 0 20 17 5 0 24 13 19 0 8 6 1 0 4.0
53 47 54 40 45 41 40 15962 5 9 8 4 0 10 8 1 0 18 6 5 0 8 7 8 1 21 21 15 1 4.0
