5     52    45000 60    25    30   
0     40    50    0     40    50    1236  0     
1 53 58 40 62 47 40 8095 2 19 9 15 0 9 7 14 1 4.0
2 20 57 40 17 39 40 3264 2 9 6 3 0 19 19 22 0 6.0
3 26 57 40 41 75 40 74 1 15 6 2 0 6.0
4 56 57 40 28 45 40 22204 2 11 10 8 0 22 11 11 1 4.0
5 47 21 40 34 70 40 1128 1 17 17 17 0 6.0
6 56 66 40 40 76 40 3384 1 25 19 10 0 6.0
7 21 60 40 16 34 40 2932 3 9 7 2 0 28 17 3 0 9 7 2 0 5.0
8 39 31 40 59 35 40 45000 3 33 25 30 0 11 11 11 0 11 11 9 0 4.0
9 43 28 40 64 40 40 3644 3 20 13 4 0 12 8 2 0 11 11 8 1 5.0
10 37 30 40 22 40 40 10415 3 10 10 9 0 15 11 7 0 15 15 4 0 4.0
11 28 65 40 40 71 40 6090 2 14 8 4 0 25 19 8 0 5.0
12 54 54 40 63 35 40 4444 1 20 18 10 1 5.0
13 44 27 40 23 40 40 18674 3 17 17 17 0 14 10 7 1 9 8 6 1 4.0
14 27 60 40 64 42 40 98 1 9 7 2 0 6.0
15 19 62 40 47 69 40 583 1 10 9 6 0 5.0
16 65 56 40 56 46 40 9013 1 26 20 8 0 4.0
17 16 57 40 17 43 40 2769 2 11 8 6 0 18 7 10 0 5.0
18 40 26 40 34 77 40 3360 3 17 15 10 0 28 25 3 0 17 9 6 1 6.0
19 40 29 40 20 44 40 1985 1 11 9 6 0 4.0
20 21 57 40 65 47 40 538 1 9 6 5 0 4.0
21 54 67 40 26 43 40 8295 3 17 17 17 0 26 19 2 1 13 8 3 1 5.0
22 21 67 40 56 37 40 5615 2 33 17 3 0 24 11 8 1 5.0
23 59 60 40 36 79 40 16140 1 28 19 11 0 4.0
24 55 67 40 42 75 40 45000 2 46 25 30 0 11 11 11 0 5.0
25 22 63 40 21 37 40 20280 2 13 10 11 0 17 12 12 0 4.0
26 65 67 40 35 79 40 257 1 38 6 6 1 6.0
27 15 54 40 59 39 40 4233 3 19 11 30 0 9 6 5 0 10 6 3 1 6.0
28 62 60 40 39 71 40 39456 2 39 14 8 0 20 16 8 1 4.0
29 21 58 40 21 39 40 5750 3 29 15 24 0 12 8 3 0 11 7 3 1 6.0
30 53 66 40 39 81 40 7306 1 30 17 30 0 6.0
31 38 19 40 20 46 40 45000 2 58 22 6 0 33 25 6 0 4.0
32 27 58 40 39 73 40 8278 3 9 7 17 0 31 18 6 0 26 10 10 1 5.0
33 66 60 40 46 70 40 5516 2 23 12 4 0 12 12 12 0 4.0
34 40 30 40 65 41 40 13062 2 28 18 4 1 28 7 8 1 4.0
35 35 23 40 26 36 40 1565 2 11 11 11 0 17 8 8 0 6.0
36 28 67 40 59 40 40 1929 1 26 14 10 1 6.0
37 61 55 40 15 39 40 3687 3 22 11 14 0 14 14 3 0 24 7 8 1 6.0
38 56 59 40 23 35 40 4019 3 25 18 6 0 10 6 4 0 17 12 12 1 6.0
39 57 64 40 63 42 40 9344 2 11 11 7 1 25 12 22 1 5.0
40 37 23 40 44 74 40 3493 2 19 6 7 0 17 17 6 0 5.0
41 17 64 40 38 75 40 4220 2 17 17 11 0 14 9 1 1 5.0
42 38 20 40 40 79 40 4378 2 15 15 30 0 22 17 28 0 6.0
43 27 62 40 17 41 40 8462 2 28 7 7 0 11 9 2 0 4.0
44 65 61 40 55 40 40 8582 3 23 15 12 0 14 9 9 0 20 19 13 0 5.0
45 40 24 40 53 39 40 7033 2 9 7 7 0 21 18 6 1 4.0
46 34 20 40 63 46 40 4163 2 17 6 10 0 10 8 3 0 4.0
47 45 23 40 59 37 40 8804 2 11 11 8 0 22 17 28 0 6.0
48 28 64 40 43 75 40 2693 3 10 10 7 0 14 13 8 0 24 24 9 0 6.0
49 44 25 40 18 40 40 125 1 9 6 1 1 4.0
50 63 57 40 16 45 40 2226 2 13 10 8 0 15 15 3 0 5.0
51 37 20 40 64 38 40 5978 3 13 9 8 0 9 7 2 0 23 23 10 1 5.0
52 59 66 40 36 73 40 5056 1 18 17 18 0 5.0
