5     53    45000 60    25    30   
0     40    50    0     40    50    1236  0     
1 25 62 40 27 45 40 6200 2 18 8 14 0 8 6 13 0 4.0
2 55 65 40 39 78 40 2668 2 8 6 3 0 18 18 20 0 6.0
3 24 64 40 53 39 40 1171 3 14 6 2 0 10 10 7 0 20 10 10 0 6.0
4 65 54 40 57 45 40 45000 3 15 15 15 0 23 18 9 0 8 7 2 1 4.0
5 26 57 40 23 46 40 258 1 25 15 3 1 6.0
6 66 60 40 16 36 40 16632 2 8 6 2 0 31 25 30 1 6.0
7 64 56 40 46 76 40 4956 4 10 10 10 0 10 10 8 0 18 12 4 1 11 8 2 1 5.0
8 57 60 40 40 80 40 8287 4 10 10 8 0 10 10 9 0 14 10 7 0 14 14 4 0 4.0
9 45 25 40 25 46 40 10649 3 13 7 4 0 23 18 8 1 18 17 9 1 5.0
10 59 64 40 20 37 40 11895 1 15 15 15 0 4.0
11 21 64 40 34 81 40 1557 2 13 9 6 0 8 8 6 0 5.0
12 36 24 40 66 47 40 733 2 9 6 2 0 9 9 6 0 5.0
13 22 67 40 62 37 40 21045 4 24 19 8 0 10 8 5 0 17 7 10 0 15 14 9 1 4.0
14 18 62 40 38 82 40 2309 3 25 25 3 0 15 8 5 0 10 8 6 1 6.0
15 37 20 40 23 40 40 3901 2 8 6 5 0 15 15 15 0 5.0
16 21 67 40 23 39 40 2496 2 24 18 2 0 12 8 3 1 4.0
17 41 22 40 60 44 40 45000 5 31 15 3 0 22 10 7 0 25 18 10 0 43 23 28 0 10 10 10 1 5.0
18 57 63 40 19 45 40 5839 4 12 9 10 0 16 11 11 0 35 6 6 0 18 10 30 0 6.0
19 41 25 40 38 69 40 1404 2 8 6 5 0 10 6 3 1 4.0
20 59 61 40 26 35 40 7466 1 36 13 8 0 4.0
21 54 64 40 39 72 40 31030 5 18 15 8 0 26 14 22 0 11 8 3 0 10 7 3 1 28 15 30 1 5.0
22 47 30 40 18 47 40 19907 4 53 20 5 0 31 25 6 0 8 6 15 0 29 16 6 1 5.0
23 37 23 40 42 80 40 9168 2 24 10 10 0 21 11 4 0 4.0
24 54 55 40 21 36 40 2467 1 11 11 11 0 5.0
25 19 62 40 41 71 40 15166 2 25 17 4 0 25 6 8 0 4.0
26 59 59 40 40 82 40 188 1 10 10 10 1 6.0
27 28 62 40 18 44 40 605 1 15 8 8 0 6.0
28 55 58 40 28 36 40 30800 2 24 13 9 0 20 10 13 1 4.0
29 40 25 40 66 45 40 1890 4 13 13 3 0 22 6 7 0 23 17 5 0 9 6 4 1 6.0
30 22 66 40 65 39 40 3968 4 16 11 11 0 10 10 6 0 23 11 20 0 17 6 7 1 6.0
31 63 60 40 61 46 40 45000 5 15 15 5 0 15 15 10 0 13 9 1 0 14 14 30 1 20 15 25 1 4.0
32 57 64 40 22 39 40 10886 5 25 6 6 0 10 8 2 0 21 14 11 0 13 8 8 1 19 18 12 1 5.0
33 57 54 40 54 43 40 5486 3 8 7 7 0 19 17 5 0 15 6 9 0 5.0
34 41 28 40 15 38 40 37080 5 10 8 3 0 10 10 7 0 20 15 25 0 9 9 6 0 13 12 8 1 4.0
35 34 24 40 42 73 40 2850 2 22 22 9 0 8 6 1 1 6.0
36 57 56 40 35 75 40 445 1 12 10 7 0 6.0
37 24 57 40 54 40 40 408 1 14 14 3 1 6.0
38 59 67 40 60 36 40 645 2 12 9 7 0 9 6 2 1 6.0
39 22 55 40 61 40 40 19274 5 21 21 10 0 16 16 17 0 23 18 8 0 14 12 11 0 15 8 12 1 5.0
40 28 67 40 59 39 40 1026 2 9 8 5 0 8 8 6 0 5.0
41 36 20 40 42 77 40 12121 5 16 11 19 0 8 6 1 0 43 25 5 0 12 7 4 0 13 6 5 0 5.0
42 15 56 40 26 40 40 956 2 20 14 10 0 15 8 8 0 6.0
43 16 61 40 28 42 40 45000 5 18 13 5 0 16 14 8 0 25 18 5 0 15 10 30 0 13 13 5 1 4.0
44 39 25 40 45 74 40 3358 3 10 10 10 0 13 13 13 0 10 10 8 1 5.0
45 44 31 40 53 35 40 12771 4 13 10 4 0 15 15 15 0 8 8 5 0 11 8 8 0 4.0
46 17 62 40 40 76 40 12529 2 23 18 8 0 10 8 6 1 4.0
47 44 21 40 38 72 40 5450 5 9 8 7 0 8 8 8 0 21 18 4 0 18 18 9 0 18 13 7 1 6.0
48 41 24 40 53 45 40 509 3 12 7 2 0 10 8 3 1 35 7 4 1 6.0
49 61 66 40 36 80 40 24869 5 29 9 9 0 13 11 4 0 17 12 13 0 10 9 7 0 20 15 15 0 4.0
50 43 19 40 38 81 40 6625 2 8 6 5 0 16 16 19 1 5.0
51 21 65 40 60 46 40 15407 4 10 10 14 0 17 8 30 0 19 18 30 1 14 9 5 1 5.0
52 21 60 40 23 44 40 23055 5 9 8 7 0 8 8 3 0 20 17 5 0 24 13 19 0 8 6 1 0 4.0
53 36 22 40 64 42 40 15962 5 9 8 4 0 10 8 1 0 18 6 5 0 8 7 8 1 21 21 15 1 4.0
