5     53    45000 60    25    30   
0     40    50    0     40    50    1236  0     
1 35 25 40 38 70 40 9159 1 28 20 6 1 4.0
2 21 54 40 40 75 40 18713 2 12 7 9 0 32 25 11 0 5.0
3 21 66 40 23 39 40 3650 1 23 9 30 0 6.0
4 59 63 40 34 69 40 10786 3 12 10 4 0 26 20 16 1 9 7 6 1 5.0
5 58 62 40 19 44 40 665 3 9 6 4 0 24 21 5 0 10 8 5 1 6.0
6 45 19 40 26 45 40 23904 3 30 25 13 0 9 8 12 0 12 9 8 1 4.0
7 19 63 40 15 42 40 45000 2 35 19 5 0 41 18 12 1 4.0
8 63 66 40 65 34 40 8289 3 26 20 9 0 26 23 6 0 23 6 3 1 5.0
9 15 54 40 21 43 40 4491 3 38 6 6 0 20 15 6 0 13 9 5 0 5.0
10 45 21 40 55 46 40 4525 1 47 25 2 1 5.0
11 39 29 40 21 40 40 504 1 12 8 4 0 5.0
12 35 30 40 64 42 40 21604 2 15 11 6 0 20 11 18 0 4.0
13 19 60 40 44 81 40 37294 2 10 6 6 0 60 23 6 1 4.0
14 46 20 40 34 74 40 32980 2 9 8 5 0 18 16 16 1 4.0
15 64 57 40 26 39 40 606 1 18 18 6 0 6.0
16 36 25 40 26 44 40 7041 2 15 15 6 0 39 25 12 0 6.0
17 47 31 40 44 74 40 4339 2 9 6 2 0 12 12 11 0 4.0
18 54 62 40 59 47 40 2050 3 16 16 16 0 16 15 5 0 18 6 8 1 6.0
19 65 65 40 58 34 40 7266 3 9 7 8 0 11 9 8 0 12 12 6 0 4.0
20 64 55 40 25 38 40 22066 2 37 22 30 0 15 9 4 1 6.0
21 34 31 40 64 43 40 139 1 12 10 5 0 6.0
22 42 20 40 27 42 40 4265 1 9 9 9 0 4.0
23 46 32 40 59 43 40 5428 3 39 25 6 0 10 10 10 0 30 16 26 0 6.0
24 41 24 40 36 79 40 309 2 12 9 6 0 11 9 6 0 6.0
25 42 27 40 22 46 40 37135 2 9 6 4 0 18 12 10 0 4.0
26 26 61 40 36 81 40 3386 3 10 9 5 0 15 12 15 0 12 12 12 1 6.0
27 24 58 40 23 36 40 8788 1 26 15 17 0 5.0
28 25 60 40 54 42 40 9334 2 12 7 8 0 30 17 15 0 5.0
29 60 58 40 47 81 40 11782 2 20 16 21 0 12 9 9 0 5.0
30 22 67 40 24 40 40 13543 1 26 25 16 1 5.0
31 40 23 40 61 39 40 30455 3 33 15 15 0 16 9 4 0 28 13 4 1 4.0
32 66 60 40 23 44 40 1501 3 12 9 6 0 23 7 7 0 19 9 19 0 6.0
33 35 28 40 34 70 40 2799 1 40 6 6 0 5.0
34 18 60 40 39 72 40 10279 3 9 7 4 0 9 6 4 0 47 18 5 1 4.0
35 60 66 40 40 79 40 14106 1 26 22 27 0 5.0
36 34 28 40 25 40 40 206 2 9 7 6 0 9 6 1 0 6.0
37 64 67 40 56 46 40 3887 1 9 7 9 0 4.0
38 28 62 40 55 38 40 1037 2 25 18 3 0 11 8 5 0 6.0
39 24 56 40 34 80 40 21439 3 9 9 9 0 36 13 6 0 20 18 12 0 4.0
40 55 60 40 66 44 40 700 1 18 10 7 1 6.0
41 19 65 40 58 40 40 4191 3 13 9 4 1 17 9 4 1 9 9 9 1 4.0
42 24 63 40 17 47 40 862 1 18 9 6 0 5.0
43 21 62 40 46 73 40 9299 2 19 13 7 0 22 13 15 0 5.0
44 26 57 40 61 40 40 8467 3 12 9 6 0 12 9 1 0 23 17 9 1 5.0
45 65 57 40 44 77 40 828 1 19 12 7 0 6.0
46 59 60 40 59 39 40 45000 1 31 19 19 0 4.0
47 61 59 40 35 73 40 2532 2 20 20 5 0 9 6 4 1 5.0
48 58 64 40 41 75 40 1473 2 9 9 9 0 9 9 12 0 6.0
49 16 59 40 42 80 40 24893 2 29 19 18 0 12 9 8 1 4.0
50 60 55 40 19 36 40 1389 3 11 8 6 0 12 12 15 0 23 18 15 1 6.0
51 62 55 40 24 36 40 15538 2 20 20 26 0 12 9 6 1 5.0
52 37 31 40 66 43 40 45000 2 12 9 1 0 30 21 30 0 4.0
53 25 63 40 60 46 40 1793 2 12 9 3 0 10 10 3 1 4.0
