5     53    45000 60    25    30   
0     40    50    0     40    50    1236  0     
1 25 62 40 27 45 40 12441 2 29 21 6 0 13 7 10 0 4.0
2 55 65 40 39 78 40 30460 2 33 25 11 0 24 9 30 0 5.0
3 24 64 40 53 39 40 5705 3 12 10 4 0 26 21 16 0 10 7 7 0 6.0
4 65 54 40 57 45 40 3761 3 10 7 4 0 24 21 5 1 10 8 5 1 5.0
5 26 57 40 23 46 40 2498 2 31 25 14 0 9 8 13 1 6.0
6 66 60 40 16 36 40 1949 1 13 9 8 0 4.0
7 64 56 40 46 76 40 45000 3 36 20 5 0 42 18 12 1 27 21 9 1 4.0
8 57 60 40 40 80 40 6018 3 27 24 6 0 24 7 3 0 39 7 7 1 5.0
9 45 25 40 25 46 40 5912 3 21 15 6 0 13 10 5 0 48 25 2 1 5.0
10 59 64 40 20 37 40 2964 2 12 8 4 0 15 11 7 0 5.0
11 21 64 40 34 81 40 5460 1 21 11 18 0 5.0
12 36 24 40 66 47 40 1833 1 10 7 6 0 4.0
13 22 67 40 62 37 40 45000 3 60 24 6 0 10 8 5 1 18 17 17 1 4.0
14 18 62 40 38 82 40 45000 3 18 18 6 0 16 16 6 0 39 25 12 1 4.0
15 37 20 40 23 40 40 538 2 10 7 2 0 12 12 11 1 6.0
16 21 67 40 23 39 40 2898 2 16 16 16 0 17 15 5 0 6.0
17 41 22 40 60 44 40 4021 2 18 7 8 0 10 7 8 0 4.0
18 57 63 40 19 45 40 9307 3 11 10 8 0 12 12 6 0 38 23 30 0 6.0
19 41 25 40 38 69 40 4205 2 15 10 4 0 13 10 5 1 4.0
20 59 61 40 26 35 40 6918 2 10 10 10 0 39 25 7 0 6.0
21 54 64 40 39 72 40 3227 2 10 10 10 1 31 16 26 1 6.0
22 47 30 40 18 47 40 10027 3 12 10 7 0 11 9 6 1 10 7 4 1 4.0
23 37 23 40 42 80 40 657 1 18 13 10 0 6.0
24 54 55 40 21 36 40 795 2 10 10 5 0 15 12 15 0 6.0
25 19 62 40 41 71 40 27007 1 12 12 12 1 4.0
26 59 59 40 40 82 40 4909 1 26 16 17 0 6.0
27 28 62 40 18 44 40 11369 2 12 7 8 0 31 17 15 0 5.0
28 55 58 40 28 36 40 9098 2 20 17 21 0 12 9 9 0 5.0
29 40 25 40 66 45 40 31558 3 27 25 17 0 33 16 16 0 17 10 4 0 5.0
30 22 66 40 65 39 40 3052 2 29 14 4 0 12 10 6 1 5.0
31 63 60 40 61 46 40 15413 2 24 7 7 0 19 10 19 0 4.0
32 57 64 40 22 39 40 767 3 41 7 7 0 10 7 4 0 10 7 4 1 6.0
33 57 54 40 54 43 40 8396 1 48 18 5 0 5.0
34 41 28 40 15 38 40 37859 3 26 23 28 0 10 7 7 0 10 7 1 1 4.0
35 34 24 40 42 73 40 1922 2 10 7 10 0 26 18 3 0 5.0
36 57 56 40 35 75 40 210 1 11 8 5 0 6.0
37 24 57 40 54 40 40 25954 2 10 9 10 0 37 13 6 0 4.0
38 59 67 40 60 36 40 3358 2 21 18 12 0 18 10 7 1 6.0
39 22 55 40 61 40 40 1528 1 14 10 4 1 4.0
40 28 67 40 59 39 40 378 1 17 10 4 0 6.0
41 36 20 40 42 77 40 5235 2 10 10 10 0 18 10 7 0 4.0
42 15 56 40 26 40 40 5672 2 20 13 7 0 22 13 16 0 5.0
43 16 61 40 28 42 40 6623 3 12 9 6 0 12 10 1 0 23 17 9 0 5.0
44 39 25 40 45 74 40 28680 2 20 12 7 0 32 20 20 1 5.0
45 44 31 40 53 35 40 1143 1 21 21 5 1 6.0
46 17 62 40 40 76 40 10623 2 10 7 4 0 10 9 9 0 4.0
47 44 21 40 38 72 40 13713 2 10 10 12 0 30 20 18 0 5.0
48 41 24 40 53 45 40 1206 2 12 9 8 0 11 8 6 1 6.0
49 61 66 40 36 80 40 20814 2 13 13 15 0 24 18 15 0 4.0
50 43 19 40 38 81 40 1686 1 20 20 27 0 6.0
51 21 65 40 60 46 40 28547 3 12 9 6 0 12 10 1 0 31 21 30 0 5.0
52 21 60 40 23 44 40 860 1 12 10 3 0 4.0
53 36 22 40 64 42 40 862 1 10 10 3 1 4.0
