5     53    45000 60    25    30   
0     40    50    0     40    50    1236  0     
1 39 30 40 35 71 40 3912 4 14 11 5 0 9 6 2 0 9 9 9 0 8 8 6 1 4.0
2 62 61 40 60 44 40 5296 1 16 16 16 1 5.0
3 39 31 40 38 72 40 2691 3 10 9 15 0 8 6 2 0 14 14 9 1 6.0
4 62 64 40 66 39 40 45000 4 34 25 24 0 16 16 5 0 29 18 8 0 23 18 5 1 4.0
5 20 59 40 65 41 40 671 1 23 19 5 0 6.0
6 23 66 40 46 75 40 4337 4 18 18 5 0 12 7 5 0 8 8 5 1 10 10 27 1 6.0
7 46 29 40 23 35 40 9980 4 10 8 3 0 21 15 27 0 51 24 3 0 9 9 1 1 6.0
8 56 56 40 40 80 40 517 2 8 6 3 0 10 10 10 0 6.0
9 56 61 40 23 36 40 6449 4 23 16 3 0 11 11 8 0 11 7 3 0 10 6 3 0 4.0
10 20 62 40 58 40 40 45000 2 16 16 21 0 23 23 15 0 4.0
11 53 64 40 23 42 40 15336 2 32 24 14 0 8 8 3 1 5.0
12 63 65 40 43 70 40 3744 3 11 7 8 0 8 8 8 0 10 10 10 1 4.0
13 45 32 40 22 43 40 14122 2 31 21 4 0 26 25 4 0 4.0
14 44 20 40 62 44 40 9426 3 21 17 4 0 10 10 10 0 19 19 21 0 5.0
15 62 65 40 24 40 40 1984 5 9 6 4 0 19 5 5 0 28 6 8 0 9 7 11 0 9 6 2 1 6.0
16 26 58 40 46 82 40 4489 3 11 11 11 0 9 7 6 0 13 9 13 1 5.0
17 16 57 40 44 69 40 1772 5 8 7 4 0 10 9 6 0 9 9 2 0 21 16 5 0 12 8 6 1 6.0
18 64 60 40 47 76 40 5904 5 10 7 10 0 12 11 14 0 12 10 9 0 12 11 12 1 10 10 10 1 5.0
19 19 67 40 46 69 40 45000 4 27 23 11 0 10 8 6 1 9 6 6 1 16 16 10 1 4.0
20 38 19 40 16 40 40 14511 2 18 14 10 0 55 22 8 1 5.0
21 28 61 40 64 37 40 4763 2 9 7 8 0 21 13 12 0 5.0
22 41 24 40 21 47 40 1856 2 13 13 21 0 8 6 6 0 6.0
23 39 21 40 64 45 40 704 4 28 22 2 0 29 10 4 0 7 6 5 0 11 9 6 1 6.0
24 21 67 40 56 36 40 5379 2 27 9 27 0 25 8 3 0 6.0
25 62 57 40 21 34 40 3121 3 10 8 3 0 8 6 6 0 10 8 5 0 4.0
26 57 66 40 53 39 40 946 1 11 7 7 0 4.0
27 16 60 40 47 80 40 1230 2 8 8 8 0 10 8 6 1 5.0
28 35 25 40 25 45 40 281 1 8 6 1 0 4.0
29 38 30 40 25 43 40 11983 5 26 21 4 0 13 13 5 0 18 18 6 0 26 6 6 0 19 19 24 1 6.0
30 34 24 40 53 46 40 1942 2 19 10 8 0 10 8 3 0 5.0
31 59 56 40 34 75 40 7595 4 10 10 13 0 10 9 8 0 8 7 11 0 9 8 7 0 4.0
32 18 58 40 59 38 40 10014 4 13 13 12 0 15 9 3 0 16 16 5 0 16 10 16 1 4.0
33 20 64 40 36 73 40 736 2 11 8 2 0 8 8 8 1 5.0
34 15 63 40 39 73 40 5945 4 9 8 5 0 8 6 7 1 52 6 10 1 8 8 8 1 5.0
35 60 55 40 54 40 40 10189 2 39 25 10 0 15 9 1 0 5.0
36 65 56 40 15 41 40 5543 2 19 15 10 0 31 21 10 0 6.0
37 54 63 40 28 35 40 12826 3 20 20 6 0 22 18 8 0 16 16 16 1 5.0
38 40 25 40 42 75 40 12649 4 24 12 10 0 16 10 9 0 38 9 7 0 16 16 3 1 4.0
39 22 65 40 40 71 40 5957 3 10 9 3 0 8 8 8 0 36 18 8 1 5.0
40 40 32 40 35 75 40 2866 1 15 13 8 0 4.0
41 20 54 40 56 35 40 4836 4 21 21 17 0 8 8 16 0 11 8 5 0 9 7 4 0 6.0
42 58 64 40 63 42 40 9925 3 22 8 13 0 17 13 6 0 14 10 9 1 4.0
43 28 57 40 21 36 40 45000 5 10 9 8 0 26 21 10 0 16 16 16 0 13 13 13 0 18 18 5 0 4.0
44 43 22 40 65 36 40 15356 4 24 24 30 0 8 8 8 0 23 11 21 0 17 11 19 1 6.0
45 16 56 40 16 35 40 467 1 27 25 3 1 6.0
46 41 25 40 59 40 40 44617 5 9 6 2 0 55 25 6 0 17 10 23 0 10 8 13 0 8 6 5 1 4.0
47 59 64 40 44 81 40 99 1 10 6 2 0 6.0
48 46 31 40 18 41 40 1095 1 12 10 8 0 5.0
49 24 63 40 17 43 40 37036 5 12 11 7 0 14 11 9 0 21 21 10 0 8 6 6 1 17 17 19 1 4.0
50 39 32 40 20 47 40 110 1 10 6 2 1 5.0
51 21 56 40 62 34 40 3636 4 16 7 5 0 18 14 10 0 14 6 4 1 9 6 13 1 6.0
52 57 64 40 43 69 40 42558 4 16 16 16 0 37 25 11 0 10 8 10 0 9 6 3 0 4.0
53 63 64 40 26 40 40 5012 5 8 8 3 0 13 13 17 0 9 7 2 0 10 10 10 0 14 11 9 1 5.0
