5     52    45000 60    25    30   
0     40    50    0     40    50    1236  0     
1 53 58 40 62 47 40 7157 2 17 13 10 0 12 10 6 1 4.0
2 20 57 40 17 39 40 3744 2 23 13 6 0 13 8 3 0 5.0
3 26 57 40 41 75 40 423 1 12 9 9 0 6.0
4 56 57 40 28 45 40 13776 2 12 12 23 0 10 8 8 1 4.0
5 47 21 40 34 70 40 88 1 15 7 2 0 6.0
6 56 66 40 40 76 40 3221 1 22 15 15 0 6.0
7 21 60 40 16 34 40 7522 3 13 13 13 0 44 8 5 0 13 13 10 0 5.0
8 39 31 40 59 35 40 13677 3 21 17 17 0 27 10 16 0 16 15 15 0 5.0
9 43 28 40 64 40 40 8463 3 12 10 8 0 15 7 1 0 23 16 10 1 5.0
10 37 30 40 22 40 40 45000 3 16 12 16 0 24 18 30 0 13 12 2 0 4.0
11 28 65 40 40 71 40 24831 2 22 14 22 0 26 24 6 0 4.0
12 54 54 40 63 35 40 207 1 16 13 3 1 6.0
13 44 27 40 23 40 40 45000 3 25 21 6 0 11 8 3 1 28 17 10 1 4.0
14 27 60 40 64 42 40 14115 1 26 19 26 0 5.0
15 19 62 40 47 69 40 942 1 19 13 6 0 6.0
16 65 56 40 56 46 40 11826 1 13 13 13 0 4.0
17 16 57 40 17 43 40 603 2 12 8 12 0 16 16 6 0 6.0
18 40 26 40 34 77 40 10822 3 15 10 9 0 12 10 11 0 25 21 5 1 4.0
19 40 29 40 20 44 40 6097 1 13 10 6 0 4.0
20 21 57 40 65 47 40 6052 1 27 23 7 0 5.0
21 54 67 40 26 43 40 5527 3 13 10 8 0 60 10 10 1 20 11 8 1 6.0
22 21 67 40 56 37 40 40415 2 10 10 10 0 41 23 23 1 5.0
23 59 60 40 36 79 40 8378 1 16 10 23 0 4.0
24 55 67 40 42 75 40 630 2 10 7 1 0 12 8 8 0 6.0
25 22 63 40 21 37 40 9999 2 18 15 5 0 42 25 4 0 5.0
26 65 67 40 35 79 40 959 1 18 13 5 1 6.0
27 15 54 40 59 39 40 16196 3 19 13 13 0 10 7 1 0 27 25 27 1 6.0
28 62 60 40 39 71 40 14023 2 29 23 6 0 12 11 12 1 4.0
29 21 58 40 21 39 40 7585 3 60 14 6 0 19 13 6 0 27 10 16 1 6.0
30 53 66 40 39 81 40 507 1 14 10 10 0 6.0
31 38 19 40 20 46 40 45000 2 18 15 11 0 58 10 5 0 4.0
32 27 58 40 39 73 40 956 3 13 9 1 0 17 15 13 0 26 18 1 1 6.0
33 66 60 40 46 70 40 11465 2 39 10 10 0 26 25 26 0 6.0
34 40 30 40 65 41 40 13383 2 22 10 3 1 12 11 17 1 4.0
35 35 23 40 26 36 40 786 2 15 15 4 0 13 10 7 0 6.0
36 28 67 40 59 40 40 610 1 10 10 10 1 6.0
37 61 55 40 15 39 40 45000 3 42 23 23 0 15 14 15 0 36 21 7 1 4.0
38 56 59 40 23 35 40 1280 3 11 8 11 0 10 8 5 0 10 7 2 1 5.0
39 57 64 40 63 42 40 3803 2 21 21 7 1 13 10 1 1 5.0
40 37 23 40 44 74 40 40995 2 17 17 14 0 57 25 10 0 4.0
41 17 64 40 38 75 40 3205 2 23 13 8 0 17 17 1 1 5.0
42 38 20 40 40 79 40 3077 2 24 24 6 0 10 7 2 0 5.0
43 27 62 40 17 41 40 9430 2 12 8 5 0 16 13 3 0 4.0
44 65 61 40 55 40 40 9967 3 23 11 3 0 14 12 12 0 19 19 3 0 4.0
45 40 24 40 53 39 40 1140 2 10 8 2 0 10 9 10 1 5.0
46 34 20 40 63 46 40 6408 2 17 11 8 0 19 13 6 0 4.0
47 45 23 40 59 37 40 5482 2 18 17 6 0 22 22 5 0 5.0
48 28 64 40 43 75 40 8579 3 10 8 10 0 21 14 8 0 22 21 5 0 5.0
49 44 25 40 18 40 40 1870 1 10 7 5 1 4.0
50 63 57 40 16 45 40 3046 2 14 12 10 0 13 12 6 0 5.0
51 37 20 40 64 38 40 11172 3 24 16 18 0 10 7 7 0 30 23 7 1 5.0
52 59 66 40 36 73 40 997 1 46 25 3 0 6.0
