5     53    45000 60    25    30   
0     40    50    0     40    50    1236  0     
1 51 37 40 15 63 40 28260 2 10 10 10 0 23 18 8 0 4.0
2 32 81 40 27 63 40 5008 2 45 6 27 0 16 9 9 0 6.0
3 61 38 40 27 33 40 303 3 12 7 4 0 12 6 2 0 8 6 6 0 6.0
4 10 81 40 52 16 40 4970 3 11 10 8 0 17 11 6 0 8 6 6 1 4.0
5 19 68 40 38 27 40 2913 1 19 14 14 1 6.0
6 45 21 40 38 19 40 1331 2 9 6 3 0 8 8 3 1 4.0
7 27 78 40 67 67 40 39848 4 10 10 10 0 18 18 18 0 18 8 3 1 11 11 14 1 4.0
8 48 59 40 54 60 40 1381 4 11 11 7 0 8 6 1 0 10 8 6 0 15 15 15 0 6.0
9 20 40 40 48 57 40 6617 3 9 8 6 0 11 11 13 1 13 10 10 1 5.0
10 16 24 40 12 25 40 5707 1 53 25 2 0 4.0
11 49 33 40 55 16 40 8598 2 15 15 15 0 47 12 7 0 5.0
12 70 28 40 13 67 40 2454 2 12 8 1 0 15 13 10 0 5.0
13 66 22 40 18 22 40 11413 4 8 8 3 0 9 6 4 0 35 6 6 0 35 18 5 1 4.0
14 37 37 40 38 84 40 572 3 11 6 3 0 10 9 3 0 14 7 5 1 6.0
15 57 65 40 18 76 40 23602 2 32 25 20 0 10 6 9 0 5.0
16 64 25 40 52 84 40 3252 2 13 5 14 0 25 6 6 1 5.0
17 22 85 40 30 39 40 4789 5 8 8 3 0 11 8 4 0 12 12 10 0 23 23 23 0 9 7 4 1 6.0
18 42 26 40 30 45 40 6441 4 28 20 5 0 8 8 8 0 13 8 8 0 28 23 10 0 6.0
19 49 35 40 64 16 40 11825 2 19 14 28 0 10 9 10 1 5.0
20 64 52 40 52 73 40 505 1 11 8 5 0 5.0
21 16 63 40 11 45 40 45000 5 30 15 22 0 8 6 1 0 19 8 11 0 28 17 10 1 30 20 20 1 4.0
22 43 82 40 54 73 40 45000 4 28 25 9 0 30 25 5 0 25 18 17 0 30 10 11 1 4.0
23 11 57 40 18 49 40 2165 2 17 12 12 0 8 6 5 0 6.0
24 14 41 40 20 65 40 516 1 11 8 11 0 6.0
25 30 29 40 34 24 40 18658 2 24 10 3 0 18 16 16 0 4.0
26 69 85 40 55 31 40 5079 1 30 15 10 1 5.0
27 23 83 40 67 33 40 343 1 10 8 3 0 5.0
28 13 26 40 56 35 40 12125 2 8 6 2 0 33 23 18 1 6.0
29 56 17 40 68 77 40 4258 4 12 10 9 0 8 6 3 0 10 10 10 0 10 9 7 1 5.0
30 37 75 40 40 39 40 45000 4 47 20 5 0 10 8 15 0 19 19 5 0 29 21 11 1 4.0
31 14 35 40 20 26 40 22441 5 12 7 7 0 23 8 5 0 17 12 1 0 9 9 13 1 19 10 15 1 4.0
32 29 68 40 68 43 40 6834 5 9 9 9 0 10 10 5 0 10 7 7 0 30 8 8 1 10 10 10 1 5.0
33 59 45 40 61 77 40 1037 3 9 7 8 0 17 12 2 0 14 12 6 0 6.0
34 70 45 40 25 19 40 32526 5 18 10 30 0 26 6 6 0 8 8 5 0 26 25 3 0 25 10 10 1 4.0
35 21 30 40 65 18 40 3277 2 10 6 3 0 18 18 7 1 5.0
36 10 84 40 43 84 40 441 1 18 6 2 0 4.0
37 62 17 40 17 24 40 6979 1 35 7 4 1 4.0
38 18 84 40 12 53 40 1635 2 20 15 3 0 13 12 8 1 6.0
39 28 17 40 21 16 40 11132 5 8 8 5 0 17 11 11 0 11 9 4 0 10 6 3 0 15 11 7 1 4.0
40 61 76 40 70 72 40 3984 2 9 8 6 0 13 9 2 0 4.0
41 37 66 40 36 51 40 3098 5 15 11 25 0 8 6 3 0 11 10 8 0 17 17 3 0 9 7 6 0 6.0
42 23 81 40 28 16 40 1514 2 18 10 13 0 10 10 5 0 6.0
43 64 75 40 27 28 40 13191 5 8 6 4 0 21 17 14 0 9 9 13 0 9 8 7 0 10 10 13 1 5.0
44 48 60 40 19 23 40 11284 3 17 13 11 0 20 20 16 0 10 8 6 1 5.0
45 54 69 40 50 68 40 6439 4 21 8 13 0 10 10 1 0 25 6 6 0 20 15 10 0 6.0
46 49 73 40 19 19 40 24829 2 28 8 25 0 17 13 7 1 4.0
47 12 58 40 25 41 40 45000 5 9 6 1 0 9 5 2 0 18 12 27 0 32 25 30 0 8 6 3 1 4.0
48 59 25 40 46 18 40 1479 3 14 9 7 0 9 6 5 1 9 9 9 1 6.0
49 40 29 40 66 52 40 30232 5 8 7 9 0 10 8 8 0 28 24 19 0 8 6 6 0 22 17 5 0 5.0
50 39 69 40 55 64 40 580 2 14 7 4 0 10 6 2 1 5.0
51 35 34 40 16 37 40 5511 4 10 10 18 0 15 15 18 0 10 6 2 1 9 7 6 1 6.0
52 49 23 40 41 17 40 29722 5 23 13 4 0 10 10 10 0 25 9 8 0 11 8 15 0 14 11 12 0 4.0
53 47 54 40 45 41 40 9237 5 15 13 6 0 14 14 5 0 21 13 12 0 10 10 2 1 20 18 4 1 5.0
