5     52    45000 60    25    30   
0     40    50    0     40    50    1236  0     
1 44 70 40 34 24 40 39395 2 11 11 11 0 26 20 9 1 4.0
2 36 21 40 14 47 40 7174 2 50 7 30 0 18 10 10 0 6.0
3 57 56 40 45 75 40 177 1 14 8 4 0 6.0
4 41 80 40 40 19 40 1098 2 13 7 2 0 9 6 6 1 4.0
5 46 78 40 55 49 40 929 1 12 11 9 0 6.0
6 23 51 40 45 20 40 6001 1 19 12 7 0 4.0
7 16 50 40 57 46 40 24661 3 9 6 6 0 21 15 16 0 10 6 3 0 4.0
8 21 52 40 56 50 40 2775 3 9 8 3 0 11 11 11 0 20 20 20 0 6.0
9 39 70 40 25 48 40 7593 3 20 8 3 0 12 12 16 0 12 12 7 1 5.0
10 60 45 40 38 26 40 12189 3 9 6 1 0 11 9 7 0 17 17 17 0 4.0
11 20 46 40 43 70 40 2930 2 10 8 6 0 12 12 14 0 5.0
12 47 31 40 42 24 40 2032 1 14 11 11 1 5.0
13 56 48 40 64 57 40 30928 3 59 25 2 0 17 17 17 1 53 14 7 1 4.0
14 40 82 40 36 23 40 70 1 13 9 1 0 6.0
15 37 32 40 18 53 40 3516 1 16 14 11 0 5.0
16 57 49 40 56 57 40 437 1 9 9 3 0 5.0
17 45 30 40 36 29 40 567 2 10 6 5 0 39 6 6 0 6.0
18 37 76 40 39 74 40 2645 3 38 20 5 0 12 6 3 0 11 10 3 1 6.0
19 54 54 40 27 49 40 1020 1 15 8 6 0 5.0
20 66 51 40 55 47 40 23769 1 36 25 23 0 5.0
21 38 70 40 64 45 40 9789 3 11 6 10 0 14 5 15 1 28 6 6 1 4.0
22 42 78 40 18 49 40 2183 2 9 9 3 0 12 9 4 1 4.0
23 45 77 40 66 46 40 1737 1 14 14 11 0 6.0
24 66 44 40 45 78 40 8483 2 25 25 25 0 10 7 4 0 6.0
25 34 32 40 40 72 40 17534 2 31 23 6 0 9 9 9 0 4.0
26 39 25 40 45 32 40 1011 1 14 8 8 1 5.0
27 18 50 40 45 25 40 28317 3 31 25 11 0 21 16 30 0 11 10 11 1 5.0
28 54 50 40 44 24 40 11930 2 12 8 5 0 34 16 24 1 6.0
29 63 55 40 17 47 40 13065 3 9 6 1 0 21 8 12 0 32 19 11 1 5.0
30 41 73 40 46 32 40 45000 1 34 23 23 0 4.0
31 20 53 40 38 71 40 45000 2 32 25 10 0 34 25 5 0 4.0
32 21 57 40 23 44 40 27378 3 28 20 19 0 34 11 12 0 19 14 13 1 5.0
33 40 73 40 54 49 40 875 2 9 6 6 0 12 9 12 0 6.0
34 55 46 40 25 51 40 21587 2 27 11 3 1 20 18 18 1 4.0
35 14 52 40 44 71 40 8408 2 34 16 11 0 11 9 3 0 5.0
36 36 25 40 67 44 40 258 1 9 7 2 1 4.0
37 20 50 40 65 51 40 45000 3 37 25 20 0 14 11 10 0 9 6 3 1 4.0
38 40 77 40 37 74 40 7167 3 11 11 11 0 11 10 7 0 53 23 6 1 6.0
39 54 51 40 43 74 40 11731 2 11 9 17 1 21 21 6 1 4.0
40 34 69 40 38 24 40 45000 2 33 24 12 0 13 8 8 0 4.0
41 37 20 40 34 81 40 701 2 25 8 6 0 19 13 1 1 6.0
42 46 22 40 66 52 40 2893 2 10 10 15 0 21 11 17 0 6.0
43 25 54 40 34 72 40 2829 2 10 10 10 0 11 11 6 0 5.0
44 23 46 40 20 45 40 5103 3 11 8 8 0 34 8 8 0 11 11 11 0 5.0
45 43 27 40 63 48 40 1210 2 10 7 9 0 19 14 2 1 6.0
46 37 21 40 39 71 40 27987 2 16 13 7 0 20 11 30 0 4.0
47 39 19 40 57 47 40 14758 2 29 7 7 0 9 9 6 0 4.0
48 35 25 40 25 57 40 4530 3 29 25 3 0 28 11 11 0 11 6 3 0 6.0
49 18 44 40 24 50 40 5268 1 20 20 7 1 5.0
50 14 50 40 46 20 40 1824 2 20 7 2 0 38 7 5 0 5.0
51 36 72 40 27 50 40 2972 3 23 17 3 0 14 14 9 0 9 9 6 1 6.0
52 64 55 40 26 57 40 3784 1 19 12 12 0 5.0
