5     53    45000 60    25    30   
0     40    50    0     40    50    1236  0     
1 17 55 40 56 46 40 45000 4 10 10 10 0 23 18 8 0 45 6 27 0 16 9 9 1 4.0
2 20 50 40 23 51 40 196 1 12 7 4 1 6.0
3 44 20 40 25 46 40 518 3 12 6 2 0 8 6 6 0 11 10 8 1 6.0
4 54 53 40 23 46 40 11495 4 17 11 6 0 8 6 6 0 19 14 14 0 9 6 3 1 4.0
5 40 27 40 25 56 40 150 1 8 8 3 0 6.0
6 45 76 40 27 51 40 33681 4 10 10 10 0 18 18 18 0 18 8 3 1 11 11 14 1 4.0
7 60 46 40 67 57 40 21129 4 11 11 7 0 8 6 1 0 10 8 6 0 15 15 15 1 4.0
8 16 51 40 34 29 40 583 2 9 8 6 0 11 11 13 0 6.0
9 66 50 40 63 45 40 22572 4 13 10 10 0 53 25 2 0 15 15 15 0 47 12 7 0 5.0
10 35 76 40 41 29 40 4406 2 12 8 1 0 15 13 10 0 4.0
11 38 23 40 56 50 40 479 2 8 8 3 0 9 6 4 1 5.0
12 44 31 40 15 50 40 5420 3 35 6 6 0 34 18 5 0 11 6 3 1 5.0
13 39 80 40 55 47 40 1800 2 10 9 3 0 14 7 5 0 4.0
14 14 57 40 36 30 40 10421 3 32 25 20 0 10 6 9 0 13 5 14 0 6.0
15 46 28 40 46 20 40 21477 5 25 6 6 0 8 8 3 0 11 8 4 0 12 12 10 0 23 23 23 1 5.0
16 15 52 40 58 45 40 6403 3 9 7 4 0 28 20 5 0 8 8 8 1 5.0
17 57 47 40 43 27 40 5340 5 13 8 8 0 28 23 10 0 19 14 28 0 10 9 10 0 11 8 5 1 6.0
18 59 48 40 37 72 40 17270 5 30 15 22 0 8 6 1 0 19 8 11 0 28 17 10 1 30 20 20 1 6.0
19 44 70 40 22 49 40 29747 4 28 25 9 0 30 25 5 1 25 18 17 1 30 10 11 1 5.0
20 40 24 40 46 27 40 3087 2 17 12 12 0 8 6 5 1 5.0
21 34 31 40 35 78 40 6079 2 11 8 11 0 24 10 3 0 4.0
22 42 76 40 35 23 40 29449 2 18 16 16 0 30 15 10 0 4.0
23 37 79 40 45 21 40 12145 4 10 8 3 0 8 6 2 0 33 23 18 0 12 10 9 1 6.0
24 43 75 40 67 53 40 610 2 8 6 3 0 10 10 10 0 6.0
25 37 30 40 27 46 40 22867 3 10 9 7 0 47 20 5 0 10 8 15 0 4.0
26 26 52 40 36 72 40 2037 1 19 19 5 0 5.0
27 62 56 40 17 54 40 10414 2 29 21 11 0 12 7 7 1 5.0
28 44 81 40 58 57 40 811 1 23 8 5 0 6.0
29 61 49 40 37 25 40 7960 5 17 12 1 0 9 9 13 0 19 10 15 0 9 9 9 0 10 10 5 1 5.0
30 61 52 40 40 78 40 8087 2 10 7 7 0 30 8 8 0 4.0
31 19 49 40 23 53 40 11670 4 10 10 10 0 9 7 8 0 17 12 2 0 14 12 6 0 4.0
32 40 81 40 46 80 40 12677 4 18 10 30 0 26 6 6 0 8 8 5 0 26 25 3 1 5.0
33 40 73 40 46 79 40 1448 2 25 10 10 0 10 6 3 1 6.0
34 15 56 40 65 55 40 12699 4 18 18 7 0 18 6 2 1 34 7 4 1 20 15 3 1 4.0
35 36 29 40 46 25 40 2099 2 13 12 8 0 8 8 5 0 5.0
36 38 32 40 45 72 40 5014 2 17 11 11 0 11 9 4 0 4.0
37 16 54 40 61 54 40 12584 3 10 6 3 0 15 11 7 0 9 8 6 1 4.0
38 38 69 40 35 75 40 4098 4 13 9 2 0 15 11 25 0 8 6 3 0 11 10 8 1 6.0
39 20 55 40 56 53 40 9715 3 17 17 3 0 9 7 6 0 18 10 13 1 4.0
40 43 79 40 65 51 40 2991 1 10 10 5 0 4.0
41 47 78 40 14 55 40 3269 4 8 6 4 0 21 17 14 0 9 9 13 0 9 8 7 0 6.0
42 16 56 40 37 80 40 5401 3 10 10 13 0 17 13 11 0 20 20 16 1 6.0
43 42 20 40 67 45 40 10924 5 10 8 6 0 21 8 13 0 10 10 1 0 25 6 6 0 20 15 10 0 5.0
44 37 70 40 34 21 40 9011 4 28 8 25 0 17 13 7 0 9 6 2 0 10 6 3 1 5.0
45 24 50 40 59 50 40 7201 1 19 13 28 1 6.0
46 34 73 40 39 22 40 45000 5 33 25 30 0 9 6 4 0 14 9 7 0 9 6 5 0 9 9 9 1 4.0
47 54 44 40 35 19 40 3900 1 8 7 9 0 4.0
48 67 52 40 25 44 40 503 1 10 8 8 0 6.0
49 45 27 40 25 45 40 29043 5 28 24 19 0 8 6 6 0 22 17 5 0 14 7 4 1 10 6 2 1 5.0
50 38 74 40 21 55 40 2040 1 10 10 18 1 5.0
51 35 73 40 59 49 40 4987 4 15 15 18 0 10 6 2 0 9 7 6 1 23 13 4 1 6.0
52 38 30 40 56 51 40 24760 4 10 10 10 0 25 9 8 0 11 8 15 0 14 11 12 0 4.0
53 58 47 40 42 79 40 9237 5 15 13 6 0 14 14 5 0 21 13 12 0 10 10 2 0 20 18 4 1 5.0
