5     53    45000 60    25    30   
0     40    50    0     40    50    1236  0     
1 38 20 40 66 45 40 44770 2 12 12 12 0 27 21 9 0 4.0
2 37 24 40 23 45 40 7710 2 52 7 30 0 19 11 11 0 6.0
3 37 78 40 66 50 40 377 3 14 8 4 0 13 7 2 0 9 6 6 0 6.0
4 36 71 40 45 29 40 7269 3 12 12 9 0 19 13 7 1 9 6 6 1 4.0
5 37 79 40 41 31 40 4611 2 22 16 16 0 11 6 4 1 6.0
6 61 47 40 20 54 40 1218 1 9 9 4 0 4.0
7 67 57 40 16 44 40 45000 3 12 12 12 0 21 21 21 1 21 9 3 1 4.0
8 55 45 40 45 26 40 1048 3 12 12 16 0 13 12 8 0 9 6 1 1 6.0
9 23 57 40 21 51 40 14272 3 12 9 7 0 18 18 18 0 10 9 6 1 5.0
10 57 50 40 46 75 40 9303 2 12 12 15 0 15 12 12 0 4.0
11 54 53 40 44 30 40 3522 1 60 25 2 0 5.0
12 35 75 40 42 71 40 6996 1 18 18 18 0 5.0
13 16 57 40 26 50 40 21248 3 54 14 8 0 13 9 1 1 17 15 11 1 4.0
14 44 20 40 57 54 40 1202 3 9 9 3 0 11 6 5 0 40 6 6 1 6.0
15 45 32 40 67 44 40 6042 2 40 20 5 0 13 6 3 1 5.0
16 17 49 40 17 45 40 2328 2 12 11 4 0 16 8 6 0 5.0
17 59 46 40 56 50 40 7316 2 37 25 23 0 11 6 11 0 6.0
18 62 57 40 21 55 40 1513 3 15 5 16 0 29 6 6 0 9 9 3 0 6.0
19 65 54 40 19 46 40 3944 2 12 9 4 0 14 14 12 1 5.0
20 58 57 40 27 51 40 19810 2 26 25 26 0 11 8 4 0 5.0
21 40 28 40 67 56 40 18530 2 32 23 6 1 9 9 9 1 4.0
22 38 22 40 47 29 40 45000 3 15 9 9 0 32 25 11 1 22 16 30 1 4.0
23 61 53 40 21 49 40 975 1 11 10 11 0 6.0
24 46 21 40 64 46 40 8222 2 12 9 5 0 35 17 25 0 6.0
25 59 44 40 45 25 40 189 1 9 6 1 1 4.0
26 18 46 40 59 47 40 2905 1 22 9 13 0 5.0
27 45 75 40 40 69 40 37777 2 33 20 12 0 35 23 23 0 5.0
28 37 77 40 39 81 40 11127 2 33 25 10 0 35 25 5 0 6.0
29 47 26 40 40 70 40 30492 3 29 21 20 0 35 11 12 0 20 14 13 0 5.0
30 17 52 40 66 46 40 5436 2 9 6 6 0 12 9 12 1 4.0
31 37 80 40 34 28 40 31221 2 28 12 3 0 21 18 18 0 4.0
32 45 74 40 42 78 40 11181 3 35 17 12 0 12 9 3 0 9 7 2 1 5.0
33 15 47 40 40 75 40 10777 1 38 25 21 0 6.0
34 21 48 40 16 47 40 10614 3 14 12 10 0 9 6 4 0 12 12 12 1 4.0
35 45 20 40 42 31 40 11389 2 12 11 8 0 54 23 6 0 5.0
36 66 48 40 15 48 40 3973 1 12 9 18 0 4.0
37 39 26 40 24 50 40 45000 2 22 22 6 0 34 25 13 0 4.0
38 38 79 40 44 77 40 1702 2 13 8 8 0 26 9 6 1 6.0
39 42 77 40 45 28 40 669 1 19 13 1 1 4.0
40 37 20 40 15 46 40 8974 1 10 10 15 0 4.0
41 41 71 40 54 47 40 2787 2 22 12 18 0 10 10 10 0 6.0
42 40 71 40 43 75 40 836 2 12 12 6 0 11 8 8 0 6.0
43 43 24 40 44 32 40 8778 3 35 9 9 0 12 12 12 0 11 8 9 0 5.0
44 42 75 40 38 73 40 2409 2 19 14 2 0 16 13 7 1 5.0
45 26 57 40 15 49 40 7497 1 20 12 30 1 6.0
46 43 28 40 14 44 40 6795 2 30 7 7 0 9 9 6 0 4.0
47 56 47 40 40 32 40 45000 2 30 25 4 0 29 11 12 0 4.0
48 39 76 40 35 32 40 2686 2 12 6 3 0 20 20 8 1 6.0
49 27 45 40 42 69 40 3537 2 20 7 2 0 40 8 5 0 5.0
50 20 49 40 41 72 40 1407 1 23 18 3 0 5.0
51 41 79 40 65 46 40 4997 3 15 14 9 0 9 9 6 0 20 13 13 0 6.0
52 44 19 40 66 51 40 2489 1 12 10 5 0 4.0
53 59 55 40 56 51 40 282 1 12 6 3 1 5.0
