5     53    45000 60    25    30   
0     40    50    0     40    50    1236  0     
1 17 55 40 56 46 40 8412 2 20 9 15 0 9 7 14 1 4.0
2 20 50 40 23 51 40 3771 2 9 6 3 0 20 20 23 1 6.0
3 44 20 40 25 46 40 74 1 15 6 2 1 6.0
4 54 53 40 23 46 40 45000 3 11 11 8 0 23 11 11 0 17 17 17 0 4.0
5 40 27 40 25 56 40 1551 3 26 20 10 0 9 7 2 0 28 17 3 1 6.0
6 45 76 40 27 51 40 18671 3 9 7 2 0 33 25 30 0 11 11 11 0 6.0
7 60 46 40 67 57 40 4232 3 11 11 9 0 20 14 4 0 12 9 2 0 5.0
8 16 51 40 34 29 40 8263 3 11 11 9 0 11 11 10 0 15 11 7 0 4.0
9 66 50 40 63 45 40 2484 2 15 15 4 0 15 8 5 0 5.0
10 35 76 40 41 29 40 45000 3 26 20 9 0 20 19 10 1 17 17 17 1 4.0
11 38 23 40 56 50 40 2202 2 15 10 7 0 9 9 6 0 5.0
12 44 31 40 15 50 40 173 1 10 7 2 1 5.0
13 39 80 40 55 47 40 16838 2 10 10 6 0 27 21 9 0 4.0
14 14 57 40 36 30 40 464 1 11 9 6 0 6.0
15 46 28 40 46 20 40 4331 2 19 7 11 0 17 15 10 0 5.0
16 15 52 40 58 45 40 7826 3 28 25 3 0 17 9 6 0 11 9 6 0 4.0
17 57 47 40 43 27 40 9698 3 9 6 5 0 17 17 17 0 27 20 2 0 5.0
18 59 48 40 37 72 40 2533 3 13 9 3 0 34 17 3 0 24 11 8 0 6.0
19 44 70 40 22 49 40 45000 3 28 19 11 0 46 25 30 1 11 11 11 1 4.0
20 40 24 40 46 27 40 2852 1 13 10 11 0 4.0
21 34 31 40 35 78 40 5335 2 18 12 12 0 39 6 6 1 5.0
22 42 76 40 35 23 40 9766 1 20 11 30 0 5.0
23 37 79 40 45 21 40 1291 2 9 6 5 0 11 6 3 1 4.0
24 43 75 40 67 53 40 14680 2 40 14 9 0 20 16 9 1 5.0
25 37 30 40 27 46 40 45000 1 29 15 25 0 4.0
26 26 52 40 36 72 40 3069 3 12 9 3 0 11 7 3 0 31 17 30 0 6.0
27 62 56 40 17 54 40 8428 2 60 23 6 0 34 25 6 1 6.0
28 44 81 40 58 57 40 25782 2 9 7 17 0 32 18 6 0 4.0
29 61 49 40 37 25 40 2293 2 27 11 11 0 23 12 4 0 6.0
30 61 52 40 40 78 40 825 1 12 12 12 1 6.0
31 19 49 40 23 53 40 19299 3 28 19 4 0 28 7 9 0 11 11 11 0 4.0
32 40 81 40 46 80 40 6401 2 17 9 9 0 27 15 10 0 5.0
33 40 73 40 46 79 40 6898 1 23 11 14 0 5.0
34 15 56 40 65 55 40 17844 3 14 14 3 0 24 7 8 0 26 19 6 1 4.0
35 36 29 40 46 25 40 1833 2 10 6 4 1 18 12 12 1 6.0
36 38 32 40 45 72 40 449 1 11 11 7 0 6.0
37 16 54 40 61 54 40 4758 1 26 12 22 0 6.0
38 38 69 40 35 75 40 1889 2 19 6 7 0 17 17 6 0 6.0
39 20 55 40 56 53 40 3989 1 17 17 11 0 5.0
40 43 79 40 65 51 40 193 1 14 10 1 0 5.0
41 47 78 40 14 55 40 25537 3 16 16 30 1 23 17 28 1 28 7 7 1 5.0
42 16 56 40 37 80 40 50 1 11 9 2 0 6.0
43 42 20 40 67 45 40 31386 2 24 16 12 0 15 9 9 1 4.0
44 37 70 40 34 21 40 7066 3 21 20 13 0 9 7 7 0 22 19 6 1 5.0
45 24 50 40 59 50 40 2648 1 17 6 10 0 4.0
46 34 73 40 39 22 40 4180 2 11 9 3 0 11 11 8 0 4.0
47 54 44 40 35 19 40 10224 3 23 17 28 0 10 10 7 0 14 13 9 1 6.0
48 67 52 40 25 44 40 2293 1 25 25 10 1 6.0
49 45 27 40 25 45 40 2784 2 9 6 1 0 13 11 8 1 4.0
50 38 74 40 21 55 40 876 1 15 15 3 0 5.0
51 35 73 40 59 49 40 1111 2 13 10 8 0 10 7 2 0 5.0
52 38 30 40 56 51 40 32977 2 23 23 11 0 18 18 19 1 4.0
53 58 47 40 42 79 40 14418 2 26 20 9 0 15 14 12 0 4.0
