5     53    45000 60    25    30   
0     40    50    0     40    50    1236  0     
1 24 69 40 33 32 40 8723 1 11 11 11 1 4.0
2 12 53 40 46 16 40 9113 2 26 21 9 0 51 7 30 0 6.0
3 31 51 40 40 79 40 711 1 18 10 10 0 6.0
4 54 81 40 67 29 40 2071 3 14 8 4 0 13 7 2 1 9 6 6 1 4.0
5 57 56 40 57 67 40 2535 3 12 11 9 0 19 13 7 0 9 6 6 1 6.0
6 51 77 40 53 17 40 20540 3 21 15 16 0 10 6 3 0 9 9 3 1 4.0
7 43 28 40 28 79 40 45000 2 11 11 11 0 21 21 21 1 4.0
8 40 24 40 23 76 40 1152 3 21 9 3 0 12 12 16 0 13 12 7 1 6.0
9 15 73 40 38 77 40 11333 3 9 6 1 0 11 9 7 0 17 17 17 0 5.0
10 28 71 40 50 54 40 1163 1 10 9 6 1 4.0
11 37 67 40 40 82 40 2367 1 12 12 14 0 5.0
12 58 49 40 28 51 40 5631 2 14 11 11 0 60 25 2 0 5.0
13 66 43 40 21 74 40 23941 2 17 17 17 0 53 14 7 1 4.0
14 68 50 40 61 37 40 1633 2 13 9 1 0 17 14 11 1 6.0
15 63 44 40 23 19 40 347 1 9 9 3 0 5.0
16 43 15 40 39 21 40 3126 2 10 6 5 0 40 6 6 0 5.0
17 14 28 40 45 23 40 1375 2 39 20 5 0 13 6 3 0 6.0
18 34 23 40 45 39 40 13236 3 11 10 3 0 15 8 6 0 36 25 23 1 6.0
19 65 23 40 17 46 40 3901 3 11 6 10 0 14 5 15 0 29 6 6 0 5.0
20 44 49 40 43 25 40 775 2 9 9 3 0 12 9 4 1 5.0
21 13 38 40 33 75 40 7765 1 14 14 11 0 4.0
22 42 72 40 66 51 40 45000 1 26 25 26 0 4.0
23 57 38 40 64 28 40 4370 3 10 7 4 0 32 23 6 0 9 9 9 0 6.0
24 13 34 40 22 55 40 5298 2 14 9 9 0 32 25 11 0 6.0
25 52 62 40 64 74 40 39536 2 21 16 30 0 11 10 11 0 4.0
26 46 81 40 27 82 40 16979 3 12 9 5 0 34 17 25 0 9 6 1 1 5.0
27 62 76 40 19 58 40 3678 1 22 9 13 0 5.0
28 13 43 40 41 29 40 21746 2 32 19 11 0 34 23 23 0 6.0
29 27 26 40 15 42 40 18274 2 32 25 10 0 34 25 5 0 5.0
30 42 58 40 36 54 40 38828 1 29 21 19 1 4.0
31 43 54 40 43 21 40 33052 3 34 11 12 0 19 14 13 0 9 6 6 1 4.0
32 23 33 40 15 80 40 13293 3 12 9 12 0 28 11 3 0 21 18 18 0 5.0
33 58 55 40 14 23 40 3435 1 34 17 11 0 6.0
34 57 36 40 29 31 40 45000 3 11 9 3 0 9 7 2 0 37 25 21 1 4.0
35 36 49 40 21 41 40 2061 1 14 11 10 0 5.0
36 42 59 40 27 54 40 3052 2 9 6 3 0 11 11 11 0 4.0
37 40 84 40 25 34 40 5484 1 11 10 7 0 4.0
38 41 68 40 30 31 40 6849 2 53 23 6 0 11 9 17 0 6.0
39 16 47 40 11 61 40 37325 3 21 21 6 0 33 24 13 0 13 8 8 0 4.0
40 32 33 40 10 40 40 8399 1 26 9 6 1 4.0
41 55 60 40 49 28 40 2749 3 19 13 1 1 10 10 15 1 21 11 17 1 6.0
42 25 15 40 34 31 40 533 1 10 10 10 0 6.0
43 30 79 40 65 81 40 2344 2 11 11 6 0 11 8 8 0 5.0
44 43 73 40 54 40 40 5714 3 34 9 9 0 11 11 11 0 10 7 9 1 5.0
45 18 64 40 13 25 40 554 1 19 14 2 0 6.0
46 62 71 40 34 55 40 5058 1 16 13 7 0 4.0
47 13 81 40 35 28 40 45000 2 20 11 30 0 30 7 7 1 4.0
48 52 48 40 13 16 40 2151 2 9 9 6 0 30 25 3 0 6.0
49 62 26 40 37 50 40 6974 2 29 11 11 0 11 6 3 1 5.0
50 66 76 40 40 25 40 5037 3 20 20 7 0 20 7 2 0 39 7 5 1 5.0
51 39 84 40 31 73 40 2550 2 23 17 3 0 14 14 9 1 6.0
52 40 56 40 30 17 40 15338 2 9 9 6 0 19 13 13 0 4.0
53 30 74 40 11 25 40 1043 2 12 10 5 0 11 6 3 1 5.0
