5     53    45000 60    25    30   
0     40    50    0     40    50    1236  0     
1 17 55 40 56 46 40 2755 2 16 13 6 0 11 7 2 1 4.0
2 20 50 40 23 51 40 2470 2 11 10 11 0 10 10 7 1 5.0
3 44 20 40 25 46 40 4889 1 18 18 18 1 6.0
4 54 53 40 23 46 40 45000 3 12 10 17 0 10 7 2 0 17 17 10 0 4.0
5 40 27 40 25 56 40 11168 3 40 25 28 0 18 18 6 0 34 21 9 1 6.0
6 45 76 40 27 51 40 8603 3 28 21 6 0 28 23 6 0 21 21 6 0 6.0
7 60 46 40 67 57 40 4465 3 14 8 6 0 10 10 6 0 12 12 30 0 6.0
8 16 51 40 34 29 40 8298 3 12 10 3 0 25 18 30 0 60 25 3 0 6.0
9 66 50 40 63 45 40 1041 2 11 11 1 0 10 7 4 0 4.0
10 35 76 40 41 29 40 17121 3 12 12 12 0 28 18 3 1 13 13 10 1 4.0
11 38 23 40 56 50 40 790 2 13 8 3 0 12 7 3 0 5.0
12 44 31 40 15 50 40 14252 1 18 18 25 1 4.0
13 39 80 40 55 47 40 45000 2 28 25 17 0 38 25 17 0 4.0
14 14 57 40 36 30 40 283 1 10 10 3 0 5.0
15 46 28 40 46 20 40 1448 2 13 9 10 0 10 9 10 0 6.0
16 15 52 40 58 45 40 13137 3 12 12 12 0 37 25 5 0 31 25 4 0 5.0
17 57 47 40 43 27 40 9439 3 25 20 4 0 12 12 12 0 23 23 25 0 6.0
18 59 48 40 37 72 40 3281 3 10 7 5 0 22 6 6 0 33 7 10 0 5.0
19 44 70 40 22 49 40 31507 3 11 8 13 0 11 7 2 1 13 13 13 1 4.0
20 40 24 40 46 27 40 749 1 10 9 7 0 5.0
21 34 31 40 35 78 40 3289 2 15 10 15 0 9 8 5 1 5.0
22 42 76 40 35 23 40 406 1 12 10 7 0 6.0
23 37 79 40 45 21 40 639 2 10 10 2 0 25 18 6 1 6.0
24 43 75 40 67 53 40 1762 2 15 10 7 0 12 9 12 1 6.0
25 37 30 40 27 46 40 10492 1 15 13 16 0 4.0
26 26 52 40 36 72 40 11116 3 14 12 10 0 15 13 15 0 12 12 12 0 4.0
27 62 56 40 17 54 40 13937 2 32 25 13 0 12 10 7 1 5.0
28 44 81 40 58 57 40 25660 2 10 7 7 0 18 18 12 0 4.0
29 61 49 40 37 25 40 14624 2 21 17 12 0 60 25 9 0 6.0
30 61 52 40 40 78 40 794 1 10 8 9 1 5.0
31 19 49 40 23 53 40 27491 3 25 15 14 0 15 15 25 0 10 7 7 0 4.0
32 40 81 40 46 80 40 5160 2 32 25 2 0 34 12 4 0 4.0
33 40 73 40 46 79 40 359 1 8 7 6 0 5.0
34 15 56 40 65 55 40 16030 3 13 10 7 0 32 10 30 0 29 10 4 1 5.0
35 36 29 40 46 25 40 1000 2 12 10 4 1 10 7 7 1 5.0
36 38 32 40 45 72 40 384 1 12 9 6 0 6.0
37 16 54 40 61 54 40 1398 1 13 9 9 0 5.0
38 38 69 40 35 75 40 2790 2 10 9 9 0 12 10 7 0 4.0
39 20 55 40 56 53 40 70 1 10 7 1 0 5.0
40 43 79 40 65 51 40 7120 1 31 25 5 0 4.0
41 47 78 40 14 55 40 3126 3 15 15 6 1 21 21 7 1 31 7 7 1 6.0
42 16 56 40 37 80 40 28581 1 22 22 29 0 4.0
43 42 20 40 67 45 40 13291 2 23 12 10 0 12 10 3 1 4.0
44 37 70 40 34 21 40 2465 3 12 12 15 0 12 10 9 0 10 8 13 1 6.0
45 24 50 40 59 50 40 207 1 10 10 9 0 6.0
46 34 73 40 39 22 40 12053 2 15 15 14 0 17 10 3 0 4.0
47 54 44 40 35 19 40 5021 3 18 18 6 0 18 12 18 0 13 9 2 1 6.0
48 67 52 40 25 44 40 1140 1 10 10 10 1 5.0
49 45 27 40 25 45 40 3822 2 11 10 6 0 10 7 9 1 4.0
50 38 74 40 21 55 40 4636 1 60 7 12 0 5.0
51 35 73 40 59 49 40 13067 2 10 10 10 0 46 25 12 0 6.0
52 38 30 40 56 51 40 13061 2 17 11 1 0 22 17 12 1 4.0
53 58 47 40 42 79 40 13302 2 37 25 12 0 23 23 7 0 5.0
