5     53    45000 60    25    30   
0     40    50    0     40    50    1236  0     
1 51 37 40 15 63 40 2944 2 16 14 6 0 11 7 2 0 4.0
2 32 81 40 27 63 40 2470 2 11 10 11 0 10 10 7 0 5.0
3 61 38 40 27 33 40 6716 3 18 18 18 0 12 10 17 0 10 7 2 0 6.0
4 10 81 40 52 16 40 45000 3 17 17 10 0 40 25 28 1 18 18 6 1 4.0
5 19 68 40 38 27 40 3202 2 34 22 9 0 28 22 6 1 6.0
6 45 21 40 38 19 40 3312 1 28 23 6 0 6.0
7 27 78 40 67 67 40 3335 3 22 22 6 0 14 8 6 1 10 10 6 1 6.0
8 48 59 40 54 60 40 8217 3 12 12 30 0 12 10 3 0 25 18 30 1 6.0
9 20 40 40 48 57 40 12728 3 60 25 3 0 11 11 1 0 10 7 4 1 4.0
10 16 24 40 12 25 40 11252 2 12 12 12 0 28 18 3 0 4.0
11 49 33 40 55 16 40 2368 1 13 13 10 0 5.0
12 70 28 40 13 67 40 549 1 13 8 3 0 4.0
13 66 22 40 18 22 40 45000 3 12 7 3 0 18 18 25 1 28 25 17 1 4.0
14 37 37 40 38 84 40 16679 3 38 25 17 0 10 10 3 0 14 9 10 1 5.0
15 57 65 40 18 76 40 1838 2 10 9 10 0 12 12 12 1 6.0
16 64 25 40 52 84 40 10736 2 37 25 5 0 31 25 4 0 5.0
17 22 85 40 30 39 40 2076 2 25 20 4 0 12 12 12 0 6.0
18 42 26 40 30 45 40 13655 3 23 23 25 0 10 7 5 0 22 6 6 0 5.0
19 49 35 40 64 16 40 31137 2 33 7 10 0 11 8 13 1 4.0
20 64 52 40 52 73 40 3447 2 11 7 2 0 14 14 14 0 5.0
21 16 63 40 11 45 40 3629 2 10 9 7 1 15 10 15 1 5.0
22 43 82 40 54 73 40 677 3 9 8 5 0 12 10 7 1 10 10 2 1 6.0
23 11 57 40 18 49 40 595 1 25 18 6 0 6.0
24 14 41 40 20 65 40 1762 2 15 10 7 0 12 9 12 0 6.0
25 30 29 40 34 24 40 11299 1 15 14 16 1 4.0
26 69 85 40 55 31 40 2949 1 14 12 10 0 4.0
27 23 83 40 67 33 40 6048 2 15 14 15 0 12 12 12 0 5.0
28 13 26 40 56 35 40 45000 2 32 25 14 0 12 10 7 0 4.0
29 56 17 40 68 77 40 7291 3 10 7 7 0 18 18 12 0 22 17 12 0 6.0
30 37 75 40 40 39 40 15687 2 60 25 9 0 10 8 9 1 5.0
31 14 35 40 20 26 40 26305 2 25 15 14 0 15 15 25 0 4.0
32 29 68 40 68 43 40 6022 3 10 7 7 0 33 25 2 0 34 12 4 1 4.0
33 59 45 40 61 77 40 359 1 8 7 6 0 5.0
34 70 45 40 25 19 40 16181 3 14 10 7 0 32 10 30 0 30 10 4 1 5.0
35 21 30 40 65 18 40 1000 2 12 10 4 0 10 7 7 0 5.0
36 10 84 40 43 84 40 384 1 12 9 6 0 6.0
37 62 17 40 17 24 40 2473 2 13 9 9 0 10 9 9 0 5.0
38 18 84 40 12 53 40 1538 2 12 10 7 0 10 7 1 1 4.0
39 28 17 40 21 16 40 3869 1 31 25 5 1 5.0
40 61 76 40 70 72 40 2481 1 15 15 6 0 4.0
41 37 66 40 36 51 40 2418 2 21 21 7 0 31 7 7 0 6.0
42 23 81 40 28 16 40 34201 2 22 22 29 0 23 12 10 0 4.0
43 64 75 40 27 28 40 15336 3 12 10 3 0 12 12 15 0 12 10 9 0 4.0
44 48 60 40 19 23 40 1117 2 10 8 13 0 10 10 9 1 6.0
45 54 69 40 50 68 40 726 1 15 15 14 1 6.0
46 49 73 40 19 19 40 8082 2 17 10 3 0 18 18 6 0 4.0
47 12 58 40 25 41 40 3426 2 18 12 18 0 14 9 2 0 6.0
48 59 25 40 46 18 40 1893 2 10 10 10 0 11 10 6 1 5.0
49 40 29 40 66 52 40 16801 2 10 7 9 0 60 7 12 0 4.0
50 39 69 40 55 64 40 920 1 10 10 10 0 5.0
51 35 34 40 16 37 40 16312 3 46 25 12 0 17 11 1 0 22 17 12 0 6.0
52 49 23 40 41 17 40 31011 1 37 25 12 0 4.0
53 47 54 40 45 41 40 3328 1 23 23 7 1 5.0
