5     53    45000 60    25    30   
0     40    50    0     40    50    1236  0     
1 58 57 40 27 17 40 45000 2 12 12 12 0 28 22 10 1 4.0
2 29 47 40 50 18 40 6614 1 54 7 30 0 6.0
3 47 59 40 25 45 40 1084 2 19 11 11 0 14 8 4 0 6.0
4 69 83 40 21 68 40 4875 3 14 7 2 0 10 7 7 0 13 12 10 1 4.0
5 55 46 40 39 77 40 6487 3 20 13 7 0 10 7 7 0 22 16 17 1 6.0
6 56 18 40 23 62 40 1158 1 11 7 4 0 4.0
7 55 24 40 67 56 40 9288 2 10 9 4 0 12 12 12 0 4.0
8 22 35 40 29 44 40 4103 3 22 22 22 0 22 9 3 1 13 13 17 1 6.0
9 27 71 40 45 82 40 4529 3 13 13 8 0 10 7 1 0 12 10 7 1 5.0
10 28 70 40 48 48 40 12559 1 18 18 18 0 4.0
11 36 16 40 11 84 40 740 1 10 9 7 0 5.0
12 46 34 40 66 41 40 3041 1 13 13 15 0 5.0
13 26 15 40 33 36 40 26037 3 15 12 12 0 60 25 2 0 18 18 18 0 4.0
14 55 81 40 45 36 40 3746 1 56 14 8 0 6.0
15 46 61 40 19 43 40 4438 2 14 10 1 0 18 15 11 1 5.0
16 62 41 40 39 63 40 539 1 10 10 3 0 5.0
17 57 34 40 37 62 40 812 2 11 7 5 0 42 7 7 0 6.0
18 42 67 40 18 71 40 3107 3 41 21 5 0 13 7 3 0 12 11 4 0 6.0
19 22 77 40 60 59 40 34584 3 16 8 6 0 38 25 24 0 11 7 11 1 5.0
20 28 16 40 45 30 40 3066 2 15 5 16 0 30 7 7 0 5.0
21 60 23 40 51 17 40 2953 2 10 10 3 0 13 10 4 1 4.0
22 13 56 40 59 82 40 45000 3 14 14 12 0 27 25 27 1 11 8 4 1 4.0
23 58 47 40 66 84 40 5612 3 33 24 6 0 10 10 10 0 15 9 9 1 6.0
24 43 62 40 11 33 40 4840 1 33 25 11 0 6.0
25 14 83 40 22 28 40 45000 3 22 17 30 0 11 10 11 0 13 9 5 1 4.0
26 15 63 40 56 67 40 19015 1 36 18 26 0 5.0
27 45 83 40 20 84 40 100 1 10 7 1 0 5.0
28 66 20 40 47 32 40 2372 1 23 9 13 0 6.0
29 26 42 40 29 67 40 45000 3 34 21 12 0 36 24 24 1 34 25 10 1 5.0
30 13 42 40 29 36 40 45000 2 36 25 5 0 30 22 21 0 4.0
31 22 50 40 47 71 40 38703 3 36 11 13 0 21 14 14 0 10 7 6 1 4.0
32 45 68 40 29 54 40 15726 3 13 10 13 0 29 12 3 0 22 19 19 0 5.0
33 44 48 40 55 21 40 4471 3 36 18 12 0 12 10 3 0 10 7 2 0 6.0
34 32 71 40 67 32 40 45000 2 39 25 22 0 14 12 10 0 4.0
35 66 72 40 58 81 40 4101 3 10 7 4 0 12 12 12 0 12 11 8 0 5.0
36 23 77 40 20 52 40 16483 1 56 24 6 1 4.0
37 44 69 40 56 80 40 45000 3 12 10 18 0 22 22 6 0 35 25 13 1 4.0
38 39 19 40 21 56 40 2005 3 14 8 8 0 27 9 6 0 20 14 1 0 6.0
39 39 31 40 13 59 40 19922 3 10 10 16 0 22 12 18 0 10 10 10 1 4.0
40 52 29 40 39 41 40 5169 1 12 12 6 0 4.0
41 28 48 40 66 61 40 1754 2 11 8 8 0 36 9 9 1 6.0
42 19 18 40 23 67 40 921 1 12 12 12 0 6.0
43 35 23 40 45 43 40 2360 2 11 8 10 0 20 14 2 1 5.0
44 70 44 40 61 39 40 11181 2 17 14 7 1 21 12 30 1 5.0
45 64 20 40 37 35 40 1582 1 31 7 7 0 6.0
46 37 58 40 38 26 40 2084 1 10 10 6 0 4.0
47 17 19 40 42 47 40 45000 2 31 25 4 0 30 11 12 1 4.0
48 29 62 40 30 82 40 198 1 12 7 3 0 6.0
49 20 38 40 23 38 40 10275 3 21 21 8 0 21 7 2 1 41 8 5 1 5.0
50 60 35 40 44 82 40 1469 1 24 18 3 0 5.0
51 25 51 40 60 30 40 2344 2 15 14 10 0 10 10 6 0 6.0
52 34 42 40 49 36 40 17421 2 21 13 13 0 13 10 5 0 4.0
53 68 64 40 45 25 40 329 1 12 7 3 0 5.0
