5     53    45000 60    25    30   
0     40    50    0     40    50    1236  0     
1 17 55 40 56 46 40 8491 4 15 11 9 0 11 8 5 0 20 11 6 0 11 7 3 1 4.0
2 20 50 40 23 51 40 1251 1 11 8 8 1 5.0
3 44 20 40 25 46 40 1130 3 10 10 20 0 9 7 7 0 13 6 2 1 6.0
4 54 53 40 23 46 40 22916 4 19 13 13 0 11 11 11 0 38 7 4 0 11 11 8 1 4.0
5 40 27 40 25 56 40 1795 1 19 15 15 0 6.0
6 45 76 40 27 51 40 3704 4 24 8 14 0 14 13 13 0 10 8 7 1 13 6 1 1 6.0
7 60 46 40 67 57 40 19575 4 20 14 8 0 14 11 14 0 21 16 30 0 11 10 2 1 5.0
8 16 51 40 34 29 40 6946 2 19 12 19 0 22 21 6 0 5.0
9 66 50 40 63 45 40 10580 4 14 11 3 0 22 19 5 0 10 7 2 0 24 15 9 0 5.0
10 35 76 40 41 29 40 45000 2 22 17 22 0 17 11 6 0 4.0
11 38 23 40 56 50 40 4794 2 11 11 11 0 10 7 10 1 4.0
12 44 31 40 15 50 40 994 3 14 14 6 0 13 9 8 0 11 8 10 1 6.0
13 39 80 40 55 47 40 13597 2 22 19 4 0 11 8 6 0 4.0
14 14 57 40 36 30 40 7936 3 24 20 6 0 11 9 7 0 57 8 8 0 5.0
15 46 28 40 46 20 40 12009 5 17 10 7 0 9 9 9 0 36 20 20 0 14 9 20 0 9 6 1 1 6.0
16 15 52 40 58 45 40 22054 3 10 7 7 0 16 13 4 0 37 25 3 1 4.0
17 57 47 40 43 27 40 4409 5 16 11 4 0 17 11 11 0 9 6 1 0 24 24 24 0 25 20 6 1 6.0
18 59 48 40 37 72 40 20218 5 11 10 11 0 57 12 6 0 17 11 6 0 24 8 14 1 12 8 8 1 4.0
19 44 70 40 22 49 40 45000 4 16 13 10 0 51 8 4 1 11 8 1 1 15 13 11 1 4.0
20 40 24 40 46 27 40 3520 2 22 16 1 0 34 8 8 1 5.0
21 34 31 40 35 78 40 7183 2 23 22 22 0 19 8 2 0 6.0
22 42 76 40 35 23 40 3575 2 10 10 15 0 13 13 3 0 5.0
23 37 79 40 45 21 40 41321 4 11 9 6 0 9 9 9 0 37 20 20 0 13 12 13 1 4.0
24 43 75 40 67 53 40 3043 2 31 18 6 0 10 7 10 0 6.0
25 37 30 40 27 46 40 4151 3 9 7 4 0 9 6 2 0 18 18 6 0 5.0
26 26 52 40 36 72 40 81 1 11 9 1 0 6.0
27 62 56 40 17 54 40 8661 2 15 15 12 0 50 22 8 1 6.0
28 44 81 40 58 57 40 3866 1 20 11 7 0 4.0
29 61 49 40 37 25 40 2603 5 15 15 1 0 21 21 6 0 9 6 2 0 10 7 4 0 14 11 3 1 6.0
30 61 52 40 40 78 40 743 2 20 10 3 0 12 11 11 0 6.0
31 19 49 40 23 53 40 40788 4 17 17 3 0 9 7 2 0 9 8 9 0 15 10 7 0 4.0
32 40 81 40 46 80 40 1121 4 17 11 6 0 16 15 6 0 19 19 4 0 9 7 9 1 6.0
33 40 73 40 46 79 40 1634 2 19 12 7 0 19 18 4 1 6.0
34 15 56 40 65 55 40 30692 4 9 6 4 0 12 10 9 1 11 10 6 1 21 14 16 1 4.0
35 36 29 40 46 25 40 1495 2 9 6 6 0 26 20 6 0 6.0
36 38 32 40 45 72 40 2755 2 40 25 2 0 36 10 7 0 6.0
37 16 54 40 61 54 40 6894 3 13 9 12 0 9 7 7 0 17 12 6 1 4.0
38 38 69 40 35 75 40 11320 4 13 11 13 0 10 7 5 0 22 22 21 0 16 10 6 1 6.0
39 20 55 40 56 53 40 10620 3 11 6 15 0 9 6 7 0 56 17 8 1 5.0
40 43 79 40 65 51 40 29281 1 22 22 27 0 4.0
41 47 78 40 14 55 40 10114 4 17 17 8 0 9 6 1 0 22 11 17 0 18 11 10 0 5.0
42 16 56 40 37 80 40 6667 3 19 15 7 0 11 11 17 0 20 17 11 1 5.0
43 42 20 40 67 45 40 45000 5 9 9 3 0 11 7 4 0 12 10 10 0 28 22 17 0 15 12 9 0 4.0
44 37 70 40 34 21 40 7234 4 13 9 4 0 10 8 7 0 14 10 1 0 17 12 8 1 4.0
45 24 50 40 59 50 40 768 1 21 17 2 1 5.0
46 34 73 40 39 22 40 10270 5 9 7 9 0 22 22 2 0 11 9 2 0 15 9 16 0 11 10 8 1 4.0
47 54 44 40 35 19 40 8810 1 20 19 18 0 5.0
48 67 52 40 25 44 40 9078 1 20 17 17 0 5.0
49 45 27 40 25 45 40 45000 5 19 15 15 0 34 6 9 0 30 10 30 0 11 10 16 1 12 7 6 1 4.0
50 38 74 40 21 55 40 978 1 20 14 3 1 5.0
51 35 73 40 59 49 40 7116 4 34 13 7 0 9 6 1 0 23 12 12 1 11 11 11 1 5.0
52 38 30 40 56 51 40 6927 4 13 9 5 0 20 11 11 0 19 15 12 0 14 14 8 0 5.0
53 58 47 40 42 79 40 19869 5 17 11 11 0 14 12 17 0 11 8 7 0 13 13 5 0 34 11 9 1 4.0
