5     52    45000 60    25    30   
0     40    50    0     40    50    1236  0     
1 44 70 40 34 24 40 4363 2 14 11 9 0 10 8 5 1 4.0
2 36 21 40 14 47 40 2268 2 19 11 5 0 11 7 3 0 5.0
3 57 56 40 45 75 40 1106 2 10 8 8 0 10 10 19 1 6.0
4 41 80 40 40 19 40 2081 2 9 7 7 0 13 6 2 0 4.0
5 46 78 40 55 49 40 4335 5 19 13 13 0 11 11 11 0 37 7 4 0 11 11 8 1 18 14 15 1 6.0
6 23 51 40 45 20 40 3216 2 23 8 14 0 14 13 13 1 6.0
7 16 50 40 57 46 40 18283 5 10 8 7 0 13 6 1 0 19 14 8 0 14 10 14 1 20 15 30 1 5.0
8 21 52 40 56 50 40 6700 4 11 10 2 0 19 11 19 0 22 20 5 0 14 11 3 1 5.0
9 39 70 40 25 48 40 24755 5 21 18 5 0 9 7 2 0 24 15 9 1 22 16 22 1 16 11 5 1 5.0
10 60 45 40 38 26 40 20486 4 11 11 11 0 10 7 10 0 14 14 5 0 13 9 8 1 4.0
11 20 46 40 43 70 40 1699 1 10 8 9 1 4.0
12 47 31 40 42 24 40 1565 3 21 18 4 0 11 8 5 0 23 20 6 0 6.0
13 56 48 40 64 57 40 45000 5 11 9 7 0 55 8 8 0 17 9 7 1 9 9 9 1 35 19 19 1 4.0
14 40 82 40 36 23 40 2690 2 14 9 19 0 9 6 1 0 5.0
15 37 32 40 18 53 40 807 2 10 7 7 0 15 13 4 0 6.0
16 57 49 40 56 57 40 18087 2 36 25 3 0 15 11 4 0 4.0
17 45 30 40 36 29 40 3913 5 16 11 11 0 9 6 1 0 23 23 23 0 25 19 5 0 10 9 10 0 6.0
18 37 76 40 39 74 40 15370 4 56 12 5 0 16 11 5 0 23 8 14 0 11 8 8 1 4.0
19 54 54 40 27 49 40 25973 2 15 13 9 1 49 8 4 1 4.0
20 66 51 40 55 47 40 123 1 11 8 1 0 5.0
21 38 70 40 64 45 40 9760 5 15 13 11 0 22 15 1 0 33 8 8 0 22 22 22 0 19 8 2 1 6.0
22 42 78 40 18 49 40 3308 2 10 9 15 0 13 13 3 0 5.0
23 45 77 40 66 46 40 3012 2 11 9 6 0 9 9 9 0 4.0
24 66 44 40 45 78 40 14286 5 36 19 19 0 13 12 13 0 31 17 6 0 9 7 9 1 9 7 4 1 6.0
25 34 32 40 40 72 40 195 1 9 6 2 1 5.0
26 39 25 40 45 32 40 1502 2 17 17 6 0 11 9 1 0 6.0
27 18 50 40 45 25 40 11144 5 15 14 11 0 49 22 8 0 19 11 7 0 14 14 1 1 21 21 5 1 6.0
28 54 50 40 44 24 40 271 1 9 6 2 0 4.0
29 63 55 40 17 47 40 2274 5 10 7 4 0 14 11 3 0 20 9 3 0 12 10 10 0 16 16 3 1 6.0
30 41 73 40 46 32 40 280 2 9 7 2 0 9 8 9 0 6.0
31 20 53 40 38 71 40 45000 4 15 9 7 0 16 11 5 0 15 15 5 1 19 19 4 1 4.0
32 21 57 40 23 44 40 1144 5 9 7 9 0 18 12 7 0 19 17 4 0 9 6 4 1 12 10 9 1 6.0
33 40 73 40 54 49 40 2618 2 11 10 5 0 20 14 15 0 6.0
34 55 46 40 25 51 40 23779 3 9 6 6 0 26 19 6 0 39 24 2 0 4.0
35 14 52 40 44 71 40 1673 2 35 10 7 0 13 9 12 0 6.0
36 36 25 40 67 44 40 912 2 9 7 7 0 16 11 6 0 6.0
37 20 50 40 65 51 40 31701 5 13 11 13 0 10 7 5 0 22 22 21 0 15 10 5 1 11 6 15 1 4.0
38 40 77 40 37 74 40 16982 3 9 6 7 0 55 16 8 0 22 22 26 1 5.0
39 54 51 40 43 74 40 2421 1 16 16 8 0 5.0
40 34 69 40 38 24 40 121 1 9 6 1 0 4.0
41 37 20 40 34 81 40 4629 1 22 11 16 1 5.0
42 46 22 40 66 52 40 7759 5 17 11 9 0 19 14 7 0 11 11 16 0 19 16 11 0 9 9 3 0 5.0
43 25 54 40 34 72 40 10003 2 10 7 4 0 11 9 9 0 4.0
44 23 46 40 20 45 40 30972 5 27 22 16 0 14 11 9 0 13 9 4 0 9 8 7 0 14 9 1 1 4.0
45 43 27 40 63 48 40 2246 2 16 11 8 0 20 17 2 1 5.0
46 37 21 40 39 71 40 8067 4 9 7 9 0 22 22 2 0 11 9 2 0 14 9 16 0 4.0
47 39 19 40 57 47 40 927 1 10 9 8 1 5.0
48 35 25 40 25 57 40 40611 5 19 18 17 0 20 17 17 0 18 14 15 0 33 6 9 0 29 10 30 1 5.0
49 18 44 40 24 50 40 9682 2 10 9 15 0 11 7 6 0 4.0
50 14 50 40 46 20 40 4474 2 20 14 3 0 33 13 7 0 5.0
51 36 72 40 27 50 40 4230 4 9 6 1 0 22 11 11 0 11 11 11 0 13 9 5 1 5.0
52 64 55 40 26 57 40 3291 5 19 11 11 0 18 15 11 0 14 14 8 0 16 11 11 0 14 11 17 0 6.0
