5     53    45000 60    25    30   
0     40    50    0     40    50    1236  0     
1 53 66 40 53 82 40 37093 4 24 18 5 0 11 6 8 0 28 23 10 0 20 8 28 1 4.0
2 18 73 40 42 38 40 705 1 10 9 4 1 5.0
3 21 52 40 45 75 40 3541 3 22 18 14 0 8 6 6 0 8 6 4 1 6.0
4 36 74 40 65 62 40 10571 4 21 18 4 0 9 7 5 0 26 21 12 0 8 7 11 1 5.0
5 24 51 40 42 15 40 131 1 11 8 7 0 6.0
6 33 76 40 40 16 40 26869 4 30 17 4 0 35 15 10 0 23 18 8 1 23 20 5 1 4.0
7 64 54 40 68 30 40 16533 4 20 6 3 0 33 6 6 0 18 13 5 0 11 8 4 1 4.0
8 63 58 40 55 60 40 2110 2 40 25 2 0 10 7 3 0 5.0
9 48 30 40 18 25 40 10952 4 13 9 6 0 18 10 16 0 9 6 5 0 53 20 5 0 5.0
10 17 27 40 60 17 40 6578 2 8 7 5 0 16 14 14 0 5.0
11 16 31 40 59 49 40 2587 2 15 15 5 0 13 13 5 1 5.0
12 45 32 40 48 50 40 37473 3 33 23 10 0 8 6 2 0 10 10 9 1 4.0
13 66 40 40 35 65 40 15772 2 14 14 14 0 14 13 5 0 4.0
14 42 37 40 48 62 40 10409 3 16 6 7 0 8 6 7 0 10 8 7 0 4.0
15 51 45 40 57 52 40 6256 5 10 10 5 0 32 19 30 0 13 8 4 0 11 9 4 0 8 8 8 1 6.0
16 43 26 40 30 55 40 7278 3 33 24 6 0 9 9 9 0 26 14 22 1 6.0
17 14 67 40 11 23 40 7379 5 10 8 6 0 9 8 5 0 8 6 4 0 15 11 9 0 9 8 5 1 4.0
18 12 40 40 53 31 40 4150 5 13 10 13 0 10 10 10 0 22 13 15 0 10 6 7 1 26 15 13 1 6.0
19 12 75 40 12 70 40 45000 4 17 14 18 0 10 8 8 1 23 23 14 1 28 13 13 1 4.0
20 40 55 40 34 70 40 1315 2 14 8 3 0 24 12 4 1 6.0
21 14 49 40 61 55 40 260 2 10 8 5 0 20 6 6 0 6.0
22 26 82 40 49 45 40 19353 2 16 8 16 0 35 6 6 0 4.0
23 29 27 40 32 21 40 3585 4 8 6 4 0 8 6 3 0 40 15 4 0 22 19 24 1 6.0
24 10 73 40 47 20 40 84 2 8 6 6 0 8 6 1 0 6.0
25 62 65 40 17 57 40 25413 3 8 6 8 0 22 15 3 0 9 7 4 0 4.0
26 15 51 40 15 32 40 355 1 8 8 8 0 6.0
27 44 73 40 14 74 40 5839 2 31 11 5 0 18 15 10 1 5.0
28 36 19 40 69 57 40 908 1 15 9 6 0 5.0
29 33 31 40 13 48 40 4929 5 12 8 4 0 15 8 4 0 8 8 8 0 15 8 6 0 17 11 6 1 5.0
30 64 21 40 16 28 40 4059 2 19 11 13 0 10 8 5 0 5.0
31 44 37 40 47 85 40 36400 4 10 8 1 0 20 15 8 0 17 10 6 0 27 17 17 0 4.0
32 65 17 40 70 46 40 789 4 18 18 4 0 8 6 4 0 8 8 8 0 8 8 10 1 6.0
33 55 15 40 65 46 40 13478 2 25 17 15 0 10 8 7 1 5.0
34 16 59 40 66 27 40 27206 4 9 7 5 0 11 11 13 1 20 15 13 1 17 17 23 1 4.0
35 45 43 40 17 42 40 438 2 10 8 5 0 10 8 1 0 5.0
36 16 35 40 33 41 40 5926 2 26 18 26 0 10 8 3 0 6.0
37 31 58 40 45 70 40 18893 3 9 9 3 0 23 13 7 0 10 7 6 1 4.0
38 51 71 40 39 56 40 6666 4 33 25 12 0 11 9 7 0 8 6 3 0 32 8 3 1 6.0
39 57 48 40 40 83 40 44851 3 26 18 9 0 15 11 3 0 51 23 10 1 4.0
40 15 42 40 20 79 40 267 1 10 8 6 0 6.0
41 12 38 40 65 66 40 5671 4 9 8 7 0 11 9 13 0 12 9 2 0 9 7 7 0 4.0
42 13 30 40 34 24 40 3725 3 8 6 5 0 9 8 5 0 15 8 30 1 5.0
43 48 84 40 41 29 40 5706 5 8 6 3 0 10 6 4 0 15 15 5 0 13 8 8 0 13 8 13 0 5.0
44 67 64 40 25 47 40 18048 4 10 10 3 0 10 7 4 0 33 18 3 0 27 25 10 1 5.0
45 39 44 40 21 22 40 747 1 12 12 10 1 6.0
46 69 37 40 65 74 40 45000 5 16 16 9 0 11 7 4 0 27 6 4 0 21 16 13 0 15 10 2 1 4.0
47 61 23 40 37 48 40 16570 1 29 25 20 0 5.0
48 40 82 40 17 76 40 582 1 14 8 6 0 6.0
49 31 76 40 36 17 40 44541 5 10 10 5 0 17 14 13 0 35 6 6 0 25 20 10 1 33 13 22 1 4.0
50 56 48 40 16 69 40 50 1 8 8 5 1 6.0
51 41 44 40 51 67 40 26552 4 53 25 10 0 11 10 5 0 15 8 4 1 23 20 10 1 5.0
52 53 54 40 34 78 40 27893 4 11 7 5 0 25 15 20 0 26 6 7 0 18 10 15 0 4.0
53 57 47 40 15 27 40 27160 5 15 13 25 0 10 9 7 0 14 12 4 0 9 8 11 0 23 18 6 1 4.0
