5     53    45000 60    25    30   
0     40    50    0     40    50    1236  0     
1 16 46 40 17 49 40 13275 2 30 22 6 0 13 7 10 1 4.0
2 63 47 40 45 23 40 19974 1 34 25 12 0 5.0
3 22 47 40 56 46 40 4250 2 25 9 30 0 12 10 4 0 6.0
4 37 28 40 24 47 40 12772 3 27 22 17 0 10 7 7 0 10 7 4 1 5.0
5 57 56 40 34 28 40 3059 3 25 22 5 0 10 8 6 0 32 25 14 1 6.0
6 40 75 40 14 50 40 1949 1 9 8 13 0 4.0
7 45 75 40 43 23 40 25596 2 13 9 9 0 37 20 5 0 4.0
8 66 49 40 22 44 40 18171 3 43 18 12 0 28 22 9 1 28 25 6 1 5.0
9 21 44 40 46 25 40 5343 3 25 7 3 0 40 7 7 0 22 15 6 1 5.0
10 44 76 40 25 52 40 1348 1 14 10 5 0 5.0
11 64 53 40 63 50 40 3217 1 49 25 2 0 5.0
12 42 79 40 55 48 40 1676 1 12 8 4 0 4.0
13 42 73 40 43 32 40 28450 3 15 11 7 0 22 12 19 0 10 7 6 0 4.0
14 60 52 40 42 69 40 45000 1 60 25 6 0 4.0
15 16 52 40 42 81 40 1862 2 10 8 6 0 19 17 17 1 6.0
16 37 80 40 40 73 40 1049 1 18 18 6 0 6.0
17 47 72 40 44 73 40 35485 2 16 16 6 0 41 25 12 0 4.0
18 59 50 40 37 26 40 2209 3 10 7 2 0 12 12 11 0 17 17 17 0 6.0
19 34 79 40 54 46 40 10845 3 17 15 6 0 19 7 8 0 10 7 9 1 4.0
20 43 29 40 36 30 40 1719 2 12 10 9 0 12 12 6 0 6.0
21 47 19 40 26 52 40 6388 2 39 23 30 0 15 10 4 1 6.0
22 46 75 40 20 56 40 45000 3 13 10 5 0 10 10 10 1 41 25 7 1 4.0
23 45 76 40 42 77 40 4641 3 10 10 10 0 32 17 27 0 12 10 7 1 6.0
24 40 81 40 44 78 40 148 1 11 9 6 0 6.0
25 24 56 40 42 26 40 45000 3 10 7 4 0 18 13 10 0 10 10 6 1 4.0
26 22 50 40 43 25 40 1874 1 15 12 15 0 6.0
27 67 50 40 55 55 40 2290 1 12 12 12 0 5.0
28 34 22 40 18 55 40 8721 1 27 16 18 0 5.0
29 43 81 40 44 26 40 26293 3 12 7 8 0 32 18 15 1 21 17 22 1 5.0
30 60 50 40 59 44 40 16762 2 12 9 9 0 28 25 17 0 5.0
31 44 82 40 44 20 40 35630 3 34 16 16 0 17 10 4 0 30 14 4 1 4.0
32 24 49 40 37 82 40 1776 3 12 10 6 0 25 7 7 0 20 10 20 0 6.0
33 35 25 40 67 48 40 5183 3 43 7 7 0 10 7 4 0 10 7 4 0 5.0
34 43 78 40 59 53 40 45000 2 49 18 5 0 27 23 29 0 4.0
35 60 53 40 60 48 40 1151 3 10 7 7 0 10 7 1 0 10 7 10 0 5.0
36 34 21 40 45 74 40 671 1 26 18 3 1 6.0
37 63 48 40 43 77 40 31445 3 11 9 5 0 10 9 10 0 38 14 6 1 4.0
38 56 54 40 38 27 40 3808 3 22 18 12 0 18 10 7 0 14 10 4 0 6.0
39 66 52 40 46 24 40 8131 3 18 10 4 0 10 10 10 0 18 10 7 1 4.0
40 45 71 40 39 79 40 1090 1 20 14 7 0 6.0
41 64 46 40 40 24 40 13436 2 23 14 16 0 12 9 6 1 4.0
42 35 19 40 47 25 40 106 1 12 10 1 0 5.0
43 55 53 40 34 31 40 8602 2 24 18 9 0 20 12 7 1 5.0
44 16 49 40 15 46 40 30938 2 33 20 20 1 22 22 5 1 5.0
45 46 31 40 46 21 40 145 1 10 7 4 0 6.0
46 25 44 40 19 46 40 7894 1 10 9 9 0 4.0
47 24 48 40 44 21 40 14125 2 10 10 12 0 31 20 18 1 5.0
48 19 50 40 21 51 40 748 1 12 9 8 0 6.0
49 64 48 40 25 50 40 22656 3 11 8 6 0 13 13 15 1 25 18 15 1 4.0
50 38 79 40 24 50 40 1928 1 21 21 28 0 6.0
51 15 55 40 63 54 40 1080 2 12 9 6 0 12 10 1 0 5.0
52 57 50 40 37 81 40 45000 2 32 22 30 0 12 10 3 0 4.0
53 20 46 40 55 47 40 862 1 10 10 3 0 4.0
