5     53    45000 60    25    30   
0     40    50    0     40    50    1236  0     
1 53 66 40 53 82 40 3912 4 14 11 5 0 9 6 2 0 9 9 9 0 8 8 6 1 4.0
2 18 73 40 42 38 40 5296 1 16 16 16 1 5.0
3 21 52 40 45 75 40 2691 3 10 9 15 0 8 6 2 0 14 14 9 1 6.0
4 36 74 40 65 62 40 45000 4 34 25 24 0 16 16 5 0 29 18 8 0 23 18 5 1 4.0
5 24 51 40 42 15 40 671 1 23 19 5 0 6.0
6 33 76 40 40 16 40 4337 4 18 18 5 0 12 7 5 0 8 8 5 1 10 10 27 1 6.0
7 64 54 40 68 30 40 9980 4 10 8 3 0 21 15 27 0 51 24 3 0 9 9 1 1 6.0
8 63 58 40 55 60 40 517 2 8 6 3 0 10 10 10 0 6.0
9 48 30 40 18 25 40 6449 4 23 16 3 0 11 11 8 0 11 7 3 0 10 6 3 0 4.0
10 17 27 40 60 17 40 45000 2 16 16 21 0 23 23 15 0 4.0
11 16 31 40 59 49 40 15336 2 32 24 14 0 8 8 3 1 5.0
12 45 32 40 48 50 40 3744 3 11 7 8 0 8 8 8 0 10 10 10 1 4.0
13 66 40 40 35 65 40 14122 2 31 21 4 0 26 25 4 0 4.0
14 42 37 40 48 62 40 9426 3 21 17 4 0 10 10 10 0 19 19 21 0 5.0
15 51 45 40 57 52 40 1984 5 9 6 4 0 19 5 5 0 28 6 8 0 9 7 11 0 9 6 2 1 6.0
16 43 26 40 30 55 40 4489 3 11 11 11 0 9 7 6 0 13 9 13 1 5.0
17 14 67 40 11 23 40 1772 5 8 7 4 0 10 9 6 0 9 9 2 0 21 16 5 0 12 8 6 1 6.0
18 12 40 40 53 31 40 5904 5 10 7 10 0 12 11 14 0 12 10 9 0 12 11 12 1 10 10 10 1 5.0
19 12 75 40 12 70 40 45000 4 27 23 11 0 10 8 6 1 9 6 6 1 16 16 10 1 4.0
20 40 55 40 34 70 40 14511 2 18 14 10 0 55 22 8 1 5.0
21 14 49 40 61 55 40 4763 2 9 7 8 0 21 13 12 0 5.0
22 26 82 40 49 45 40 1856 2 13 13 21 0 8 6 6 0 6.0
23 29 27 40 32 21 40 704 4 28 22 2 0 29 10 4 0 7 6 5 0 11 9 6 1 6.0
24 10 73 40 47 20 40 5379 2 27 9 27 0 25 8 3 0 6.0
25 62 65 40 17 57 40 3121 3 10 8 3 0 8 6 6 0 10 8 5 0 4.0
26 15 51 40 15 32 40 946 1 11 7 7 0 4.0
27 44 73 40 14 74 40 1230 2 8 8 8 0 10 8 6 1 5.0
28 36 19 40 69 57 40 281 1 8 6 1 0 4.0
29 33 31 40 13 48 40 11983 5 26 21 4 0 13 13 5 0 18 18 6 0 26 6 6 0 19 19 24 1 6.0
30 64 21 40 16 28 40 1942 2 19 10 8 0 10 8 3 0 5.0
31 44 37 40 47 85 40 7595 4 10 10 13 0 10 9 8 0 8 7 11 0 9 8 7 0 4.0
32 65 17 40 70 46 40 10014 4 13 13 12 0 15 9 3 0 16 16 5 0 16 10 16 1 4.0
33 55 15 40 65 46 40 736 2 11 8 2 0 8 8 8 1 5.0
34 16 59 40 66 27 40 5945 4 9 8 5 0 8 6 7 1 52 6 10 1 8 8 8 1 5.0
35 45 43 40 17 42 40 10189 2 39 25 10 0 15 9 1 0 5.0
36 16 35 40 33 41 40 5543 2 19 15 10 0 31 21 10 0 6.0
37 31 58 40 45 70 40 12826 3 20 20 6 0 22 18 8 0 16 16 16 1 5.0
38 51 71 40 39 56 40 12649 4 24 12 10 0 16 10 9 0 38 9 7 0 16 16 3 1 4.0
39 57 48 40 40 83 40 5957 3 10 9 3 0 8 8 8 0 36 18 8 1 5.0
40 15 42 40 20 79 40 2866 1 15 13 8 0 4.0
41 12 38 40 65 66 40 4836 4 21 21 17 0 8 8 16 0 11 8 5 0 9 7 4 0 6.0
42 13 30 40 34 24 40 9925 3 22 8 13 0 17 13 6 0 14 10 9 1 4.0
43 48 84 40 41 29 40 45000 5 10 9 8 0 26 21 10 0 16 16 16 0 13 13 13 0 18 18 5 0 4.0
44 67 64 40 25 47 40 15356 4 24 24 30 0 8 8 8 0 23 11 21 0 17 11 19 1 6.0
45 39 44 40 21 22 40 467 1 27 25 3 1 6.0
46 69 37 40 65 74 40 44617 5 9 6 2 0 55 25 6 0 17 10 23 0 10 8 13 0 8 6 5 1 4.0
47 61 23 40 37 48 40 99 1 10 6 2 0 6.0
48 40 82 40 17 76 40 1095 1 12 10 8 0 5.0
49 31 76 40 36 17 40 37036 5 12 11 7 0 14 11 9 0 21 21 10 0 8 6 6 1 17 17 19 1 4.0
50 56 48 40 16 69 40 110 1 10 6 2 1 5.0
51 41 44 40 51 67 40 3636 4 16 7 5 0 18 14 10 0 14 6 4 1 9 6 13 1 6.0
52 53 54 40 34 78 40 42558 4 16 16 16 0 37 25 11 0 10 8 10 0 9 6 3 0 4.0
53 57 47 40 15 27 40 5012 5 8 8 3 0 13 13 17 0 9 7 2 0 10 10 10 0 14 11 9 1 5.0
