5     53    45000 60    25    30   
0     40    50    0     40    50    1236  0     
1 40 20 40 47 76 40 45000 2 12 12 12 0 28 22 10 1 4.0
2 55 56 40 56 35 40 6614 1 54 7 30 0 6.0
3 18 59 40 56 41 40 1084 2 19 11 11 0 14 8 4 0 6.0
4 66 66 40 64 38 40 4875 3 14 7 2 0 10 7 7 0 13 12 10 1 4.0
5 47 30 40 47 74 40 6487 3 20 13 7 0 10 7 7 0 22 16 17 1 6.0
6 56 63 40 64 42 40 1158 1 11 7 4 0 4.0
7 15 58 40 39 70 40 9288 2 10 9 4 0 12 12 12 0 4.0
8 34 27 40 35 71 40 4103 3 22 22 22 0 22 9 3 1 13 13 17 1 6.0
9 15 54 40 20 35 40 4529 3 13 13 8 0 10 7 1 0 12 10 7 1 5.0
10 63 65 40 57 46 40 12559 1 18 18 18 0 4.0
11 19 59 40 23 37 40 740 1 10 9 7 0 5.0
12 66 61 40 37 72 40 3041 1 13 13 15 0 5.0
13 23 67 40 46 79 40 26037 3 15 12 12 0 60 25 2 0 18 18 18 0 4.0
14 15 60 40 27 36 40 3746 1 56 14 8 0 6.0
15 62 58 40 56 37 40 4438 2 14 10 1 0 18 15 11 1 5.0
16 19 63 40 19 38 40 539 1 10 10 3 0 5.0
17 44 19 40 43 78 40 812 2 11 7 5 0 42 7 7 0 6.0
18 36 28 40 39 72 40 3107 3 41 21 5 0 13 7 3 0 12 11 4 0 6.0
19 57 64 40 15 42 40 34584 3 16 8 6 0 38 25 24 0 11 7 11 1 5.0
20 61 66 40 21 37 40 3066 2 15 5 16 0 30 7 7 0 5.0
21 54 67 40 64 47 40 2953 2 10 10 3 0 13 10 4 1 4.0
22 21 59 40 57 44 40 45000 3 14 14 12 0 27 25 27 1 11 8 4 1 4.0
23 18 63 40 47 73 40 5612 3 33 24 6 0 10 10 10 0 15 9 9 1 6.0
24 21 63 40 60 40 40 4840 1 33 25 11 0 6.0
25 46 30 40 25 47 40 45000 3 22 17 30 0 11 10 11 0 13 9 5 1 4.0
26 57 61 40 63 39 40 19015 1 36 18 26 0 5.0
27 47 19 40 43 81 40 100 1 10 7 1 0 5.0
28 40 28 40 46 72 40 2372 1 23 9 13 0 6.0
29 24 66 40 25 44 40 45000 3 34 21 12 0 36 24 24 1 34 25 10 1 5.0
30 62 60 40 62 36 40 45000 2 36 25 5 0 30 22 21 0 4.0
31 28 57 40 65 42 40 38703 3 36 11 13 0 21 14 14 0 10 7 6 1 4.0
32 45 29 40 40 79 40 15726 3 13 10 13 0 29 12 3 0 22 19 19 0 5.0
33 41 31 40 53 38 40 4471 3 36 18 12 0 12 10 3 0 10 7 2 0 6.0
34 24 67 40 44 80 40 45000 2 39 25 22 0 14 12 10 0 4.0
35 55 64 40 23 40 40 4101 3 10 7 4 0 12 12 12 0 12 11 8 0 5.0
36 35 30 40 37 70 40 16483 1 56 24 6 1 4.0
37 21 67 40 23 38 40 45000 3 12 10 18 0 22 22 6 0 35 25 13 1 4.0
38 36 32 40 16 46 40 2005 3 14 8 8 0 27 9 6 0 20 14 1 0 6.0
39 61 55 40 19 41 40 19922 3 10 10 16 0 22 12 18 0 10 10 10 1 4.0
40 60 60 40 55 45 40 5169 1 12 12 6 0 4.0
41 17 57 40 24 44 40 1754 2 11 8 8 0 36 9 9 1 6.0
42 54 65 40 43 82 40 921 1 12 12 12 0 6.0
43 57 67 40 66 46 40 2360 2 11 8 10 0 20 14 2 1 5.0
44 40 22 40 38 73 40 11181 2 17 14 7 1 21 12 30 1 5.0
45 21 55 40 16 41 40 1582 1 31 7 7 0 6.0
46 24 64 40 40 80 40 2084 1 10 10 6 0 4.0
47 41 28 40 26 38 40 45000 2 31 25 4 0 30 11 12 1 4.0
48 59 63 40 20 46 40 198 1 12 7 3 0 6.0
49 37 19 40 39 81 40 10275 3 21 21 8 0 21 7 2 1 41 8 5 1 5.0
50 23 60 40 22 38 40 1469 1 24 18 3 0 5.0
51 41 30 40 54 35 40 2344 2 15 14 10 0 10 10 6 0 6.0
52 40 25 40 25 34 40 17421 2 21 13 13 0 13 10 5 0 4.0
53 65 62 40 64 46 40 329 1 12 7 3 0 5.0
