5     53    45000 60    25    30   
0     40    50    0     40    50    1236  0     
1 51 37 40 15 63 40 4702 2 15 11 9 0 11 8 5 0 4.0
2 32 81 40 27 63 40 2757 2 20 11 6 0 11 7 3 0 5.0
3 61 38 40 27 33 40 1369 3 11 8 8 0 10 10 20 0 9 7 7 0 6.0
4 10 81 40 52 16 40 17237 3 13 6 2 0 19 14 13 0 11 11 11 1 4.0
5 19 68 40 38 27 40 558 1 38 7 5 1 6.0
6 45 21 40 38 19 40 3412 2 11 11 8 0 19 15 15 1 6.0
7 27 78 40 67 67 40 7582 4 24 8 14 0 14 13 13 0 10 8 7 1 13 6 1 1 5.0
8 48 59 40 54 60 40 14368 4 20 14 8 0 14 11 14 0 21 16 30 0 11 10 2 0 5.0
9 20 40 40 48 57 40 13719 3 19 12 19 0 23 21 6 1 14 11 3 1 5.0
10 16 24 40 12 25 40 10848 1 22 19 5 0 4.0
11 49 33 40 55 16 40 7978 2 10 7 2 0 24 15 9 0 4.0
12 70 28 40 13 67 40 3360 2 23 17 23 0 17 11 6 0 6.0
13 66 22 40 18 22 40 25605 4 11 11 11 0 10 7 10 0 14 14 6 0 13 9 8 1 4.0
14 37 37 40 38 84 40 3385 3 11 8 10 0 22 19 4 0 11 8 6 1 5.0
15 57 65 40 18 76 40 2271 2 24 20 6 0 11 9 7 0 6.0
16 64 25 40 52 84 40 26043 2 57 8 8 0 17 10 7 1 4.0
17 22 85 40 30 39 40 4084 5 9 9 9 0 36 20 20 0 14 9 20 0 9 6 1 0 10 7 7 1 6.0
18 42 26 40 30 45 40 13146 4 16 14 4 0 37 25 3 0 16 11 4 0 17 11 11 0 4.0
19 49 35 40 64 16 40 45000 2 9 6 1 0 24 24 24 1 4.0
20 64 52 40 52 73 40 4177 1 25 20 6 0 5.0
21 16 63 40 11 45 40 6213 5 11 10 11 0 57 12 6 0 17 11 6 0 24 8 14 1 12 8 8 1 6.0
22 43 82 40 54 73 40 11610 4 16 13 10 0 51 8 5 0 11 8 1 0 15 14 11 1 5.0
23 11 57 40 18 49 40 5791 2 23 16 1 0 34 8 8 0 4.0
24 14 41 40 20 65 40 9146 1 23 23 23 0 6.0
25 30 29 40 34 24 40 3250 2 19 8 2 0 10 10 15 0 5.0
26 69 85 40 55 31 40 447 1 14 13 3 1 6.0
27 23 83 40 67 33 40 447 1 11 9 6 0 6.0
28 13 26 40 56 35 40 38983 2 9 9 9 0 37 20 20 1 4.0
29 56 17 40 68 77 40 4612 4 13 12 14 0 32 18 6 0 10 7 10 0 9 7 4 1 6.0
30 37 75 40 40 39 40 1757 4 9 6 2 0 18 18 6 0 11 9 1 0 15 15 12 1 6.0
31 14 35 40 20 26 40 45000 5 50 23 8 0 20 11 7 0 15 15 1 0 21 21 6 1 9 6 2 1 4.0
32 29 68 40 68 43 40 914 5 10 7 5 0 14 11 3 0 20 10 3 0 12 11 11 1 17 17 3 1 6.0
33 59 45 40 61 77 40 1005 3 9 7 2 0 9 8 9 0 15 10 7 0 6.0
34 70 45 40 25 19 40 30093 5 17 11 6 0 16 15 6 0 19 19 5 0 9 7 9 0 19 12 7 1 4.0
35 21 30 40 65 18 40 711 2 19 18 4 0 9 6 5 1 6.0
36 10 84 40 43 84 40 658 1 12 10 9 0 6.0
37 62 17 40 17 24 40 1483 1 11 10 6 1 4.0
38 18 84 40 12 53 40 4269 2 21 14 16 0 9 6 6 1 6.0
39 28 17 40 21 16 40 11399 5 26 20 6 0 41 25 2 0 36 10 7 0 14 9 12 0 9 7 7 1 5.0
40 61 76 40 70 72 40 7228 2 17 12 6 0 14 11 13 0 4.0
41 37 66 40 36 51 40 16483 5 10 7 5 0 23 23 21 0 16 10 6 0 11 6 15 0 9 6 7 0 5.0
42 23 81 40 28 16 40 18737 2 56 17 8 0 23 23 27 0 5.0
43 64 75 40 27 28 40 45000 5 17 17 8 0 9 6 1 0 23 11 17 0 18 11 10 0 19 15 7 1 4.0
44 48 60 40 19 23 40 15605 3 11 11 17 0 20 17 11 0 9 9 3 1 4.0
45 54 69 40 50 68 40 15223 4 11 7 5 0 12 10 10 0 28 23 17 0 15 12 9 0 5.0
46 49 73 40 19 19 40 2212 2 13 9 4 0 10 8 7 1 4.0
47 12 58 40 25 41 40 5295 5 14 10 1 0 17 12 8 0 21 17 2 0 9 7 9 0 23 23 2 1 5.0
48 59 25 40 46 18 40 5086 3 11 9 2 0 15 9 16 1 11 10 8 1 5.0
49 40 29 40 66 52 40 45000 5 20 19 18 0 20 17 17 0 19 15 15 0 34 6 9 0 30 10 30 0 4.0
50 39 69 40 55 64 40 2636 2 11 10 16 0 12 7 6 1 5.0
51 35 34 40 16 37 40 6667 4 20 14 3 0 34 13 7 0 9 6 1 1 23 12 12 1 5.0
52 49 23 40 41 17 40 8120 5 11 11 11 0 14 9 5 0 20 11 11 0 19 15 12 0 14 14 8 0 5.0
53 47 54 40 45 41 40 19869 5 17 11 11 0 14 12 17 0 11 8 7 0 13 13 5 1 34 11 9 1 4.0
