5     53    45000 60    25    30   
0     40    50    0     40    50    1236  0     
1 35 25 40 38 70 40 1405 1 13 11 5 0 4.0
2 21 54 40 40 75 40 140 1 9 6 2 0 5.0
3 21 66 40 23 39 40 611 1 9 9 9 0 6.0
4 59 63 40 34 69 40 45000 4 8 8 6 0 15 15 15 0 10 9 14 0 8 6 2 0 4.0
5 58 62 40 19 44 40 8841 5 14 14 9 0 33 25 24 0 15 15 5 0 28 18 8 1 23 18 5 1 6.0
6 45 19 40 26 45 40 6124 5 23 19 5 0 18 18 5 0 12 7 5 0 8 8 5 0 10 10 26 1 6.0
7 19 63 40 15 42 40 10095 5 10 8 3 0 21 15 27 0 51 24 3 0 9 9 1 0 8 6 3 1 6.0
8 63 66 40 65 34 40 1543 5 10 10 10 0 23 15 3 0 11 11 8 0 11 7 3 0 10 6 3 1 6.0
9 15 54 40 21 43 40 45000 3 15 15 20 0 23 23 14 0 32 24 14 0 4.0
10 45 21 40 55 46 40 16670 5 8 8 3 0 11 7 8 0 8 8 8 0 10 10 10 1 31 20 4 1 4.0
11 39 29 40 21 40 40 3643 1 26 25 4 0 5.0
12 35 30 40 64 42 40 4012 2 20 16 4 0 10 10 10 0 4.0
13 19 60 40 44 81 40 20572 1 19 19 21 0 4.0
14 46 20 40 34 74 40 203 1 9 6 4 0 5.0
15 64 57 40 26 39 40 1740 3 18 5 5 0 28 6 8 0 9 7 11 0 6.0
16 36 25 40 26 44 40 150 1 9 6 2 1 5.0
17 47 31 40 44 74 40 1923 4 11 11 11 0 9 7 6 0 13 9 13 0 8 7 4 1 6.0
18 54 62 40 59 47 40 3306 5 10 9 6 0 9 9 2 0 20 15 5 0 12 8 6 0 10 7 10 0 5.0
19 65 65 40 58 34 40 39485 3 12 11 13 0 12 10 9 0 12 11 12 1 4.0
20 64 55 40 25 38 40 9918 4 10 10 10 0 27 22 11 0 10 8 6 0 9 6 6 0 5.0
21 34 31 40 64 43 40 18622 4 15 15 10 0 18 14 10 0 54 22 8 0 9 7 8 1 5.0
22 42 20 40 27 42 40 1509 1 20 13 12 0 6.0
23 46 32 40 59 43 40 1070 3 13 13 20 0 8 6 6 0 27 22 2 1 6.0
24 41 24 40 36 79 40 841 1 28 10 4 0 6.0
25 42 27 40 22 46 40 706 1 7 6 5 0 4.0
26 26 61 40 36 81 40 14538 5 11 9 6 0 27 9 27 0 25 8 3 1 10 8 3 1 8 6 6 1 4.0
27 24 58 40 23 36 40 496 1 10 8 5 0 5.0
28 25 60 40 54 42 40 3159 1 11 7 7 0 4.0
29 60 58 40 47 81 40 2566 4 8 8 8 0 10 8 6 1 8 6 1 1 26 20 4 1 6.0
30 22 67 40 24 40 40 2845 2 13 13 5 0 17 17 6 0 5.0
31 40 23 40 61 39 40 25330 4 26 6 6 0 18 18 24 0 19 10 8 0 10 8 3 1 4.0
32 66 60 40 23 44 40 5013 4 10 10 13 0 10 9 8 0 8 7 11 0 9 8 7 1 4.0
33 35 28 40 34 70 40 6185 4 13 13 12 0 14 9 3 0 15 15 5 1 15 10 15 1 5.0
34 18 60 40 39 72 40 6104 5 11 8 2 0 8 8 8 0 9 8 5 0 8 6 7 0 51 6 10 1 5.0
35 60 66 40 40 79 40 528 1 8 8 8 0 5.0
36 34 28 40 25 40 40 5626 1 38 25 10 0 6.0
37 64 67 40 56 46 40 167 1 14 9 1 0 5.0
38 28 62 40 55 38 40 28939 5 18 14 10 0 31 20 10 0 19 19 6 0 21 17 8 0 15 15 15 1 4.0
39 24 56 40 34 80 40 7557 5 24 12 10 0 15 10 9 0 38 9 7 0 15 15 3 1 10 9 3 1 5.0
40 55 60 40 66 44 40 10466 2 8 8 8 0 36 18 8 1 4.0
41 19 65 40 58 40 40 4682 3 15 13 8 0 20 20 16 0 8 8 15 0 6.0
42 24 63 40 17 47 40 896 1 11 8 5 1 4.0
43 21 62 40 46 73 40 20678 4 9 7 4 0 21 8 13 1 16 13 6 1 13 10 9 1 4.0
44 26 57 40 61 40 40 7553 5 10 9 8 0 26 20 10 0 15 15 15 0 13 13 13 0 18 18 5 1 6.0
45 65 57 40 44 77 40 4100 2 24 24 30 0 8 8 8 0 6.0
46 59 60 40 59 39 40 45000 5 23 11 20 0 16 11 19 0 27 25 3 0 9 6 2 1 54 25 6 1 4.0
47 61 59 40 35 73 40 5049 5 17 10 22 0 10 8 13 0 8 6 5 0 10 6 2 0 12 10 8 1 6.0
48 58 64 40 41 75 40 1054 1 12 11 7 0 5.0
49 16 59 40 42 80 40 31934 4 13 11 9 0 20 20 10 0 8 6 6 0 17 17 18 0 4.0
50 60 55 40 19 36 40 3844 5 10 6 2 0 15 7 5 0 18 14 10 1 13 6 4 1 9 6 13 1 5.0
51 62 55 40 24 36 40 2980 1 15 15 15 1 6.0
52 37 31 40 66 43 40 31651 4 37 25 11 0 10 8 10 0 9 6 3 0 8 8 3 0 4.0
53 25 63 40 60 46 40 4750 4 13 13 17 0 9 7 2 0 10 10 10 0 13 11 9 0 5.0
