7     75    45000 60    25    30   
0     40    50    0     40    50    1236  0     
1 35 72 40 45 77 40 39395 2 11 11 11 0 26 20 9 1 4.0
2 36 74 40 20 49 40 7174 2 50 7 30 0 18 10 10 1 6.0
3 60 54 40 23 56 40 164 1 13 8 4 0 6.0
4 64 51 40 14 52 40 3677 3 13 7 2 0 9 6 6 0 12 11 9 0 4.0
5 47 80 40 45 76 40 1248 1 19 12 7 0 6.0
6 61 49 40 56 51 40 20168 2 9 6 6 0 21 15 16 0 4.0
7 41 73 40 59 53 40 7682 3 10 6 3 0 9 8 3 0 11 11 11 1 4.0
8 20 57 40 46 75 40 3135 3 20 20 20 0 20 8 3 0 12 12 16 1 6.0
9 58 52 40 57 50 40 2018 1 12 12 7 1 5.0
10 56 55 40 41 75 40 116 1 9 6 1 1 4.0
11 45 81 40 44 25 40 814 1 11 9 7 1 5.0
12 22 50 40 37 77 40 8888 3 17 17 17 0 10 8 6 0 12 12 14 1 5.0
13 47 22 40 40 21 40 11000 2 14 11 11 0 59 25 2 1 4.0
14 42 32 40 39 70 40 5830 3 17 17 17 0 52 13 7 0 13 9 1 0 6.0
15 26 44 40 40 31 40 3516 1 16 14 11 0 5.0
16 38 21 40 58 57 40 868 2 9 9 3 0 10 6 4 1 5.0
17 47 24 40 63 48 40 1730 2 39 6 6 0 38 20 5 0 6.0
18 25 48 40 43 27 40 332 2 12 6 3 0 11 10 3 0 6.0
19 40 26 40 36 27 40 29223 3 15 8 6 0 35 25 22 1 11 6 10 1 5.0
20 21 45 40 35 74 40 2642 3 14 5 15 0 28 6 6 1 9 9 3 1 5.0
21 39 24 40 34 32 40 8251 2 12 9 4 0 13 13 11 0 4.0
22 20 51 40 46 70 40 45000 3 25 25 25 0 10 7 4 0 31 22 6 0 4.0
23 36 30 40 44 19 40 1309 2 9 9 9 0 14 8 8 1 6.0
24 46 30 40 45 75 40 10568 3 31 25 11 0 21 16 30 0 11 10 11 1 6.0
25 16 56 40 23 55 40 1681 1 12 8 5 0 4.0
26 25 56 40 37 28 40 14796 2 34 16 24 0 9 6 1 0 5.0
27 60 55 40 60 46 40 12140 2 21 8 12 0 31 19 11 0 5.0
28 42 20 40 42 25 40 25079 3 34 22 22 0 31 25 10 0 34 25 5 1 6.0
29 39 73 40 42 69 40 27358 3 28 20 19 0 34 11 12 0 19 13 13 1 5.0
30 46 78 40 60 49 40 1087 1 9 6 6 0 4.0
31 26 49 40 65 46 40 5180 1 12 9 12 0 4.0
32 40 80 40 64 54 40 9827 2 27 11 3 0 20 17 17 0 5.0
33 37 75 40 64 53 40 3393 2 34 16 11 0 11 9 3 0 6.0
34 67 49 40 23 47 40 369 1 9 7 2 0 4.0
35 25 49 40 37 76 40 26009 2 36 25 20 0 13 11 10 0 5.0
36 60 50 40 45 20 40 331 1 9 6 3 0 5.0
37 22 53 40 35 21 40 9479 1 11 11 11 1 4.0
38 20 55 40 63 56 40 586 1 11 10 7 0 6.0
39 41 21 40 36 75 40 30331 3 52 22 6 0 11 9 17 1 21 21 6 1 4.0
40 47 19 40 14 54 40 45000 1 33 24 12 0 4.0
41 34 70 40 39 74 40 403 1 13 8 8 1 6.0
42 39 32 40 24 50 40 771 2 25 8 6 0 19 13 1 1 6.0
43 44 26 40 60 47 40 8896 2 10 10 15 0 21 11 17 1 5.0
44 58 48 40 45 72 40 2945 3 10 10 10 0 11 11 6 0 11 8 8 1 5.0
45 39 28 40 24 47 40 2266 1 34 8 8 1 6.0
46 21 57 40 15 44 40 6813 2 11 11 11 0 10 7 9 1 4.0
47 66 49 40 35 75 40 3823 1 19 13 2 0 4.0
48 47 71 40 38 72 40 7451 3 16 13 7 0 20 11 30 0 29 7 7 0 6.0
49 55 55 40 15 52 40 5006 2 9 9 6 0 29 25 3 0 5.0
50 35 25 40 38 74 40 4064 2 28 11 11 0 11 6 3 1 5.0
51 40 19 40 57 56 40 2431 1 20 20 7 0 6.0
52 34 19 40 54 51 40 5576 2 20 7 2 0 38 7 4 1 4.0
53 41 26 40 45 30 40 4243 3 22 17 3 0 14 13 9 0 9 9 6 0 5.0
54 20 56 40 65 44 40 815 2 19 12 12 0 12 10 4 0 6.0
55 67 56 40 57 57 40 10174 3 11 6 3 0 17 12 7 0 10 9 7 1 4.0
56 14 49 40 59 49 40 8636 2 14 10 2 0 17 12 28 0 5.0
57 21 50 40 17 55 40 516 2 9 6 3 0 12 11 8 1 6.0
58 62 45 40 54 57 40 29210 3 19 19 3 0 10 8 7 0 20 11 14 1 4.0
59 67 50 40 36 81 40 21803 3 11 11 6 0 9 6 4 0 24 19 16 0 4.0
60 18 47 40 43 74 40 506 1 10 10 15 0 6.0
61 64 45 40 42 81 40 18341 2 10 8 7 0 11 11 15 0 4.0
62 47 79 40 20 44 40 33626 2 19 14 12 0 22 22 18 1 4.0
63 46 79 40 60 53 40 3579 3 11 9 6 0 24 8 14 0 11 11 1 1 5.0
64 44 72 40 18 50 40 5591 2 28 7 7 0 22 17 11 1 6.0
65 15 51 40 40 22 40 17586 2 31 9 28 0 19 14 7 1 5.0
66 61 51 40 46 19 40 113 1 10 7 2 0 6.0
67 59 46 40 18 48 40 45000 3 10 6 3 0 19 13 28 0 33 25 30 0 5.0
68 62 57 40 36 70 40 754 1 10 7 4 0 4.0
69 27 54 40 35 79 40 399 1 15 10 7 0 6.0
70 39 79 40 46 27 40 1417 2 10 7 5 0 10 10 10 1 5.0
71 46 31 40 19 55 40 716 1 9 7 10 0 5.0
72 14 46 40 60 51 40 45000 3 11 9 8 0 31 25 21 0 9 6 6 0 4.0
73 21 56 40 40 28 40 5466 3 24 19 6 0 15 8 4 0 11 6 2 0 5.0
74 39 29 40 45 21 40 1745 3 11 11 20 0 17 17 20 0 11 6 2 0 6.0
75 39 77 40 14 47 40 1641 2 10 7 7 0 25 15 4 0 6.0
