7     75    45000 60    25    30   
0     40    50    0     40    50    1236  0     
1 24 48 40 26 45 40 5692 3 17 8 13 0 8 6 12 1 8 5 2 1 4.0
2 47 69 40 38 30 40 4773 5 17 17 20 0 13 5 1 0 10 9 7 0 20 10 10 0 15 15 15 0 6.0
3 19 47 40 42 26 40 1457 2 23 17 9 0 8 6 1 1 6.0
4 42 79 40 35 70 40 45000 4 25 15 2 0 8 6 1 0 30 25 30 1 10 10 10 1 4.0
5 67 49 40 25 52 40 333 2 10 10 8 0 18 12 3 0 6.0
6 43 27 40 40 26 40 1932 5 11 7 1 0 10 10 7 0 9 9 8 0 13 10 6 1 13 13 3 1 6.0
7 56 57 40 25 51 40 16843 5 13 7 4 0 22 17 7 0 18 16 9 0 15 15 15 1 13 9 6 1 5.0
8 60 49 40 65 46 40 1646 3 8 7 5 0 8 6 1 0 9 8 5 1 4.0
9 35 20 40 43 22 40 5588 2 24 18 7 0 10 7 5 1 5.0
10 37 75 40 60 56 40 3045 1 16 6 9 0 4.0
11 17 47 40 34 28 40 5742 4 15 13 9 0 25 25 2 0 15 8 5 0 10 8 5 1 5.0
12 61 44 40 63 50 40 198 1 8 5 4 1 5.0
13 40 30 40 55 50 40 15613 4 15 15 15 0 23 17 2 0 11 7 3 0 30 15 2 0 4.0
14 63 51 40 43 31 40 25053 5 21 10 7 0 25 17 10 0 41 22 27 0 10 10 10 0 11 9 10 0 6.0
15 17 49 40 41 70 40 8213 4 15 10 10 0 34 5 5 0 17 10 30 0 8 5 4 0 5.0
16 34 73 40 40 22 40 195 1 9 5 2 0 4.0
17 58 56 40 20 47 40 18797 3 35 12 7 0 18 14 7 0 26 13 22 1 5.0
18 40 32 40 40 81 40 12981 5 11 7 3 0 10 6 3 0 27 15 30 0 52 20 5 0 30 25 5 0 6.0
19 35 79 40 59 47 40 2407 1 8 6 15 1 4.0
20 39 80 40 45 30 40 11654 4 28 16 5 0 24 9 9 0 20 11 3 0 10 10 10 0 5.0
21 45 82 40 64 46 40 5320 4 25 16 3 0 25 6 7 0 10 10 10 0 15 7 7 1 5.0
22 67 55 40 66 57 40 3982 1 23 13 9 0 5.0
23 47 77 40 37 82 40 14921 4 20 10 12 0 12 12 2 0 21 6 7 1 23 16 5 1 4.0
24 63 54 40 19 52 40 250 1 9 5 3 0 5.0
25 62 46 40 14 57 40 38788 4 15 10 10 0 10 10 6 0 23 11 19 0 17 5 6 0 4.0
26 36 29 40 43 26 40 3160 5 15 15 5 0 15 15 10 0 12 8 1 0 14 14 30 0 20 15 25 1 6.0
27 60 45 40 41 75 40 567 1 25 6 6 0 6.0
28 23 50 40 46 81 40 911 1 10 8 2 1 4.0
29 65 44 40 35 25 40 4051 4 21 14 11 0 13 8 8 0 18 17 11 0 8 6 6 0 6.0
30 19 46 40 27 51 40 1138 3 19 16 5 0 15 5 9 0 9 7 3 0 6.0
31 42 80 40 36 79 40 35509 4 10 10 7 0 20 15 25 0 9 9 6 0 12 11 7 1 4.0
32 39 82 40 46 27 40 6556 5 22 22 8 0 8 5 1 0 11 9 7 0 13 13 2 1 11 8 7 1 5.0
33 34 74 40 62 51 40 19776 4 8 6 2 0 20 20 9 0 16 15 16 1 22 17 7 1 5.0
34 56 51 40 34 30 40 5686 1 13 12 10 1 4.0
35 41 76 40 58 54 40 3122 5 14 8 11 0 9 8 4 0 8 8 6 0 16 10 18 0 8 5 1 1 6.0
36 46 25 40 34 26 40 2916 2 42 25 5 0 12 7 3 1 6.0
37 59 44 40 43 69 40 4685 5 12 5 5 0 20 14 10 0 15 8 8 0 17 12 5 0 15 14 8 0 6.0
38 64 53 40 27 57 40 1678 1 25 18 5 0 6.0
39 38 76 40 26 54 40 6625 2 15 10 30 0 13 12 5 1 5.0
40 38 70 40 38 24 40 5063 4 10 9 9 0 12 12 12 1 10 10 7 1 12 9 4 1 5.0
41 18 49 40 44 19 40 9362 5 15 15 15 0 8 8 5 0 11 8 8 0 22 17 7 1 9 7 5 1 5.0
42 39 81 40 55 47 40 240 2 9 8 6 0 8 8 8 0 6.0
43 21 54 40 40 28 40 5773 1 21 17 3 1 4.0
44 34 69 40 47 74 40 3384 3 17 17 8 0 17 13 7 1 12 7 2 1 6.0
45 65 45 40 47 70 40 8557 4 10 8 2 0 34 6 4 0 28 8 8 0 12 11 4 0 4.0
46 61 53 40 58 44 40 23174 4 16 12 12 0 10 8 7 0 19 14 15 0 8 5 4 1 4.0
47 41 26 40 18 51 40 15114 5 15 15 18 0 10 10 14 0 16 8 30 0 18 18 30 0 14 9 5 1 6.0
48 40 27 40 65 57 40 2711 4 9 7 6 0 8 8 2 0 20 17 5 0 24 12 18 0 6.0
49 17 48 40 41 69 40 799 3 8 5 1 0 8 7 4 1 10 8 1 1 4.0
50 37 29 40 46 26 40 9646 3 17 5 5 0 7 7 8 0 21 21 15 0 5.0
51 16 55 40 36 27 40 6997 4 23 20 10 0 10 8 13 0 17 11 7 1 9 6 9 1 5.0
52 35 21 40 42 72 40 12582 5 10 8 1 0 11 11 11 1 30 10 4 1 11 8 6 1 11 10 13 1 4.0
53 38 81 40 24 54 40 17062 2 20 15 20 0 21 20 6 1 4.0
54 46 69 40 39 75 40 2817 3 15 7 7 0 21 21 6 0 30 18 30 0 6.0
55 23 45 40 57 47 40 618 1 8 5 8 0 5.0
56 19 57 40 46 77 40 2818 1 24 9 17 0 6.0
57 40 21 40 16 44 40 2253 2 21 20 10 0 15 14 2 1 6.0
58 60 51 40 45 70 40 15971 4 9 7 6 0 9 6 5 0 20 18 5 0 20 14 18 1 4.0
59 56 53 40 39 26 40 2425 2 20 20 6 0 30 7 7 0 6.0
60 37 19 40 39 27 40 16212 2 18 14 2 0 26 19 14 0 4.0
61 39 72 40 21 51 40 25459 2 15 10 11 0 25 18 17 0 4.0
62 14 46 40 54 51 40 7542 4 10 10 15 0 22 17 13 0 8 5 1 0 15 10 16 0 6.0
63 34 21 40 54 44 40 2798 3 8 8 13 0 9 6 2 0 13 8 9 0 5.0
64 20 50 40 17 52 40 41142 4 30 7 7 0 30 22 20 0 8 6 3 0 18 13 3 1 4.0
65 27 56 40 21 50 40 11254 5 12 6 3 0 13 10 4 0 17 17 12 0 18 13 7 0 14 8 2 1 5.0
66 44 69 40 40 74 40 114 1 8 7 2 0 5.0
67 43 71 40 56 50 40 14687 2 22 17 7 0 14 14 4 0 4.0
68 26 47 40 54 47 40 22254 4 15 5 15 0 8 7 6 0 27 12 6 0 21 19 24 0 5.0
69 59 57 40 54 49 40 4401 3 12 8 8 0 19 14 3 0 15 15 15 1 5.0
70 39 21 40 43 20 40 9549 4 13 10 6 0 9 9 7 0 8 8 5 1 8 5 1 1 4.0
71 19 56 40 45 27 40 76 1 10 7 1 0 5.0
72 56 55 40 24 49 40 1575 3 23 15 15 0 17 8 13 0 8 5 1 1 6.0
73 24 52 40 24 51 40 11802 2 22 17 7 0 16 13 18 0 5.0
74 17 44 40 19 50 40 725 1 13 8 8 0 6.0
75 45 74 40 41 31 40 4449 1 10 10 10 0 4.0
