7     75    45000 60    25    30   
0     40    50    0     40    50    1236  0     
1 24 45 40 13 33 40 10142 3 16 12 10 0 12 9 6 0 22 12 6 0 4.0
2 40 79 40 69 26 40 2176 2 12 7 3 0 12 9 9 0 5.0
3 45 25 40 10 68 40 1488 3 11 11 22 0 10 8 7 0 14 7 2 1 6.0
4 14 42 40 12 81 40 15373 1 21 15 14 0 4.0
5 14 48 40 72 33 40 1431 2 12 12 12 0 42 8 5 0 6.0
6 42 34 40 22 76 40 4560 2 12 12 9 0 21 16 17 0 6.0
7 49 67 40 20 34 40 10087 3 26 9 16 0 16 14 14 0 11 9 7 1 5.0
8 35 32 40 23 72 40 96 1 14 7 1 0 5.0
9 32 80 40 23 23 40 5650 1 22 16 9 1 5.0
10 44 74 40 17 67 40 15945 1 16 12 16 0 4.0
11 16 46 40 11 33 40 28310 2 23 17 30 0 12 11 2 0 4.0
12 49 26 40 68 69 40 1904 1 21 13 21 0 6.0
13 42 35 40 64 80 40 24882 2 25 23 6 0 16 12 3 1 4.0
14 34 29 40 63 26 40 8537 3 24 21 6 0 11 7 2 0 27 17 10 0 5.0
15 40 73 40 11 83 40 9516 3 25 19 25 0 19 12 6 0 12 12 12 0 6.0
16 69 59 40 60 28 40 12828 2 11 7 11 0 16 16 6 0 4.0
17 36 71 40 67 71 40 550 2 14 10 9 0 12 9 11 0 6.0
18 16 51 40 65 68 40 5445 2 24 21 4 1 12 9 6 1 5.0
19 35 66 40 14 26 40 45000 3 26 22 7 0 12 10 7 0 60 9 9 1 4.0
20 44 81 40 69 67 40 2328 1 19 11 8 0 5.0
21 60 48 40 21 30 40 628 1 10 10 10 1 6.0
22 57 58 40 24 35 40 40880 3 40 22 22 0 16 10 22 0 10 7 1 0 5.0
23 21 57 40 21 21 40 3724 2 11 8 7 0 17 15 4 0 4.0
24 43 19 40 15 29 40 5677 3 40 25 4 0 17 12 4 0 19 12 12 1 6.0
25 43 34 40 19 18 40 126 1 10 7 1 0 5.0
26 43 18 40 64 35 40 16880 2 26 25 26 0 28 22 6 1 6.0
27 42 68 40 69 24 40 4989 2 12 11 12 0 60 14 6 0 6.0
28 60 42 40 12 21 40 15476 3 19 12 6 0 26 9 16 0 13 9 9 1 4.0
29 38 29 40 12 72 40 3595 2 17 14 11 0 56 9 5 1 6.0
30 32 25 40 10 26 40 39 1 12 9 1 1 6.0
31 37 21 40 73 79 40 45000 3 17 15 12 0 25 17 1 0 37 9 9 0 4.0
32 60 43 40 16 23 40 3922 2 25 25 25 0 21 9 2 1 6.0
33 45 27 40 57 79 40 1134 1 11 11 17 0 6.0
34 38 73 40 68 78 40 7742 2 15 14 4 0 12 10 7 0 4.0
35 68 58 40 73 73 40 8839 2 10 10 10 0 40 22 22 0 6.0
36 49 29 40 70 83 40 4779 2 14 14 15 0 35 20 7 1 6.0
37 71 53 40 56 30 40 2803 2 11 8 11 0 10 7 4 0 4.0
38 12 42 40 24 83 40 119 1 10 7 2 0 6.0
39 63 46 40 62 33 40 3452 2 20 20 7 0 12 10 1 1 5.0
40 8 54 40 69 33 40 35651 2 17 16 13 1 55 25 9 1 4.0
41 56 54 40 24 75 40 2209 1 22 12 7 0 5.0
42 69 53 40 61 76 40 3296 3 16 16 1 0 24 24 6 0 10 7 2 1 6.0
43 64 47 40 67 72 40 14880 3 11 8 5 0 16 12 3 0 22 11 3 1 4.0
44 10 55 40 15 68 40 8006 2 14 12 12 0 19 19 3 1 4.0
45 56 45 40 18 81 40 2728 3 10 7 2 0 10 9 10 0 17 11 8 0 5.0
46 10 49 40 25 25 40 11419 3 19 12 6 0 17 17 6 0 21 21 5 1 4.0
47 69 58 40 58 26 40 3553 2 10 7 10 0 21 14 7 0 5.0
48 21 44 40 13 21 40 2639 1 21 20 4 0 5.0
49 45 26 40 16 83 40 10099 2 10 7 5 0 14 11 10 1 4.0
50 40 66 40 64 67 40 922 1 12 11 6 1 5.0
51 9 44 40 13 73 40 6161 2 23 16 17 0 10 7 7 1 5.0
52 16 55 40 66 80 40 8871 3 29 22 7 0 45 25 2 0 40 11 8 0 5.0
53 58 55 40 64 19 40 5426 2 15 10 14 0 10 8 7 0 5.0
54 65 44 40 59 72 40 2440 2 19 13 7 0 15 12 14 0 6.0
55 12 43 40 61 74 40 45000 3 11 7 6 0 25 25 24 0 17 11 6 1 4.0
56 21 50 40 67 32 40 4599 1 12 7 17 0 4.0
57 47 27 40 56 19 40 3045 2 10 7 7 0 60 19 9 0 6.0
58 48 78 40 67 28 40 28014 1 25 25 30 1 5.0
59 64 58 40 65 28 40 14001 3 19 19 9 0 10 7 1 1 25 12 19 1 5.0
60 40 78 40 73 28 40 12225 3 20 12 11 0 21 16 8 0 12 12 19 1 5.0
61 32 81 40 10 81 40 26545 3 22 19 12 0 10 10 3 0 12 8 5 0 4.0
62 58 50 40 8 18 40 2089 1 13 11 11 0 5.0
63 45 20 40 11 30 40 20871 1 31 25 19 1 5.0
64 12 48 40 57 68 40 10741 2 16 13 10 0 14 10 4 1 4.0
65 39 66 40 25 32 40 490 1 11 9 8 0 6.0
66 72 59 40 14 72 40 408 1 16 11 1 0 4.0
67 17 52 40 67 25 40 3944 2 19 13 9 0 23 19 2 1 5.0
68 36 77 40 22 66 40 706 2 10 7 10 0 25 25 2 0 6.0
69 20 49 40 17 20 40 363 1 12 10 2 1 5.0
70 60 50 40 73 77 40 15583 2 16 10 18 0 12 11 9 1 4.0
71 38 66 40 17 74 40 4944 2 22 21 20 0 22 19 19 0 6.0
72 38 26 40 63 72 40 7366 3 21 16 17 0 37 7 10 0 33 11 30 1 6.0
73 40 68 40 57 27 40 11968 2 12 11 17 0 13 8 7 0 4.0
74 32 73 40 20 78 40 2594 3 22 16 4 0 37 14 8 0 10 7 1 1 6.0
75 11 43 40 13 74 40 13201 2 25 13 13 0 12 12 12 0 4.0
