7     75    45000 60    25    30   
0     40    50    0     40    50    1236  0     
1 72 56 40 18 19 40 24881 3 24 18 5 0 11 6 8 1 28 23 10 1 4.0
2 39 28 40 63 69 40 21274 5 20 8 28 0 10 9 4 0 22 18 14 0 8 6 6 0 8 6 4 0 5.0
3 48 71 40 56 69 40 1074 2 21 18 4 0 9 7 5 1 6.0
4 34 30 40 9 75 40 11545 4 26 21 12 0 8 7 11 0 11 8 7 1 30 17 4 1 5.0
5 37 21 40 24 71 40 1847 2 36 15 10 0 23 18 8 0 6.0
6 65 55 40 66 25 40 11183 5 23 20 5 0 20 6 3 0 33 6 6 0 18 13 5 1 11 8 4 1 5.0
7 41 83 40 9 66 40 32915 5 41 25 2 0 10 7 3 0 13 9 6 0 18 10 16 1 9 6 5 1 4.0
8 42 20 40 70 21 40 8322 3 53 20 5 0 8 7 5 0 16 14 14 1 5.0
9 37 27 40 24 30 40 2358 2 15 15 5 0 13 13 5 1 5.0
10 35 34 40 62 68 40 15059 1 34 23 10 0 5.0
11 35 71 40 67 26 40 6106 4 8 6 2 0 10 10 9 0 14 14 14 0 14 13 5 1 5.0
12 64 55 40 69 25 40 2933 1 16 6 7 1 4.0
13 46 27 40 61 26 40 45000 4 8 6 7 0 10 8 7 0 10 10 5 0 32 19 30 0 4.0
14 12 48 40 66 33 40 45000 5 13 8 4 0 11 9 4 0 8 8 8 0 34 24 6 0 9 9 9 0 4.0
15 44 34 40 62 31 40 2819 4 26 14 22 0 10 8 6 0 9 8 5 0 8 6 4 0 6.0
16 62 56 40 72 71 40 801 1 15 11 9 0 6.0
17 40 76 40 22 73 40 7822 3 9 8 5 0 13 10 13 0 10 10 10 1 4.0
18 40 78 40 19 26 40 4894 5 22 13 15 0 10 6 7 0 26 15 13 0 17 14 18 0 10 8 8 0 6.0
19 72 53 40 12 80 40 24913 1 23 23 14 1 4.0
20 40 81 40 8 26 40 5852 4 28 13 13 0 14 8 3 0 24 12 4 0 10 8 5 0 6.0
21 14 47 40 25 67 40 980 4 20 6 6 0 16 8 16 0 35 6 6 0 8 6 4 1 6.0
22 40 28 40 57 72 40 842 1 8 6 3 0 4.0
23 15 57 40 8 21 40 3602 4 41 15 4 0 22 19 24 0 8 6 6 1 8 6 1 1 6.0
24 32 27 40 12 22 40 95 1 8 6 8 0 6.0
25 73 57 40 56 23 40 45000 4 22 15 3 0 9 7 4 0 8 8 8 0 32 11 5 0 4.0
26 32 81 40 25 29 40 3392 5 18 15 10 0 15 9 6 0 12 8 4 0 15 8 4 0 8 8 8 1 6.0
27 32 76 40 11 67 40 954 1 15 8 6 0 5.0
28 16 43 40 21 22 40 1258 1 17 11 6 1 5.0
29 19 42 40 72 35 40 8573 4 19 11 13 0 10 8 5 0 10 8 1 0 20 15 8 0 5.0
30 40 74 40 66 78 40 13177 3 17 10 6 0 27 17 17 0 18 18 4 0 5.0
31 37 75 40 68 68 40 24858 4 8 6 4 0 8 8 8 0 8 8 10 0 25 17 15 1 4.0
32 13 52 40 21 72 40 3882 5 10 8 7 0 9 7 5 0 11 11 13 0 20 15 13 1 17 17 23 1 6.0
33 60 54 40 66 73 40 25048 4 10 8 5 0 10 8 1 0 26 18 26 1 10 8 3 1 5.0
34 59 52 40 59 23 40 532 1 9 9 3 1 4.0
35 18 46 40 60 80 40 12102 5 23 13 7 0 10 7 6 0 33 25 12 0 11 9 7 0 8 6 3 1 6.0
36 61 57 40 10 32 40 2378 2 32 8 3 0 26 18 9 1 6.0
37 61 44 40 16 19 40 45000 5 15 11 3 0 51 23 10 0 10 8 6 0 9 8 7 0 11 9 13 0 4.0
38 19 59 40 11 70 40 125 1 12 9 2 0 6.0
39 36 80 40 71 72 40 1858 2 9 7 7 0 8 6 5 1 4.0
40 61 53 40 62 72 40 2415 4 9 8 5 0 15 8 30 1 8 6 3 1 10 6 4 1 6.0
41 63 57 40 73 19 40 9009 5 15 15 5 0 13 8 8 0 13 8 13 0 10 10 3 1 10 7 4 1 4.0
42 46 28 40 65 83 40 7566 2 33 18 3 0 27 25 10 0 6.0
43 43 79 40 19 78 40 2225 1 12 12 10 1 5.0
44 49 25 40 16 71 40 6457 3 16 16 9 0 11 7 4 1 27 6 4 1 5.0
45 12 44 40 12 29 40 10289 4 21 16 13 0 15 10 2 0 29 25 20 0 14 8 6 0 6.0
46 19 49 40 72 70 40 45000 4 10 10 5 0 17 14 13 0 35 6 6 0 25 20 10 1 4.0
47 43 74 40 66 19 40 27470 5 33 13 22 0 8 8 5 0 53 25 10 0 11 10 5 0 15 8 4 1 5.0
48 38 34 40 8 28 40 11759 4 23 20 10 0 11 7 5 0 25 15 20 0 26 6 7 0 6.0
49 42 69 40 12 26 40 18944 3 18 10 15 0 15 13 25 1 10 9 7 1 4.0
50 35 30 40 56 79 40 616 3 14 12 4 0 9 8 11 0 23 18 6 0 6.0
51 57 46 40 58 82 40 9369 4 20 10 25 0 9 7 2 0 7 7 8 1 11 8 13 1 5.0
52 47 77 40 12 19 40 14569 5 8 6 6 0 8 8 10 1 11 11 11 1 12 10 7 1 20 15 10 1 4.0
53 73 43 40 68 67 40 9591 2 17 8 8 0 15 10 15 1 4.0
54 45 67 40 16 69 40 3343 3 8 6 3 0 16 9 6 0 17 8 17 0 5.0
55 14 56 40 69 23 40 6490 1 18 10 19 0 5.0
56 17 59 40 69 73 40 246 1 8 8 3 0 5.0
57 48 32 40 64 27 40 5721 2 15 10 10 0 8 8 5 1 4.0
58 35 26 40 15 77 40 38855 4 8 8 18 0 23 23 10 0 15 10 8 0 8 6 3 1 4.0
59 66 50 40 62 19 40 866 2 10 8 3 0 10 8 8 0 5.0
60 16 50 40 71 81 40 4186 2 18 13 5 0 40 6 27 0 6.0
61 10 51 40 23 69 40 464 2 10 6 2 0 12 8 1 0 5.0
62 16 51 40 22 30 40 19335 4 14 13 11 0 15 15 15 0 10 10 8 0 8 6 2 0 4.0
63 14 55 40 15 69 40 10301 3 8 8 6 0 27 19 15 0 15 10 3 0 5.0
64 35 31 40 19 33 40 45000 4 8 6 3 0 20 8 2 0 18 18 13 0 20 16 5 1 4.0
65 58 49 40 67 21 40 5593 5 16 16 18 0 9 9 3 0 11 11 11 0 10 6 3 0 21 13 10 1 6.0
66 23 57 40 21 26 40 426 1 10 10 10 0 6.0
67 68 46 40 13 79 40 4372 2 9 9 9 0 35 24 2 0 5.0
68 45 73 40 24 26 40 5328 4 18 15 10 0 32 25 7 0 8 6 4 0 9 8 5 0 6.0
69 40 72 40 22 77 40 779 3 11 11 9 0 10 6 2 0 10 8 5 1 6.0
70 68 45 40 65 22 40 5883 4 10 8 1 0 13 12 5 0 23 6 6 1 8 6 1 1 4.0
71 24 56 40 25 76 40 1908 1 25 20 10 0 6.0
72 38 33 40 22 25 40 2810 3 12 8 4 0 14 7 3 0 36 11 2 1 5.0
73 71 42 40 71 76 40 19093 2 10 6 5 0 22 17 12 0 4.0
74 39 71 40 56 34 40 20723 1 24 20 25 0 5.0
75 13 50 40 10 73 40 817 1 15 10 2 0 4.0
