7     75    45000 60    25    30   
0     40    50    0     40    50    1236  0     
1 57 19 40 39 26 40 8832 1 27 20 6 0 4.0
2 58 36 40 48 60 40 18174 2 12 7 9 1 31 25 11 1 5.0
3 25 80 40 12 31 40 3245 1 23 8 30 0 6.0
4 13 69 40 61 47 40 9776 3 11 10 4 0 25 20 15 0 9 7 6 1 5.0
5 26 63 40 51 57 40 46 1 9 6 4 0 6.0
6 13 43 40 55 29 40 5519 2 23 20 5 0 10 7 5 0 5.0
7 70 70 40 14 79 40 45000 3 29 24 13 0 8 7 12 0 12 8 8 1 4.0
8 52 58 40 37 49 40 14045 3 34 19 5 0 40 17 11 0 25 20 8 0 5.0
9 30 64 40 70 15 40 4624 2 25 23 6 1 23 6 3 1 5.0
10 59 34 40 10 30 40 5800 2 37 6 6 0 20 14 6 0 5.0
11 32 73 40 15 45 40 3663 2 12 9 5 0 45 25 2 1 5.0
12 39 52 40 63 84 40 1008 1 11 7 3 1 4.0
13 55 52 40 49 77 40 22273 3 14 10 6 0 20 11 18 0 10 6 6 1 4.0
14 26 36 40 61 84 40 45000 2 59 23 6 0 9 7 5 1 4.0
15 69 65 40 54 26 40 2398 3 18 16 16 0 17 17 6 0 15 15 6 1 6.0
16 43 69 40 16 19 40 5548 2 37 25 11 0 9 6 2 1 6.0
17 46 77 40 23 30 40 3103 1 11 11 10 0 4.0
18 58 79 40 43 76 40 1748 3 15 15 15 0 16 14 5 0 18 6 7 1 6.0
19 34 54 40 32 43 40 4360 2 9 7 8 0 11 9 8 0 4.0
20 32 29 40 57 18 40 642 1 11 11 6 0 6.0
21 16 52 40 50 38 40 5773 3 36 22 30 0 14 9 4 0 12 10 5 0 6.0
22 17 17 40 19 30 40 4265 1 9 9 9 1 4.0
23 45 41 40 51 51 40 4893 3 37 25 6 0 10 10 10 0 29 15 25 0 6.0
24 25 35 40 68 85 40 267 2 11 9 6 0 10 8 6 0 6.0
25 16 23 40 57 15 40 3376 1 9 6 4 1 4.0
26 56 36 40 43 32 40 1728 2 17 12 10 0 10 9 5 0 6.0
27 28 16 40 61 62 40 2858 1 14 11 14 1 5.0
28 47 19 40 14 52 40 1493 1 11 11 11 0 5.0
29 11 72 40 57 52 40 19966 3 25 15 16 0 11 7 7 0 29 16 14 0 5.0
30 47 46 40 15 39 40 7917 1 19 16 20 0 5.0
31 13 84 40 10 68 40 45000 3 11 8 8 0 25 25 16 0 32 15 15 1 4.0
32 31 63 40 12 44 40 726 3 16 9 3 0 27 13 4 0 11 9 6 0 6.0
33 41 75 40 38 83 40 7858 2 23 7 7 0 18 9 18 0 5.0
34 63 56 40 49 50 40 3623 2 39 6 6 0 9 7 4 1 4.0
35 25 52 40 54 76 40 17205 3 9 6 3 0 45 17 5 0 25 22 27 0 6.0
36 67 85 40 47 33 40 206 2 9 7 6 0 9 6 1 0 6.0
37 51 82 40 33 51 40 3887 1 9 7 9 0 4.0
38 67 62 40 15 22 40 941 2 24 17 3 0 10 8 5 0 6.0
39 63 71 40 44 76 40 8644 2 9 8 9 0 35 12 6 0 4.0
40 62 52 40 59 25 40 2741 2 20 17 11 0 17 10 7 1 6.0
41 61 65 40 42 17 40 4107 3 13 9 4 0 16 9 4 0 9 9 9 0 4.0
42 62 71 40 12 70 40 814 1 17 9 6 1 6.0
43 21 34 40 40 63 40 2466 1 19 12 7 1 5.0
44 42 64 40 46 36 40 8729 3 21 12 15 0 11 8 6 0 11 9 1 1 5.0
45 59 67 40 20 51 40 2219 2 22 16 8 0 19 11 7 1 6.0
46 45 63 40 34 65 40 45000 2 30 19 19 0 20 20 5 0 4.0
47 16 28 40 55 54 40 905 2 9 6 4 0 9 8 8 1 5.0
48 49 35 40 53 60 40 9138 3 9 9 11 0 28 19 17 0 11 8 7 1 6.0
49 69 81 40 19 79 40 18263 3 10 7 6 0 12 12 14 1 23 17 14 1 4.0
50 55 17 40 60 81 40 1507 3 19 19 25 0 11 8 6 0 11 9 1 0 6.0
51 46 29 40 21 16 40 24495 3 29 20 29 0 11 9 3 0 10 10 3 0 5.0
52 14 26 40 53 49 40 35864 3 25 14 7 0 11 7 7 0 37 25 13 1 4.0
53 51 38 40 27 73 40 2413 1 12 10 7 0 4.0
54 41 17 40 17 27 40 1033 2 9 6 3 0 36 8 3 0 5.0
55 53 24 40 32 15 40 11007 1 29 20 10 0 5.0
56 11 41 40 14 21 40 20832 2 16 12 3 0 57 25 11 1 5.0
57 37 26 40 24 56 40 3697 2 11 8 7 0 10 8 7 0 4.0
58 51 70 40 50 54 40 10380 2 12 10 15 0 14 10 2 0 4.0
59 48 83 40 70 43 40 801 2 10 7 7 0 9 6 6 0 5.0
60 68 36 40 51 34 40 2807 2 10 9 6 0 17 9 30 0 6.0
61 45 54 40 47 22 40 1058 2 9 6 3 0 11 6 5 0 5.0
62 62 72 40 41 81 40 8106 2 17 17 6 0 14 8 8 0 4.0
63 31 71 40 67 81 40 1894 1 14 8 14 1 5.0
64 47 45 40 22 81 40 37718 3 11 11 3 0 11 7 5 1 37 20 3 1 4.0
65 38 37 40 32 30 40 8564 3 31 25 11 0 14 14 11 0 18 18 10 0 6.0
66 19 53 40 56 24 40 164 1 12 8 4 0 6.0
67 35 28 40 12 52 40 12958 2 31 6 5 0 23 18 15 0 5.0
68 59 80 40 69 67 40 12133 3 17 11 2 0 33 25 23 0 15 9 6 1 6.0
69 35 49 40 40 70 40 2411 2 11 11 6 0 19 16 14 0 6.0
70 48 79 40 39 65 40 4758 1 39 6 6 0 4.0
71 26 46 40 13 73 40 2703 1 28 23 11 1 6.0
72 36 82 40 53 50 40 25680 2 37 14 25 0 9 9 6 1 5.0
73 18 77 40 16 30 40 45000 1 59 25 11 1 4.0
74 36 69 40 67 61 40 1140 1 12 11 5 0 5.0
75 48 22 40 43 35 40 18702 2 16 9 4 0 26 22 11 1 4.0
