7     75    45000 60    25    30   
0     40    50    0     40    50    1236  0     
1 35 72 40 45 77 40 3395 4 13 11 5 0 9 5 1 0 9 8 9 1 8 8 5 1 4.0
2 36 74 40 20 49 40 30307 5 15 15 15 0 9 8 14 0 8 5 1 0 13 13 8 1 32 24 23 1 5.0
3 60 54 40 23 56 40 943 1 15 15 5 0 6.0
4 64 51 40 14 52 40 45000 3 27 17 7 0 22 17 5 0 22 18 5 1 4.0
5 47 80 40 45 76 40 525 2 17 17 5 0 11 6 4 0 6.0
6 61 49 40 56 51 40 8579 4 8 8 5 0 10 9 25 0 10 8 2 0 20 14 26 0 6.0
7 41 73 40 59 53 40 1960 3 49 23 2 0 9 9 1 0 8 5 3 0 6.0
8 20 57 40 46 75 40 1112 3 10 10 10 0 22 15 2 0 10 10 8 0 6.0
9 58 52 40 57 50 40 312 1 10 6 2 0 4.0
10 56 55 40 41 75 40 45000 5 9 5 2 0 15 15 20 0 22 22 14 0 31 23 13 0 8 8 2 0 4.0
11 45 81 40 44 25 40 1491 2 11 7 8 0 8 7 8 0 5.0
12 22 50 40 37 77 40 12730 5 10 10 10 0 30 20 4 0 25 25 3 1 20 16 3 1 10 10 10 1 4.0
13 47 22 40 40 21 40 22599 4 18 18 20 0 8 6 4 0 18 4 5 0 27 6 8 1 4.0
14 42 32 40 39 70 40 3214 5 9 6 10 0 9 6 1 0 11 11 11 0 8 7 6 0 12 8 12 1 6.0
15 26 44 40 40 31 40 118 1 7 6 4 1 6.0
16 38 21 40 58 57 40 3730 4 10 8 6 0 8 8 2 0 20 15 5 0 12 8 6 0 5.0
17 47 24 40 63 48 40 1271 2 9 7 9 0 12 11 13 0 6.0
18 25 48 40 43 27 40 9189 4 11 9 8 0 12 11 12 0 10 10 10 0 26 22 11 1 6.0
19 40 26 40 36 27 40 45000 5 9 8 6 0 8 5 5 0 15 15 10 0 17 13 10 0 52 21 7 0 4.0
20 21 45 40 35 74 40 6965 3 8 6 7 0 20 12 11 1 12 12 20 1 5.0
21 39 24 40 34 32 40 252 1 8 5 5 0 5.0
22 20 51 40 46 70 40 1248 4 26 21 2 0 27 10 3 0 6 5 5 0 11 8 6 1 6.0
23 36 30 40 44 19 40 1318 2 26 8 26 0 24 8 3 1 6.0
24 46 30 40 45 75 40 1322 5 10 8 3 0 8 6 6 0 10 7 5 0 10 7 7 1 8 7 7 1 6.0
25 16 56 40 23 55 40 8205 3 10 8 5 0 8 5 1 0 25 20 4 1 4.0
26 25 56 40 37 28 40 4897 3 12 12 5 0 17 17 5 0 25 5 5 1 5.0
27 60 55 40 60 46 40 9240 1 18 18 23 0 5.0
28 42 20 40 42 25 40 19271 4 18 10 8 0 9 8 2 0 10 10 12 0 9 8 7 1 4.0
29 39 73 40 42 69 40 3175 5 8 6 10 0 8 8 7 0 12 12 11 1 14 8 2 1 15 15 5 1 6.0
30 46 78 40 60 49 40 2482 1 15 10 15 0 5.0
31 26 49 40 65 46 40 2799 4 11 7 1 0 8 8 8 0 9 8 4 0 8 5 7 0 4.0
32 40 80 40 64 54 40 19777 4 50 5 10 0 8 8 8 0 37 25 10 0 14 9 1 0 5.0
33 37 75 40 64 53 40 2696 1 18 14 10 0 5.0
34 67 49 40 23 47 40 11217 2 30 20 10 0 19 19 6 0 5.0
35 25 49 40 37 76 40 8769 3 21 17 8 0 15 15 15 0 23 11 9 0 5.0
36 60 50 40 45 20 40 2659 5 15 10 9 0 37 9 6 0 15 15 2 1 10 9 2 1 8 8 8 1 6.0
37 22 53 40 35 21 40 17710 4 35 17 8 0 14 12 8 0 20 20 16 1 8 7 15 1 5.0
38 20 55 40 63 56 40 595 1 11 8 4 1 5.0
39 41 21 40 36 75 40 4777 5 9 7 4 0 21 7 12 0 16 12 6 0 13 10 8 0 9 8 8 1 6.0
40 47 19 40 14 54 40 45000 5 25 20 10 0 15 15 15 0 12 12 12 0 17 17 5 0 23 23 30 1 4.0
41 34 70 40 39 74 40 5264 4 8 8 8 0 22 10 20 0 16 11 18 0 26 25 3 1 6.0
42 39 32 40 24 50 40 24240 4 8 6 2 0 52 25 6 0 16 9 22 1 10 7 12 1 4.0
43 44 26 40 60 47 40 4017 3 8 5 4 0 9 5 2 0 11 9 7 0 4.0
44 58 48 40 45 72 40 3506 4 11 11 7 0 13 10 8 0 20 20 10 0 8 5 5 1 6.0
45 39 28 40 24 47 40 1083 2 16 16 18 0 9 5 2 0 6.0
46 21 57 40 15 44 40 1482 1 15 6 5 1 4.0
47 66 49 40 35 75 40 1829 1 17 13 10 0 6.0
48 47 71 40 38 72 40 16020 4 13 6 3 0 9 5 12 0 15 15 15 0 36 25 11 1 5.0
49 55 55 40 15 52 40 2371 1 10 8 10 1 4.0
50 35 25 40 38 74 40 3380 5 9 5 3 0 8 8 2 0 12 12 16 1 9 6 2 1 10 10 10 1 6.0
51 40 19 40 57 56 40 1033 1 13 10 9 0 6.0
52 34 19 40 54 51 40 11147 1 19 14 15 0 4.0
53 41 26 40 45 30 40 1510 3 20 12 5 0 10 8 1 0 10 8 5 1 6.0
54 20 56 40 65 44 40 3969 2 10 9 12 0 9 8 4 1 4.0
55 67 56 40 57 57 40 11331 4 12 5 4 0 10 10 11 0 11 7 6 0 12 10 7 0 4.0
56 14 49 40 59 49 40 10930 2 9 5 4 0 25 12 27 0 5.0
57 21 50 40 17 55 40 1448 1 21 10 5 0 5.0
58 62 45 40 54 57 40 33009 3 28 24 19 0 9 6 9 0 10 7 5 1 4.0
59 67 50 40 36 81 40 3487 4 30 21 8 0 8 8 8 1 41 25 3 1 8 5 1 1 6.0
60 18 47 40 43 74 40 20434 5 22 18 13 0 13 8 6 0 46 8 30 0 16 8 5 1 16 10 10 1 5.0
61 64 45 40 42 81 40 45000 2 23 17 5 0 12 9 2 1 4.0
62 47 79 40 20 44 40 3786 1 23 12 12 1 5.0
63 46 79 40 60 53 40 10054 5 26 18 10 0 8 8 8 0 40 8 8 0 8 6 2 1 8 8 3 1 5.0
64 44 72 40 18 50 40 45000 5 15 8 6 0 26 15 21 0 8 8 5 0 20 15 2 0 15 15 5 1 4.0
65 15 51 40 40 22 40 1765 2 19 6 5 0 8 5 13 0 5.0
66 61 51 40 46 19 40 18321 2 15 8 6 0 23 13 30 1 4.0
67 59 46 40 18 48 40 42142 3 13 12 9 0 20 14 18 0 8 5 4 0 4.0
68 62 57 40 36 70 40 6771 4 35 10 10 0 12 7 3 0 11 7 7 0 20 15 2 0 5.0
69 27 54 40 35 79 40 4268 1 49 25 2 0 5.0
70 39 79 40 46 27 40 10919 1 35 17 10 0 4.0
71 46 31 40 19 55 40 2789 2 16 11 11 0 15 7 22 0 6.0
72 14 46 40 60 51 40 10373 4 10 10 3 0 16 10 6 0 9 9 9 0 17 16 14 0 4.0
73 21 56 40 40 28 40 5684 4 11 10 6 0 30 7 7 0 13 9 8 0 10 7 3 0 5.0
74 39 29 40 45 21 40 15297 4 17 17 25 0 22 17 12 0 20 19 6 0 15 8 2 0 5.0
75 39 77 40 14 47 40 1254 1 33 11 10 0 6.0
