7     75    45000 60    25    30   
0     40    50    0     40    50    1236  0     
1 24 48 40 26 45 40 8723 1 11 11 11 0 4.0
2 47 69 40 38 30 40 8854 2 26 20 9 1 50 7 30 1 6.0
3 19 47 40 42 26 40 711 1 18 10 10 0 6.0
4 42 79 40 35 70 40 2071 3 14 8 4 0 13 7 2 0 9 6 6 1 4.0
5 67 49 40 25 52 40 929 1 12 11 9 0 6.0
6 43 27 40 40 26 40 7219 2 19 12 7 0 9 6 6 0 4.0
7 56 57 40 25 51 40 24181 3 21 15 16 0 10 6 3 0 9 8 3 1 4.0
8 60 49 40 65 46 40 2852 3 11 11 11 0 20 20 20 0 20 8 3 0 6.0
9 35 20 40 43 22 40 6632 2 12 12 16 1 12 12 7 1 5.0
10 37 75 40 60 56 40 1609 2 9 6 1 0 11 9 7 0 4.0
11 17 47 40 34 28 40 6332 2 17 17 17 0 10 8 6 1 5.0
12 61 44 40 63 50 40 2418 1 12 12 14 1 5.0
13 40 30 40 55 50 40 22638 3 14 11 11 0 59 25 2 0 17 17 17 1 4.0
14 63 51 40 43 31 40 3113 2 52 14 7 0 13 9 1 1 6.0
15 17 49 40 41 70 40 4291 3 16 14 11 0 9 9 3 0 10 6 5 1 5.0
16 34 73 40 40 22 40 9350 2 39 6 6 0 38 20 5 1 5.0
17 58 56 40 20 47 40 72 1 12 6 3 0 6.0
18 40 32 40 40 81 40 12886 3 11 10 3 0 15 8 6 0 35 25 23 1 6.0
19 35 79 40 59 47 40 2422 2 11 6 10 0 14 5 15 0 5.0
20 39 80 40 45 30 40 1157 1 28 6 6 0 5.0
21 45 82 40 64 46 40 10196 3 9 9 3 0 12 9 4 0 14 14 11 0 4.0
22 67 55 40 66 57 40 45000 1 25 25 25 1 4.0
23 47 77 40 37 82 40 4259 3 10 7 4 0 31 23 6 0 9 9 9 0 6.0
24 63 54 40 19 52 40 5025 2 14 8 8 0 31 25 11 0 6.0
25 62 46 40 14 57 40 35299 1 21 16 30 1 4.0
26 36 29 40 43 26 40 1907 2 11 10 11 0 12 8 5 0 5.0
27 60 45 40 41 75 40 18658 1 34 16 24 1 5.0
28 23 50 40 46 81 40 48 1 9 6 1 0 6.0
29 65 44 40 35 25 40 39815 3 21 8 12 0 32 19 11 0 34 23 23 0 5.0
30 19 46 40 27 51 40 26845 1 32 25 10 0 4.0
31 42 80 40 36 79 40 45000 3 34 25 5 0 28 20 19 0 34 11 12 1 4.0
32 39 82 40 46 27 40 7480 3 19 14 13 0 9 6 6 0 12 9 12 0 5.0
33 34 74 40 62 51 40 3604 2 27 11 3 0 20 17 17 0 6.0
34 56 51 40 34 30 40 18395 2 34 16 11 0 11 9 3 1 4.0
35 41 76 40 58 54 40 26994 3 9 7 2 0 37 25 20 0 14 11 10 0 5.0
36 46 25 40 34 26 40 3052 2 9 6 3 0 11 11 11 0 5.0
37 59 44 40 43 69 40 5484 1 11 10 7 0 4.0
38 64 53 40 27 57 40 6744 2 52 23 6 0 11 9 17 0 6.0
39 38 76 40 26 54 40 32924 2 21 21 6 0 33 24 12 0 4.0
40 38 70 40 38 24 40 12156 2 13 8 8 0 25 8 6 1 4.0
41 18 49 40 44 19 40 2749 3 19 13 1 0 10 10 15 0 21 11 17 0 6.0
42 39 81 40 55 47 40 533 1 10 10 10 1 6.0
43 21 54 40 40 28 40 1190 1 11 11 6 1 5.0
44 34 69 40 47 74 40 5103 3 11 8 8 0 34 8 8 0 11 11 11 1 5.0
45 65 45 40 47 70 40 1210 2 10 7 9 0 19 14 2 1 6.0
46 61 53 40 58 44 40 27987 2 16 13 7 0 20 11 30 0 4.0
47 41 26 40 18 51 40 14758 2 29 7 7 0 9 9 6 1 4.0
48 40 27 40 65 57 40 4530 3 29 25 3 0 28 11 11 0 11 6 3 1 6.0
49 17 48 40 41 69 40 8296 3 20 20 7 0 20 7 2 1 38 7 5 1 5.0
50 37 29 40 46 26 40 3879 3 23 17 3 0 14 14 9 0 9 9 6 0 5.0
51 16 55 40 36 27 40 3068 3 19 12 12 0 12 10 5 0 11 6 3 0 6.0
52 35 21 40 42 72 40 9700 3 17 12 7 0 10 9 7 0 14 10 2 1 4.0
53 38 81 40 24 54 40 7467 1 17 12 28 0 5.0
54 46 69 40 39 75 40 309 2 9 6 3 0 12 11 8 0 6.0
55 23 45 40 57 47 40 4884 1 19 19 3 0 4.0
56 19 57 40 46 77 40 5246 2 10 8 7 0 20 11 14 1 5.0
57 40 21 40 16 44 40 399 2 11 11 6 0 9 6 4 0 6.0
58 60 51 40 45 70 40 45000 2 24 19 16 0 10 10 15 0 4.0
59 56 53 40 39 26 40 6286 2 10 8 7 0 11 11 15 0 4.0
60 37 19 40 39 27 40 4292 2 19 14 12 0 23 23 18 0 6.0
61 39 72 40 21 51 40 25346 2 11 9 6 0 24 8 14 0 4.0
62 14 46 40 54 51 40 4217 2 11 11 1 0 28 7 7 0 4.0
63 34 21 40 54 44 40 4524 1 23 17 11 1 5.0
64 20 50 40 17 52 40 10002 3 31 9 28 0 19 14 7 1 10 7 2 1 6.0
65 27 56 40 21 50 40 45000 3 10 6 3 0 19 13 28 0 33 25 30 0 5.0
66 44 69 40 40 74 40 226 1 10 7 4 0 6.0
67 43 71 40 56 50 40 2065 2 15 10 7 0 10 7 5 0 5.0
68 26 47 40 54 47 40 6518 3 10 10 10 0 9 7 10 0 11 9 8 1 4.0
69 59 57 40 54 49 40 6500 2 32 25 21 0 9 6 6 0 6.0
70 39 21 40 43 20 40 2872 1 24 19 6 0 5.0
71 19 56 40 45 27 40 682 1 15 8 5 1 5.0
72 56 55 40 24 49 40 11543 2 11 6 2 0 11 11 20 1 4.0
73 24 52 40 24 51 40 9436 1 17 17 20 1 5.0
74 17 44 40 19 50 40 28 1 11 6 2 0 6.0
75 45 74 40 41 31 40 1950 2 10 7 7 0 25 15 5 1 6.0
