7     75    45000 60    25    30   
0     40    50    0     40    50    1236  0     
1 15 50 40 66 70 40 2535 2 15 13 6 0 10 6 2 1 4.0
2 12 52 40 69 82 40 1921 2 10 10 10 0 9 9 6 1 5.0
3 71 50 40 11 25 40 4119 1 17 17 17 0 6.0
4 9 59 40 16 69 40 45000 3 11 10 16 0 9 6 2 0 16 16 10 0 4.0
5 23 55 40 9 76 40 7877 1 38 25 27 0 6.0
6 36 27 40 57 80 40 6423 2 17 17 6 0 32 20 9 0 6.0
7 9 43 40 9 20 40 7024 3 26 20 6 0 26 21 6 0 20 20 6 1 6.0
8 61 54 40 60 19 40 2244 3 13 8 5 0 9 9 6 0 12 11 30 1 6.0
9 42 74 40 62 80 40 841 1 12 9 3 1 4.0
10 21 43 40 69 34 40 42508 1 24 17 30 1 4.0
11 10 55 40 65 83 40 6096 1 58 25 3 1 5.0
12 32 22 40 58 26 40 3501 3 10 10 1 0 9 6 3 0 12 12 12 1 4.0
13 48 26 40 13 73 40 7115 2 26 17 3 0 12 12 9 1 4.0
14 64 50 40 21 80 40 6718 3 12 8 3 0 11 6 3 0 17 17 23 0 6.0
15 40 26 40 64 80 40 7275 1 26 25 16 0 6.0
16 15 58 40 71 21 40 20350 2 36 25 16 0 9 9 3 1 5.0
17 40 35 40 9 70 40 927 2 13 8 9 0 9 9 9 0 6.0
18 36 83 40 14 30 40 5468 2 12 12 12 0 35 23 5 0 6.0
19 64 44 40 64 24 40 45000 3 29 25 4 0 23 19 4 1 12 12 12 1 4.0
20 47 20 40 12 22 40 13755 3 21 21 24 0 10 7 5 1 21 5 6 1 5.0
21 21 44 40 60 67 40 3671 2 31 7 9 0 10 8 12 0 5.0
22 21 55 40 60 31 40 1401 3 10 7 2 0 13 13 13 0 10 8 7 0 6.0
23 49 24 40 24 26 40 575 2 15 10 15 0 9 8 5 1 6.0
24 23 42 40 21 74 40 2543 3 12 10 7 0 10 10 2 0 23 17 6 1 6.0
25 48 23 40 60 26 40 2966 1 14 9 7 0 4.0
26 42 70 40 10 19 40 6491 2 11 8 11 0 14 13 15 0 5.0
27 68 56 40 64 71 40 4933 2 13 11 10 0 14 13 14 0 5.0
28 63 47 40 62 70 40 45000 3 12 12 12 0 30 25 13 0 11 9 7 1 4.0
29 47 80 40 67 72 40 6305 3 10 6 6 0 17 17 12 0 20 16 12 1 6.0
30 12 46 40 56 72 40 14892 1 60 25 9 0 5.0
31 45 33 40 64 26 40 1742 1 10 8 9 0 4.0
32 40 20 40 22 25 40 15422 2 23 15 13 0 15 15 23 0 5.0
33 25 59 40 68 76 40 2005 2 9 6 6 0 31 25 2 0 5.0
34 8 48 40 20 83 40 2110 1 32 12 4 0 5.0
35 44 74 40 63 34 40 1235 2 8 6 6 0 13 10 7 0 5.0
36 25 52 40 10 67 40 5330 1 30 10 30 0 6.0
37 23 46 40 56 67 40 1003 1 28 9 3 1 5.0
38 62 47 40 20 21 40 548 1 12 9 3 0 5.0
39 49 32 40 69 66 40 1854 3 9 7 7 0 12 9 6 1 12 8 8 1 6.0
40 57 52 40 13 32 40 1340 1 9 9 9 0 4.0
41 61 49 40 17 73 40 340 1 12 9 6 1 6.0
42 63 43 40 56 23 40 6901 2 9 6 1 0 29 23 5 1 4.0
43 36 25 40 25 72 40 15975 2 15 15 6 0 20 20 6 1 4.0
44 64 48 40 58 24 40 8767 3 29 6 6 0 21 21 27 0 21 12 9 1 6.0
45 14 54 40 12 66 40 68 1 11 9 3 1 6.0
46 57 59 40 17 29 40 10374 2 12 12 15 0 11 10 9 1 4.0
47 39 83 40 13 23 40 715 1 9 8 12 0 6.0
48 33 21 40 65 25 40 4704 3 10 9 8 0 15 15 13 0 16 10 3 0 5.0
49 35 83 40 67 18 40 15414 2 17 17 6 0 17 12 17 0 4.0
50 9 57 40 16 19 40 886 2 13 9 2 0 9 9 9 1 6.0
51 32 80 40 17 21 40 397 1 10 9 5 0 6.0
52 47 82 40 16 72 40 12874 2 9 6 8 0 58 6 12 1 4.0
53 41 79 40 11 21 40 12661 3 9 9 9 0 44 25 12 0 16 10 1 0 6.0
54 10 54 40 10 78 40 39729 2 21 16 12 0 35 23 12 0 4.0
55 39 31 40 66 81 40 45000 3 22 22 7 0 24 20 9 0 17 17 17 1 4.0
56 66 53 40 65 24 40 7789 2 27 13 11 0 17 12 10 0 5.0
57 71 54 40 24 34 40 5939 2 43 10 8 0 17 17 3 1 5.0
58 46 66 40 67 21 40 20550 3 12 10 3 0 9 9 9 0 41 20 9 1 4.0
59 71 48 40 25 83 40 5521 3 17 15 9 0 23 23 19 0 9 9 17 0 6.0
60 38 25 40 62 18 40 627 1 13 9 5 0 5.0
61 33 24 40 64 70 40 45000 2 10 8 5 0 24 9 15 0 4.0
62 39 73 40 24 82 40 4338 2 19 15 7 0 15 12 10 1 5.0
63 38 33 40 23 68 40 17390 3 11 10 9 0 29 23 12 0 17 17 17 1 5.0
64 48 67 40 72 68 40 31127 2 15 15 15 0 20 20 6 1 4.0
65 39 66 40 13 67 40 33976 2 27 25 30 0 9 9 9 1 5.0
66 35 68 40 68 74 40 13568 1 26 12 23 0 4.0
67 32 70 40 9 78 40 45000 3 19 13 21 0 30 25 3 0 10 7 2 0 4.0
68 69 50 40 66 28 40 14537 1 60 25 7 0 5.0
69 61 52 40 25 33 40 9466 1 19 11 26 0 5.0
70 59 47 40 67 77 40 3468 2 12 9 15 0 9 6 5 1 4.0
71 38 67 40 22 68 40 87 1 11 6 2 0 6.0
72 60 55 40 68 22 40 7943 3 13 11 9 0 13 13 8 0 15 12 10 0 4.0
73 40 76 40 19 18 40 24730 3 23 23 12 0 9 6 6 0 19 19 21 0 5.0
74 38 20 40 14 26 40 5146 3 11 6 2 0 17 8 6 0 20 16 12 0 5.0
75 37 83 40 24 25 40 456 2 15 7 4 0 10 6 15 0 6.0
