7     75    45000 60    25    30   
0     40    50    0     40    50    1236  0     
1 34 30 40 17 49 40 10142 3 16 12 10 0 12 9 6 0 22 12 6 0 4.0
2 60 56 40 64 54 40 2176 2 12 7 3 0 12 9 9 0 5.0
3 54 54 40 40 31 40 1488 3 11 11 22 0 10 8 7 0 14 7 2 1 6.0
4 40 21 40 21 47 40 15373 1 21 15 14 0 4.0
5 46 24 40 67 56 40 1431 2 12 12 12 0 42 8 5 0 6.0
6 35 69 40 44 25 40 4560 2 12 12 9 0 21 16 17 0 6.0
7 66 44 40 25 53 40 10087 3 26 9 16 0 16 14 14 0 11 9 7 1 5.0
8 35 23 40 66 49 40 96 1 14 7 1 0 5.0
9 47 71 40 35 72 40 5650 1 22 16 9 1 5.0
10 26 56 40 40 27 40 15945 1 16 12 16 0 4.0
11 66 50 40 22 48 40 28310 2 23 17 30 0 12 11 2 0 4.0
12 40 32 40 54 50 40 1904 1 21 13 21 0 6.0
13 57 47 40 21 51 40 24882 2 25 23 6 0 16 12 3 1 4.0
14 36 22 40 25 51 40 8537 3 24 21 6 0 11 7 2 0 27 17 10 0 5.0
15 42 77 40 36 71 40 9516 3 25 19 25 0 19 12 6 0 12 12 12 0 6.0
16 41 28 40 15 53 40 12828 2 11 7 11 0 16 16 6 0 4.0
17 38 74 40 43 75 40 550 2 14 10 9 0 12 9 11 0 6.0
18 41 22 40 39 25 40 5445 2 24 21 4 1 12 9 6 1 5.0
19 14 51 40 42 69 40 45000 3 26 22 7 0 12 10 7 0 60 9 9 1 4.0
20 41 78 40 23 47 40 2328 1 19 11 8 0 5.0
21 40 77 40 54 48 40 628 1 10 10 10 1 6.0
22 24 48 40 60 57 40 40880 3 40 22 22 0 16 10 22 0 10 7 1 0 5.0
23 54 49 40 21 46 40 3724 2 11 8 7 0 17 15 4 0 4.0
24 63 47 40 41 29 40 5677 3 40 25 4 0 17 12 4 0 19 12 12 1 6.0
25 55 47 40 35 19 40 126 1 10 7 1 0 5.0
26 35 24 40 42 32 40 16880 2 26 25 26 0 28 22 6 1 6.0
27 15 56 40 46 82 40 4989 2 12 11 12 0 60 14 6 0 6.0
28 22 46 40 46 71 40 15476 3 19 12 6 0 26 9 16 0 13 9 9 1 4.0
29 44 80 40 67 48 40 3595 2 17 14 11 0 56 9 5 1 6.0
30 47 24 40 19 53 40 39 1 12 9 1 1 6.0
31 40 72 40 55 46 40 45000 3 17 15 12 0 25 17 1 0 37 9 9 0 4.0
32 24 50 40 39 32 40 3922 2 25 25 25 0 21 9 2 1 6.0
33 39 69 40 24 45 40 1134 1 11 11 17 0 6.0
34 67 46 40 14 52 40 7742 2 15 14 4 0 12 10 7 0 4.0
35 27 46 40 54 52 40 8839 2 10 10 10 0 40 22 22 0 6.0
36 35 25 40 36 81 40 4779 2 14 14 15 0 35 20 7 1 6.0
37 64 52 40 22 57 40 2803 2 11 8 11 0 10 7 4 0 4.0
38 59 56 40 35 29 40 119 1 10 7 2 0 6.0
39 43 72 40 34 72 40 3452 2 20 20 7 0 12 10 1 1 5.0
40 46 27 40 64 44 40 35651 2 17 16 13 1 55 25 9 1 4.0
41 37 28 40 38 77 40 2209 1 22 12 7 0 5.0
42 34 71 40 18 45 40 3296 3 16 16 1 0 24 24 6 0 10 7 2 1 6.0
43 38 31 40 39 75 40 14880 3 11 8 5 0 16 12 3 0 22 11 3 1 4.0
44 39 82 40 19 52 40 8006 2 14 12 12 0 19 19 3 1 4.0
45 35 20 40 17 54 40 2728 3 10 7 2 0 10 9 10 0 17 11 8 0 5.0
46 35 79 40 23 46 40 11419 3 19 12 6 0 17 17 6 0 21 21 5 1 4.0
47 16 45 40 45 82 40 3553 2 10 7 10 0 21 14 7 0 5.0
48 19 51 40 38 21 40 2639 1 21 20 4 0 5.0
49 56 54 40 39 26 40 10099 2 10 7 5 0 14 11 10 1 4.0
50 46 26 40 60 46 40 922 1 12 11 6 1 5.0
51 25 46 40 24 53 40 6161 2 23 16 17 0 10 7 7 1 5.0
52 63 45 40 47 30 40 8871 3 29 22 7 0 45 25 2 0 40 11 8 0 5.0
53 42 76 40 47 76 40 5426 2 15 10 14 0 10 8 7 0 5.0
54 44 69 40 58 50 40 2440 2 19 13 7 0 15 12 14 0 6.0
55 55 50 40 60 50 40 45000 3 11 7 6 0 25 25 24 0 17 11 6 1 4.0
56 63 57 40 37 81 40 4599 1 12 7 17 0 4.0
57 59 44 40 41 20 40 3045 2 10 7 7 0 60 19 9 0 6.0
58 42 27 40 26 49 40 28014 1 25 25 30 1 5.0
59 17 50 40 16 56 40 14001 3 19 19 9 0 10 7 1 1 25 12 19 1 5.0
60 42 80 40 62 49 40 12225 3 20 12 11 0 21 16 8 0 12 12 19 1 5.0
61 40 78 40 26 50 40 26545 3 22 19 12 0 10 10 3 0 12 8 5 0 4.0
62 44 23 40 16 53 40 2089 1 13 11 11 0 5.0
63 40 29 40 40 25 40 20871 1 31 25 19 1 5.0
64 42 74 40 46 80 40 10741 2 16 13 10 0 14 10 4 1 4.0
65 66 52 40 67 52 40 490 1 11 9 8 0 6.0
66 25 48 40 17 56 40 408 1 16 11 1 0 4.0
67 40 23 40 67 57 40 3944 2 19 13 9 0 23 19 2 1 5.0
68 38 82 40 42 79 40 706 2 10 7 10 0 25 25 2 0 6.0
69 14 56 40 17 44 40 363 1 12 10 2 1 5.0
70 47 23 40 45 25 40 15583 2 16 10 18 0 12 11 9 1 4.0
71 59 46 40 42 72 40 4944 2 22 21 20 0 22 19 19 0 6.0
72 41 71 40 56 50 40 7366 3 21 16 17 0 37 7 10 0 33 11 30 1 6.0
73 62 48 40 37 69 40 11968 2 12 11 17 0 13 8 7 0 4.0
74 47 75 40 56 47 40 2594 3 22 16 4 0 37 14 8 0 10 7 1 1 6.0
75 42 25 40 56 46 40 13201 2 25 13 13 0 12 12 12 0 4.0
