7     75    45000 60    25    30   
0     40    50    0     40    50    1236  0     
1 57 19 40 39 26 40 5081 1 16 13 10 0 4.0
2 58 36 40 48 60 40 4202 2 12 9 6 1 22 13 6 1 5.0
3 25 80 40 12 31 40 136 1 13 8 3 0 6.0
4 13 69 40 61 47 40 14898 3 12 9 9 0 11 11 22 0 10 8 8 1 4.0
5 26 63 40 51 57 40 82 1 14 7 2 0 6.0
6 13 43 40 55 29 40 4299 2 21 15 14 0 13 13 13 0 6.0
7 70 70 40 14 79 40 11925 3 43 8 5 0 13 13 9 0 21 16 17 1 5.0
8 52 58 40 37 49 40 7501 3 26 9 16 0 16 14 14 0 11 9 8 0 5.0
9 30 64 40 70 15 40 5825 2 14 7 1 1 22 16 9 1 5.0
10 59 34 40 10 30 40 45000 2 16 12 16 0 23 18 30 0 4.0
11 32 73 40 15 45 40 14207 2 13 11 2 0 21 13 21 1 4.0
12 39 52 40 63 84 40 1146 1 25 23 6 1 6.0
13 55 52 40 49 77 40 24956 3 16 13 3 0 25 21 6 0 11 8 3 1 4.0
14 26 36 40 61 84 40 18095 2 27 17 10 0 25 19 25 1 5.0
15 69 65 40 54 26 40 2954 3 19 13 6 0 13 13 13 0 11 8 11 1 6.0
16 43 69 40 16 19 40 15051 2 16 16 6 0 14 10 9 1 4.0
17 46 77 40 23 30 40 267 1 12 9 11 0 6.0
18 58 79 40 43 76 40 14283 3 25 21 4 0 13 9 6 0 26 23 7 1 5.0
19 34 54 40 32 43 40 45000 2 13 10 8 0 60 9 9 0 4.0
20 32 29 40 57 18 40 2328 1 19 11 8 0 5.0
21 16 52 40 50 38 40 14999 3 10 10 10 0 40 22 22 0 16 10 22 0 6.0
22 17 17 40 19 30 40 125 1 10 7 1 1 5.0
23 45 41 40 51 51 40 13395 3 11 8 8 0 18 15 4 0 41 25 4 0 4.0
24 25 35 40 68 85 40 3117 2 18 13 4 0 19 13 13 0 6.0
25 16 23 40 57 15 40 126 1 10 7 1 1 5.0
26 56 36 40 43 32 40 16880 2 26 25 26 0 28 22 6 0 6.0
27 28 16 40 61 62 40 1193 1 12 11 12 1 6.0
28 47 19 40 14 52 40 12652 1 60 14 6 0 4.0
29 11 72 40 57 52 40 4393 3 19 13 6 0 26 9 16 0 13 9 9 0 6.0
30 47 46 40 15 39 40 1004 1 18 14 11 0 6.0
31 13 84 40 10 68 40 45000 3 57 9 5 0 13 9 1 0 17 15 13 1 4.0
32 31 63 40 12 44 40 4848 3 25 18 1 0 38 9 9 0 26 25 25 0 6.0
33 41 75 40 38 83 40 1446 2 21 9 3 0 11 11 17 0 6.0
34 63 56 40 49 50 40 8065 2 15 14 4 0 13 10 7 1 4.0
35 25 52 40 54 76 40 10325 3 10 10 10 0 41 22 22 0 14 14 15 0 6.0
36 67 85 40 47 33 40 3577 2 35 20 7 0 11 8 11 0 6.0
37 51 82 40 33 51 40 719 1 10 8 4 0 4.0
38 67 62 40 15 22 40 2496 2 10 7 2 0 20 20 7 0 6.0
39 63 71 40 44 76 40 4334 2 13 10 1 0 17 16 13 0 5.0
40 62 52 40 59 25 40 33359 2 56 25 9 0 22 13 8 1 4.0
41 61 65 40 42 17 40 4605 3 16 16 1 0 24 24 6 0 10 7 2 0 5.0
42 62 71 40 12 70 40 376 1 11 8 5 1 6.0
43 21 34 40 40 63 40 5330 1 16 13 3 1 4.0
44 42 64 40 46 36 40 9967 3 23 11 3 0 14 12 12 0 19 19 3 1 4.0
45 59 67 40 20 51 40 1140 2 10 8 2 0 10 9 10 1 5.0
46 45 63 40 34 65 40 6408 2 17 11 8 0 19 13 6 0 4.0
47 16 28 40 55 54 40 5205 2 18 17 6 0 21 21 5 1 5.0
48 49 35 40 53 60 40 7589 3 10 8 10 0 21 14 8 0 21 20 4 1 5.0
49 69 81 40 19 79 40 14684 3 10 7 5 0 14 11 10 1 13 11 6 1 4.0
50 55 17 40 60 81 40 13661 3 23 16 18 0 10 7 7 0 30 22 7 0 5.0
51 46 29 40 21 16 40 8215 3 45 25 3 0 40 11 8 0 15 10 14 0 5.0
52 14 26 40 53 49 40 4419 3 10 8 8 0 19 13 7 0 15 13 14 1 5.0
53 51 38 40 27 73 40 1077 1 11 8 6 0 5.0
54 41 17 40 17 27 40 9296 2 25 25 24 0 18 11 6 0 6.0
55 53 24 40 32 15 40 4679 1 13 7 17 0 4.0
56 11 41 40 14 21 40 34844 2 10 7 8 0 60 19 9 1 4.0
57 37 26 40 24 56 40 6232 2 25 25 30 0 19 19 9 0 6.0
58 51 70 40 50 54 40 9331 2 10 7 1 0 25 13 19 0 5.0
59 48 83 40 70 43 40 8613 2 20 13 11 0 21 16 8 0 5.0
60 68 36 40 51 34 40 13106 2 13 13 19 0 22 19 13 0 5.0
61 45 54 40 47 22 40 3572 2 10 10 3 0 12 8 5 0 4.0
62 62 72 40 41 81 40 21645 2 13 11 11 0 31 25 19 0 5.0
63 31 71 40 67 81 40 2948 1 16 13 10 1 5.0
64 47 45 40 22 81 40 6216 3 14 10 4 0 11 9 8 1 16 11 1 1 4.0
65 38 37 40 32 30 40 2684 3 19 13 9 0 23 19 3 0 10 8 10 0 6.0
66 19 53 40 56 24 40 2898 1 25 25 2 0 4.0
67 35 28 40 12 52 40 4164 2 13 10 3 0 16 10 18 0 5.0
68 59 80 40 69 67 40 6782 3 12 11 9 0 22 21 20 0 23 19 19 1 6.0
69 35 49 40 40 70 40 12666 2 21 16 17 0 38 7 10 0 5.0
70 48 79 40 39 65 40 41717 1 33 11 30 0 4.0
71 26 46 40 13 73 40 684 1 12 11 18 1 6.0
72 36 82 40 53 50 40 844 2 13 8 7 0 23 16 4 1 6.0
73 18 77 40 16 30 40 17138 1 38 14 8 1 4.0
74 36 69 40 67 61 40 32 1 10 7 1 0 6.0
75 48 22 40 43 35 40 14616 2 26 13 13 0 13 13 13 1 4.0
