7     75    45000 60    25    30   
0     40    50    0     40    50    1236  0     
1 34 30 40 17 49 40 4500 3 15 13 6 0 10 6 2 0 10 10 10 0 4.0
2 60 56 40 64 54 40 6981 2 9 9 6 0 17 17 17 0 5.0
3 54 54 40 40 31 40 3712 3 11 10 16 0 9 6 2 0 16 16 10 1 6.0
4 40 21 40 21 47 40 45000 1 38 25 27 0 4.0
5 46 24 40 67 56 40 2301 2 17 17 6 0 32 20 9 0 6.0
6 35 69 40 44 25 40 5482 2 26 20 6 0 26 21 6 0 6.0
7 66 44 40 25 53 40 2720 3 20 20 6 0 13 8 5 0 9 9 6 1 6.0
8 35 23 40 66 49 40 1730 1 12 11 29 0 6.0
9 47 71 40 35 72 40 841 1 12 9 3 1 4.0
10 26 56 40 40 27 40 42508 1 24 17 30 0 4.0
11 66 50 40 22 48 40 6131 2 57 25 3 0 10 10 1 0 5.0
12 40 32 40 54 50 40 285 1 9 6 3 0 4.0
13 57 47 40 21 51 40 8287 2 12 12 12 0 26 17 3 1 4.0
14 36 22 40 25 51 40 1678 3 12 12 9 0 12 8 3 0 11 6 3 0 6.0
15 42 77 40 36 71 40 21997 3 17 17 23 0 26 25 16 0 36 25 16 0 6.0
16 41 28 40 15 53 40 1638 2 9 9 3 0 13 8 9 0 5.0
17 38 74 40 43 75 40 1368 2 9 9 9 0 12 12 12 0 6.0
18 41 22 40 39 25 40 6582 2 35 23 5 1 29 25 4 1 6.0
19 14 51 40 42 69 40 45000 3 23 18 4 0 12 12 12 0 21 21 24 1 4.0
20 41 78 40 23 47 40 416 1 10 7 5 0 5.0
21 40 77 40 54 48 40 794 1 21 5 6 1 5.0
22 24 48 40 60 57 40 1477 3 31 7 9 0 10 8 12 0 10 7 2 0 6.0
23 54 49 40 21 46 40 607 2 13 13 13 0 10 8 7 0 6.0
24 63 47 40 41 29 40 2373 3 14 10 14 0 9 8 5 0 12 10 7 1 6.0
25 55 47 40 35 19 40 673 1 10 10 2 0 4.0
26 35 24 40 42 32 40 5666 2 23 17 6 0 14 9 7 1 5.0
27 15 56 40 46 82 40 4585 2 11 8 11 0 14 13 15 0 5.0
28 22 46 40 46 71 40 33444 3 13 11 10 0 14 13 14 0 12 12 12 1 4.0
29 44 80 40 67 48 40 8587 2 30 25 13 0 11 9 7 1 6.0
30 47 24 40 19 53 40 397 1 10 6 6 1 5.0
31 40 72 40 55 46 40 45000 3 17 17 12 0 20 16 12 0 60 25 9 0 4.0
32 24 50 40 39 32 40 7832 2 10 8 9 0 23 14 13 1 5.0
33 39 69 40 24 45 40 4823 1 14 14 23 0 5.0
34 67 46 40 14 52 40 2574 2 9 6 6 0 31 25 2 0 5.0
35 27 46 40 54 52 40 1880 2 32 12 4 0 8 6 6 0 5.0
36 35 25 40 36 81 40 5869 2 13 10 7 0 30 10 30 1 6.0
37 64 52 40 22 57 40 1433 2 28 9 3 0 12 9 3 0 5.0
38 59 56 40 35 29 40 746 1 9 7 7 0 5.0
39 43 72 40 34 72 40 1414 2 12 9 6 0 12 8 8 1 6.0
40 46 27 40 64 44 40 2530 2 9 9 9 1 12 9 6 1 4.0
41 37 28 40 38 77 40 28 1 9 6 1 0 6.0
42 34 71 40 18 45 40 14073 3 29 23 5 0 14 14 6 0 20 20 6 1 4.0
43 38 31 40 39 75 40 45000 3 29 6 6 0 21 21 27 0 21 12 9 1 4.0
44 39 82 40 19 52 40 1332 2 11 9 3 0 12 12 14 1 6.0
45 35 20 40 17 54 40 593 3 11 10 9 0 9 8 12 0 10 9 8 0 6.0
46 35 79 40 23 46 40 15683 3 14 14 13 0 16 10 3 0 17 17 6 1 4.0
47 16 45 40 45 82 40 3064 2 17 12 17 0 13 9 2 0 6.0
48 19 51 40 38 21 40 831 1 9 9 9 0 5.0
49 56 54 40 39 26 40 2614 2 10 9 5 0 9 6 8 1 4.0
50 46 26 40 60 46 40 3841 1 58 6 12 1 6.0
51 25 46 40 24 53 40 12033 2 9 9 9 0 43 25 12 1 6.0
52 63 45 40 47 30 40 38700 3 16 10 1 0 21 16 12 0 35 23 12 0 4.0
53 42 76 40 47 76 40 6927 2 22 22 7 0 24 20 9 0 6.0
54 44 69 40 58 50 40 25459 2 17 17 17 0 27 13 11 0 4.0
55 55 50 40 60 50 40 27222 3 17 12 10 0 43 10 8 0 17 17 3 1 4.0
56 63 57 40 37 81 40 475 1 12 10 3 0 5.0
57 59 44 40 41 20 40 10933 2 9 9 9 0 40 20 9 0 5.0
58 42 27 40 26 49 40 5197 1 17 14 9 1 4.0
59 17 50 40 16 56 40 4620 3 23 23 18 0 9 9 17 1 13 9 5 1 6.0
60 42 80 40 62 49 40 5564 3 10 8 5 0 24 9 14 0 18 14 7 1 5.0
61 40 78 40 26 50 40 45000 3 15 12 10 0 11 10 9 0 29 23 12 0 4.0
62 44 23 40 16 53 40 5616 1 17 17 17 0 5.0
63 40 29 40 40 25 40 3431 1 14 14 14 1 5.0
64 42 74 40 46 80 40 45000 2 20 20 6 0 27 25 30 1 4.0
65 66 52 40 67 52 40 1181 1 9 9 9 0 5.0
66 25 48 40 17 56 40 13568 1 26 12 23 0 4.0
67 40 23 40 67 57 40 45000 2 18 13 21 0 30 25 3 1 4.0
68 38 82 40 42 79 40 14731 2 10 7 2 0 60 25 7 0 5.0
69 14 56 40 17 44 40 9102 1 19 11 25 1 5.0
70 47 23 40 45 25 40 3270 2 12 9 14 0 9 6 5 1 4.0
71 59 46 40 42 72 40 932 2 11 6 2 0 13 11 9 0 6.0
72 41 71 40 56 50 40 16998 3 13 13 8 0 15 12 10 0 23 23 12 1 4.0
73 62 48 40 37 69 40 13716 2 9 6 6 0 19 19 21 0 5.0
74 47 75 40 56 47 40 5146 3 11 6 2 0 17 8 6 0 20 16 12 1 5.0
75 42 25 40 56 46 40 435 2 15 7 4 0 10 6 14 0 6.0
