7     75    45000 60    25    30   
0     40    50    0     40    50    1236  0     
1 35 72 40 45 77 40 8412 2 20 9 15 0 9 7 14 1 4.0
2 36 74 40 20 49 40 3771 2 9 6 3 0 20 20 23 1 6.0
3 60 54 40 23 56 40 74 1 15 6 2 0 6.0
4 64 51 40 14 52 40 45000 3 11 11 8 0 23 11 11 0 17 17 17 0 4.0
5 47 80 40 45 76 40 1194 1 26 20 10 0 6.0
6 61 49 40 56 51 40 1107 2 9 7 2 0 28 17 3 0 6.0
7 41 73 40 59 53 40 45000 3 9 7 2 0 33 25 30 0 11 11 11 1 5.0
8 20 57 40 46 75 40 5744 3 11 11 9 0 20 14 4 0 12 8 2 1 4.0
9 58 52 40 57 50 40 1603 1 11 11 8 1 5.0
10 56 55 40 41 75 40 4264 1 11 11 10 1 4.0
11 45 81 40 44 25 40 1656 1 15 11 7 1 5.0
12 22 50 40 37 77 40 6790 3 15 15 4 0 15 8 5 0 25 20 8 1 5.0
13 47 22 40 40 21 40 25725 2 20 19 10 0 17 17 17 1 4.0
14 42 32 40 39 70 40 1267 3 15 10 7 0 9 8 6 0 10 7 2 0 6.0
15 26 44 40 40 31 40 648 1 10 10 6 0 5.0
16 38 21 40 58 57 40 10971 2 27 21 8 0 11 8 6 1 4.0
17 47 24 40 63 48 40 6214 2 19 7 11 0 17 15 10 0 5.0
18 25 48 40 43 27 40 1821 2 28 25 3 0 17 9 6 0 6.0
19 40 26 40 36 27 40 19309 3 11 9 6 0 9 6 5 1 17 17 17 1 4.0
20 21 45 40 35 74 40 6234 3 27 20 2 0 13 8 3 1 34 17 3 1 5.0
21 39 24 40 34 32 40 11044 2 24 11 8 0 28 20 11 0 5.0
22 20 51 40 46 70 40 45000 3 47 25 30 0 11 11 11 0 13 10 11 0 5.0
23 36 30 40 44 19 40 10624 2 17 12 12 0 39 6 6 1 4.0
24 46 30 40 45 75 40 13101 3 20 11 30 0 9 6 5 0 11 6 3 1 5.0
25 16 56 40 23 55 40 22843 1 39 14 8 0 4.0
26 25 56 40 37 28 40 2520 2 20 16 8 0 29 15 25 0 6.0
27 60 55 40 60 46 40 327 2 12 8 3 0 11 7 3 0 6.0
28 42 20 40 42 25 40 45000 3 31 17 30 0 59 23 6 0 34 25 6 1 4.0
29 39 73 40 42 69 40 4089 3 9 7 17 0 32 18 6 0 27 11 11 1 6.0
30 46 78 40 60 49 40 527 1 23 12 4 0 6.0
31 26 49 40 65 46 40 6385 1 12 12 12 0 4.0
32 40 80 40 64 54 40 4359 2 28 19 4 0 28 7 8 0 5.0
33 37 75 40 64 53 40 4711 2 11 11 11 0 17 8 8 0 5.0
34 67 49 40 23 47 40 14760 1 27 15 10 0 4.0
35 25 49 40 37 76 40 2672 2 23 11 14 0 14 14 3 0 6.0
36 60 50 40 45 20 40 712 1 24 7 8 0 6.0
37 22 53 40 35 21 40 2054 1 26 19 6 1 6.0
38 20 55 40 63 56 40 179 1 10 6 4 0 6.0
39 41 21 40 36 75 40 12746 3 17 12 12 0 11 11 7 1 26 12 22 1 5.0
40 47 19 40 14 54 40 1101 1 19 6 7 0 5.0
41 34 70 40 39 74 40 2214 1 17 17 6 1 5.0
42 39 32 40 24 50 40 844 2 17 17 11 0 14 10 1 1 6.0
43 44 26 40 60 47 40 45000 2 16 16 30 0 23 17 28 1 4.0
44 58 48 40 45 72 40 5191 3 28 7 7 0 11 9 2 0 24 16 12 1 6.0
45 39 28 40 24 47 40 3154 1 15 9 9 1 4.0
46 21 57 40 15 44 40 19497 2 21 20 13 0 9 7 7 1 4.0
47 66 49 40 35 75 40 1842 1 21 19 6 0 6.0
48 47 71 40 38 72 40 826 3 17 6 10 0 11 8 3 0 11 11 8 0 6.0
49 55 55 40 15 52 40 27064 2 23 17 28 0 10 10 7 0 4.0
50 35 25 40 38 74 40 10002 2 14 13 8 0 25 25 10 1 5.0
51 40 19 40 57 56 40 51 1 9 6 1 0 5.0
52 34 19 40 54 51 40 5009 2 13 11 8 0 15 15 3 1 4.0
53 41 26 40 45 30 40 14016 3 13 10 8 0 10 7 2 0 23 23 11 0 4.0
54 20 56 40 65 44 40 1412 2 18 17 19 0 25 20 8 0 6.0
55 67 56 40 57 57 40 9352 3 15 14 12 0 16 9 13 0 10 9 5 1 5.0
56 14 49 40 59 49 40 3916 2 9 9 7 0 18 12 21 0 6.0
57 21 50 40 17 55 40 3537 2 9 6 1 0 48 25 6 1 6.0
58 62 45 40 54 57 40 10664 3 14 8 4 0 14 6 6 0 23 16 11 1 4.0
59 67 50 40 36 81 40 3449 3 17 9 9 0 20 14 6 0 17 16 9 0 6.0
60 18 47 40 43 74 40 7341 1 28 20 6 0 4.0
61 64 45 40 42 81 40 18807 2 17 11 30 0 15 14 6 0 4.0
62 47 79 40 20 44 40 3492 2 11 11 11 0 14 14 14 1 6.0
63 46 79 40 60 53 40 9920 3 11 11 8 0 14 11 5 0 17 17 17 1 5.0
64 44 72 40 18 50 40 3866 2 9 9 6 0 12 9 9 1 4.0
65 15 51 40 40 22 40 8400 2 25 20 8 0 11 8 6 1 5.0
66 61 51 40 46 19 40 642 1 10 9 7 0 5.0
67 59 46 40 18 48 40 28705 3 9 9 9 0 24 20 4 0 20 20 10 0 4.0
68 62 57 40 36 70 40 4114 1 20 15 8 0 5.0
69 27 54 40 35 79 40 200 1 14 8 2 0 5.0
70 39 79 40 46 27 40 9102 2 11 9 3 0 38 7 5 1 4.0
71 46 31 40 19 55 40 3470 1 32 10 10 0 5.0
72 14 46 40 60 51 40 1228 3 14 12 5 0 19 14 14 0 11 10 8 0 6.0
73 21 56 40 40 28 40 22860 3 22 16 17 0 9 6 5 0 17 17 21 0 5.0
74 39 29 40 45 21 40 17136 3 11 11 16 0 19 9 30 0 21 20 30 0 6.0
75 39 77 40 14 47 40 6763 2 16 10 6 0 10 8 7 0 4.0
