7     75    45000 60    25    30   
0     40    50    0     40    50    1236  0     
1 24 48 40 26 45 40 6341 1 20 9 15 0 4.0
2 47 69 40 38 30 40 420 2 9 7 14 1 9 6 3 1 6.0
3 19 47 40 42 26 40 3758 1 20 20 23 0 6.0
4 42 79 40 35 70 40 24643 3 15 6 2 0 11 11 8 0 23 11 11 1 4.0
5 67 49 40 25 52 40 1128 1 17 17 17 0 6.0
6 43 27 40 40 26 40 3794 2 26 20 10 0 9 7 2 0 6.0
7 56 57 40 25 51 40 45000 3 27 16 3 0 9 7 2 0 33 25 30 1 5.0
8 60 49 40 65 46 40 8469 3 11 11 11 0 11 11 9 0 20 14 4 0 4.0
9 35 20 40 43 22 40 2161 2 12 9 2 1 11 11 9 1 5.0
10 37 75 40 60 56 40 8335 2 11 11 10 0 15 11 7 0 4.0
11 17 47 40 34 28 40 2151 2 15 15 4 0 15 8 5 1 5.0
12 61 44 40 63 50 40 5778 1 26 20 9 1 5.0
13 40 30 40 55 50 40 28825 3 20 19 10 0 17 17 17 0 15 10 7 1 4.0
14 63 51 40 43 31 40 489 2 9 9 6 0 10 7 2 1 6.0
15 17 49 40 41 70 40 6796 3 10 10 6 0 27 21 9 0 11 9 6 1 5.0
16 34 73 40 40 22 40 8694 2 19 7 11 0 17 15 10 1 4.0
17 58 56 40 20 47 40 3252 1 28 25 3 0 5.0
18 40 32 40 40 81 40 1075 3 17 9 6 0 11 9 6 0 9 6 5 1 6.0
19 35 79 40 59 47 40 20031 2 17 17 17 0 27 20 2 0 4.0
20 39 80 40 45 30 40 700 1 13 9 3 0 5.0
21 45 82 40 64 46 40 13359 3 34 17 3 0 24 11 8 0 28 20 11 0 5.0
22 67 55 40 66 57 40 45000 1 48 25 30 1 5.0
23 47 77 40 37 82 40 14764 3 11 11 11 0 13 10 11 0 18 12 12 0 4.0
24 63 54 40 19 52 40 14836 2 39 6 6 0 20 11 30 0 5.0
25 62 46 40 14 57 40 1412 1 9 6 5 1 4.0
26 36 29 40 43 26 40 982 2 11 6 3 0 40 14 9 0 6.0
27 60 45 40 41 75 40 1814 1 20 16 9 1 6.0
28 23 50 40 46 81 40 45000 1 29 15 25 0 4.0
29 65 44 40 35 25 40 8587 3 12 9 3 0 11 7 3 0 31 17 30 0 6.0
30 19 46 40 27 51 40 3954 1 60 23 6 0 6.0
31 42 80 40 36 79 40 35572 3 34 25 6 0 9 7 17 0 32 18 6 1 4.0
32 39 82 40 46 27 40 7193 3 27 11 11 0 23 12 4 0 12 12 12 0 5.0
33 34 74 40 62 51 40 7580 2 28 19 4 0 28 7 9 0 5.0
34 56 51 40 34 30 40 9869 2 11 11 11 0 17 9 9 1 4.0
35 41 76 40 58 54 40 5293 3 27 15 10 0 23 11 14 0 14 14 3 0 6.0
36 46 25 40 34 26 40 2284 2 24 7 8 0 26 19 6 0 6.0
37 59 44 40 43 69 40 166 1 10 6 4 0 6.0
38 64 53 40 27 57 40 2565 2 18 12 12 0 11 11 7 0 6.0
39 38 76 40 26 54 40 9613 2 26 12 22 0 19 6 7 0 5.0
40 38 70 40 38 24 40 6777 2 17 17 6 0 17 17 11 1 5.0
41 18 49 40 44 19 40 23964 3 14 10 1 0 16 16 30 0 23 17 28 0 5.0
42 39 81 40 55 47 40 349 1 28 7 7 1 6.0
43 21 54 40 40 28 40 1067 1 11 9 2 1 4.0
44 34 69 40 47 74 40 9480 3 24 16 12 0 15 9 9 0 21 20 13 1 6.0
45 65 45 40 47 70 40 7656 2 9 7 7 0 22 19 6 1 4.0
46 61 53 40 58 44 40 4351 2 17 6 10 0 11 9 3 0 4.0
47 41 26 40 18 51 40 9170 2 11 11 8 0 23 17 28 1 6.0
48 40 27 40 65 57 40 3151 3 10 10 7 0 14 13 9 0 25 25 10 1 6.0
49 17 48 40 41 69 40 4352 3 9 6 1 0 13 11 8 1 15 15 3 1 4.0
50 37 29 40 46 26 40 9084 3 13 10 8 0 10 7 2 0 23 23 11 0 5.0
51 16 55 40 36 27 40 12570 3 18 18 19 0 26 20 9 0 15 14 12 0 5.0
52 35 21 40 42 72 40 7956 3 16 9 13 0 10 9 5 0 9 9 7 1 4.0
53 38 81 40 24 54 40 9084 1 18 12 21 0 4.0
54 46 69 40 39 75 40 1043 2 9 6 1 0 48 25 6 0 6.0
55 23 45 40 57 47 40 865 1 14 8 4 0 5.0
56 19 57 40 46 77 40 3493 2 14 6 6 0 23 16 11 1 6.0
57 40 21 40 16 44 40 1491 2 17 9 9 0 20 14 6 0 6.0
58 60 51 40 45 70 40 12695 2 18 16 9 0 28 20 6 0 4.0
59 56 53 40 39 26 40 4305 2 17 11 30 0 15 14 6 0 6.0
60 37 19 40 39 27 40 8904 2 11 11 11 0 14 14 14 0 4.0
61 39 72 40 21 51 40 5089 2 11 11 9 0 14 11 5 0 4.0
62 14 46 40 54 51 40 4626 2 17 17 17 0 9 9 6 0 6.0
63 34 21 40 54 44 40 1450 1 12 9 9 1 5.0
64 20 50 40 17 52 40 15655 3 26 20 9 0 11 9 6 1 10 9 7 1 4.0
65 27 56 40 21 50 40 12335 3 9 9 9 0 24 20 4 0 20 20 10 0 5.0
66 44 69 40 40 74 40 2444 1 20 15 8 0 5.0
67 43 71 40 56 50 40 2249 2 14 8 2 0 11 9 3 0 4.0
68 26 47 40 54 47 40 9266 3 39 7 5 0 32 10 10 0 14 12 5 1 5.0
69 59 57 40 54 49 40 4100 2 19 14 14 0 11 10 8 0 5.0
70 39 21 40 43 20 40 33475 1 22 16 17 0 4.0
71 19 56 40 45 27 40 293 1 9 6 5 1 5.0
72 56 55 40 24 49 40 1972 2 18 18 21 0 11 11 16 1 6.0
73 24 52 40 24 51 40 9517 1 19 9 30 1 5.0
74 17 44 40 19 50 40 10979 1 21 20 30 0 6.0
75 45 74 40 41 31 40 7074 2 16 10 6 0 10 9 7 1 4.0
