7     75    45000 60    25    30   
0     40    50    0     40    50    1236  0     
1 10 16 40 50 18 40 39395 2 11 11 11 0 26 20 9 1 4.0
2 12 65 40 18 63 40 7174 2 50 7 30 0 18 10 10 1 6.0
3 45 24 40 15 53 40 164 1 13 8 4 0 6.0
4 69 59 40 52 21 40 3677 3 13 7 2 0 9 6 6 0 12 11 9 0 4.0
5 63 52 40 50 36 40 1248 1 19 12 7 0 6.0
6 33 55 40 46 51 40 20168 2 9 6 6 0 21 15 16 0 4.0
7 21 27 40 33 31 40 7682 3 10 6 3 0 9 8 3 0 11 11 11 1 4.0
8 17 34 40 27 53 40 3135 3 20 20 20 0 20 8 3 0 12 12 16 1 6.0
9 26 44 40 57 49 40 2018 1 12 12 7 1 5.0
10 68 25 40 12 34 40 116 1 9 6 1 1 4.0
11 39 57 40 66 36 40 814 1 11 9 7 1 5.0
12 68 50 40 23 35 40 8888 3 17 17 17 0 10 8 6 0 12 12 14 1 5.0
13 31 60 40 27 26 40 11000 2 14 11 11 0 59 25 2 1 4.0
14 56 74 40 54 60 40 5830 3 17 17 17 0 52 13 7 0 13 9 1 0 6.0
15 34 28 40 65 74 40 3516 1 16 14 11 0 5.0
16 48 75 40 37 58 40 868 2 9 9 3 0 10 6 4 1 5.0
17 47 24 40 44 85 40 1730 2 39 6 6 0 38 20 5 0 6.0
18 20 22 40 26 81 40 332 2 12 6 3 0 11 10 3 0 6.0
19 15 73 40 68 36 40 29223 3 15 8 6 0 35 25 22 1 11 6 10 1 5.0
20 57 64 40 65 59 40 2642 3 14 5 15 0 28 6 6 1 9 9 3 1 5.0
21 60 23 40 50 42 40 8251 2 12 9 4 0 13 13 11 0 4.0
22 35 49 40 43 74 40 45000 3 25 25 25 0 10 7 4 0 31 22 6 0 4.0
23 29 21 40 67 81 40 1309 2 9 9 9 0 14 8 8 1 6.0
24 33 46 40 25 30 40 10568 3 31 25 11 0 21 16 30 0 11 10 11 1 6.0
25 69 25 40 28 73 40 1681 1 12 8 5 0 4.0
26 69 39 40 36 69 40 14796 2 34 16 24 0 9 6 1 0 5.0
27 11 68 40 39 25 40 12140 2 21 8 12 0 31 19 11 0 5.0
28 18 77 40 57 21 40 25079 3 34 22 22 0 31 25 10 0 34 25 5 1 6.0
29 52 25 40 24 44 40 27358 3 28 20 19 0 34 11 12 0 19 13 13 1 5.0
30 63 70 40 59 61 40 1087 1 9 6 6 0 4.0
31 58 57 40 14 38 40 5180 1 12 9 12 0 4.0
32 47 71 40 46 42 40 9827 2 27 11 3 0 20 17 17 0 5.0
33 61 24 40 11 17 40 3393 2 34 16 11 0 11 9 3 0 6.0
34 69 33 40 29 56 40 369 1 9 7 2 0 4.0
35 47 15 40 60 53 40 26009 2 36 25 20 0 13 11 10 0 5.0
36 59 71 40 10 40 40 331 1 9 6 3 0 5.0
37 40 80 40 18 70 40 9479 1 11 11 11 1 4.0
38 10 50 40 28 60 40 586 1 11 10 7 0 6.0
39 28 20 40 61 65 40 30331 3 52 22 6 0 11 9 17 1 21 21 6 1 4.0
40 60 41 40 26 62 40 45000 1 33 24 12 0 4.0
41 14 54 40 41 18 40 403 1 13 8 8 1 6.0
42 53 20 40 43 60 40 771 2 25 8 6 0 19 13 1 1 6.0
43 32 44 40 29 73 40 8896 2 10 10 15 0 21 11 17 1 5.0
44 50 25 40 35 59 40 2945 3 10 10 10 0 11 11 6 0 11 8 8 1 5.0
45 64 67 40 31 72 40 2266 1 34 8 8 1 6.0
46 53 34 40 32 27 40 6813 2 11 11 11 0 10 7 9 1 4.0
47 40 38 40 70 43 40 3823 1 19 13 2 0 4.0
48 18 42 40 46 23 40 7451 3 16 13 7 0 20 11 30 0 29 7 7 0 6.0
49 63 79 40 43 57 40 5006 2 9 9 6 0 29 25 3 0 5.0
50 36 53 40 26 48 40 4064 2 28 11 11 0 11 6 3 1 5.0
51 39 81 40 50 20 40 2431 1 20 20 7 0 6.0
52 16 65 40 32 52 40 5576 2 20 7 2 0 38 7 4 1 4.0
53 53 45 40 16 60 40 4243 3 22 17 3 0 14 13 9 0 9 9 6 0 5.0
54 60 40 40 67 51 40 815 2 19 12 12 0 12 10 4 0 6.0
55 62 50 40 60 48 40 10174 3 11 6 3 0 17 12 7 0 10 9 7 1 4.0
56 50 19 40 40 35 40 8636 2 14 10 2 0 17 12 28 0 5.0
57 14 36 40 34 71 40 516 2 9 6 3 0 12 11 8 1 6.0
58 19 61 40 19 21 40 29210 3 19 19 3 0 10 8 7 0 20 11 14 1 4.0
59 57 67 40 37 27 40 21803 3 11 11 6 0 9 6 4 0 24 19 16 0 4.0
60 51 70 40 61 42 40 506 1 10 10 15 0 6.0
61 35 20 40 34 49 40 18341 2 10 8 7 0 11 11 15 0 4.0
62 34 56 40 46 18 40 33626 2 19 14 12 0 22 22 18 1 4.0
63 56 40 40 65 15 40 3579 3 11 9 6 0 24 8 14 0 11 11 1 1 5.0
64 31 24 40 48 58 40 5591 2 28 7 7 0 22 17 11 1 6.0
65 54 33 40 46 54 40 17586 2 31 9 28 0 19 14 7 1 5.0
66 69 75 40 58 44 40 113 1 10 7 2 0 6.0
67 52 55 40 70 39 40 45000 3 10 6 3 0 19 13 28 0 33 25 30 0 5.0
68 69 69 40 58 63 40 754 1 10 7 4 0 4.0
69 59 78 40 10 23 40 399 1 15 10 7 0 6.0
70 10 51 40 70 77 40 1417 2 10 7 5 0 10 10 10 1 5.0
71 46 72 40 13 69 40 716 1 9 7 10 0 5.0
72 66 61 40 60 19 40 45000 3 11 9 8 0 31 25 21 0 9 6 6 0 4.0
73 58 67 40 62 32 40 5466 3 24 19 6 0 15 8 4 0 11 6 2 0 5.0
74 52 32 40 14 81 40 1745 3 11 11 20 0 17 17 20 0 11 6 2 0 6.0
75 51 44 40 31 71 40 1641 2 10 7 7 0 25 15 4 0 6.0
