7     75    45000 60    25    30   
0     40    50    0     40    50    1236  0     
1 34 30 40 17 49 40 45000 5 10 10 10 0 23 18 8 0 44 6 26 0 16 9 9 0 12 7 3 1 4.0
2 60 56 40 64 54 40 38 1 11 6 1 1 6.0
3 54 54 40 40 31 40 812 3 8 5 5 0 10 10 8 0 16 11 6 0 6.0
4 40 21 40 21 47 40 7545 2 8 5 5 0 18 13 14 0 4.0
5 46 24 40 67 56 40 5777 5 9 5 3 0 8 7 3 0 10 10 10 0 18 18 18 0 18 7 2 0 6.0
6 35 69 40 44 25 40 22390 5 10 10 14 0 11 10 6 0 8 5 1 0 10 8 6 0 15 15 15 1 4.0
7 66 44 40 25 53 40 17704 4 8 7 5 0 10 10 12 0 12 10 10 1 52 25 1 1 4.0
8 35 23 40 66 49 40 981 1 15 15 15 0 6.0
9 47 71 40 35 72 40 6808 2 46 12 6 0 11 8 1 1 5.0
10 26 56 40 40 27 40 3532 2 14 12 9 0 8 8 2 0 4.0
11 66 50 40 22 48 40 4053 4 9 5 4 0 34 5 5 0 34 17 4 1 11 5 2 1 5.0
12 40 32 40 54 50 40 324 1 10 9 3 0 5.0
13 57 47 40 21 51 40 37793 2 13 7 5 0 31 25 20 1 4.0
14 36 22 40 25 51 40 1064 4 9 5 9 0 12 4 13 0 25 5 5 0 8 8 2 0 6.0
15 42 77 40 36 71 40 17592 3 10 8 3 0 12 12 10 0 22 22 22 1 5.0
16 41 28 40 15 53 40 291 1 9 6 3 1 5.0
17 38 74 40 43 75 40 3122 4 27 20 5 0 8 8 8 0 12 7 7 0 27 23 9 1 6.0
18 41 22 40 39 25 40 4141 1 18 14 27 0 6.0
19 14 51 40 42 69 40 13865 4 9 8 9 0 10 7 4 0 30 14 21 1 8 5 1 1 5.0
20 41 78 40 23 47 40 20925 3 19 7 11 0 28 17 10 0 30 20 20 0 5.0
21 40 77 40 54 48 40 30973 2 28 25 8 0 30 25 4 0 4.0
22 24 48 40 60 57 40 43954 5 25 18 17 0 30 9 10 0 17 12 11 0 8 5 5 0 10 8 10 1 4.0
23 54 49 40 21 46 40 387 1 24 10 2 0 6.0
24 63 47 40 41 29 40 11295 5 18 15 15 0 30 14 10 0 10 8 2 0 8 6 2 0 32 22 18 0 6.0
25 55 47 40 35 19 40 3782 2 12 10 8 0 8 5 3 0 4.0
26 35 24 40 42 32 40 10112 5 10 10 10 0 10 9 6 0 46 20 5 0 10 8 15 0 18 18 5 0 5.0
27 15 56 40 46 82 40 12884 5 29 21 11 0 11 7 7 0 22 7 5 0 16 11 1 1 8 8 13 1 5.0
28 22 46 40 46 71 40 3660 4 18 10 15 0 8 8 8 0 10 10 5 1 9 7 7 1 6.0
29 44 80 40 67 48 40 4329 3 30 7 7 0 10 10 10 0 9 6 8 0 5.0
30 47 24 40 19 53 40 1289 1 16 12 2 0 4.0
31 40 72 40 55 46 40 36888 5 14 11 6 0 17 10 30 0 26 6 6 0 8 8 5 1 26 25 3 1 4.0
32 24 50 40 39 32 40 3314 1 25 9 10 0 5.0
33 39 69 40 24 45 40 1811 5 10 5 2 0 17 17 6 0 17 6 1 0 34 6 4 0 20 15 2 0 6.0
34 67 46 40 14 52 40 4311 2 12 12 8 0 8 8 5 0 4.0
35 27 46 40 54 52 40 5155 5 17 11 11 0 10 8 4 0 10 5 2 0 15 11 6 1 8 8 6 1 5.0
36 35 25 40 36 81 40 221 1 12 9 1 1 5.0
37 64 52 40 22 57 40 29947 2 15 11 25 1 8 5 2 1 4.0
38 59 56 40 35 29 40 1229 3 10 10 7 0 17 17 2 0 8 7 6 1 6.0
39 43 72 40 34 72 40 20280 4 18 10 12 0 10 10 5 0 8 5 3 1 21 16 14 1 4.0
40 46 27 40 64 44 40 4977 1 8 8 13 0 4.0
41 37 28 40 38 77 40 5002 4 9 7 6 0 10 10 13 0 17 12 11 0 20 20 16 1 6.0
42 34 71 40 18 45 40 3276 5 10 8 5 0 21 7 12 0 9 9 1 0 25 6 6 0 20 15 10 1 6.0
43 38 31 40 39 75 40 20536 5 27 8 25 0 16 12 6 0 9 6 1 0 9 5 2 0 18 12 27 1 5.0
44 39 82 40 19 52 40 30017 3 32 25 30 0 8 6 3 0 13 8 6 1 5.0
45 35 20 40 17 54 40 15237 5 8 6 4 0 9 9 9 0 8 6 8 1 10 8 7 1 28 24 19 1 6.0
46 35 79 40 23 46 40 14014 5 8 5 5 0 21 16 5 0 13 7 4 0 9 5 2 1 10 10 17 1 4.0
47 16 45 40 45 82 40 45000 5 15 15 17 0 9 5 1 0 8 6 6 1 22 13 4 1 10 10 10 1 4.0
48 19 51 40 38 21 40 2069 2 25 8 7 0 11 8 14 0 6.0
49 56 54 40 39 26 40 5388 2 14 11 11 0 15 13 6 0 5.0
50 46 26 40 60 46 40 958 1 13 13 5 0 5.0
51 25 46 40 24 53 40 2379 2 20 12 11 0 10 10 1 0 6.0
52 63 45 40 47 30 40 10314 3 20 17 4 0 16 11 6 0 10 7 1 0 4.0
53 42 76 40 47 76 40 2069 2 19 7 11 0 8 5 3 0 5.0
54 44 69 40 58 50 40 2599 5 8 8 6 0 20 12 30 0 13 12 11 1 7 6 6 1 10 10 7 1 6.0
55 55 50 40 60 50 40 6972 3 10 10 10 0 10 9 5 0 8 6 2 0 4.0
56 63 57 40 37 81 40 4952 2 12 7 29 1 10 10 10 1 5.0
57 59 44 40 41 20 40 5092 4 48 20 7 0 15 6 13 0 21 13 7 0 16 6 23 1 6.0
58 42 27 40 26 49 40 16365 2 12 12 9 0 15 15 6 1 4.0
59 17 50 40 16 56 40 19436 4 11 8 3 0 20 17 17 0 14 14 5 0 8 8 5 1 4.0
60 42 80 40 62 49 40 4461 4 10 10 1 0 8 6 3 0 19 19 30 0 21 17 6 1 6.0
61 40 78 40 26 50 40 20048 4 9 6 6 0 15 5 11 0 15 10 4 0 11 11 7 0 4.0
62 44 23 40 16 53 40 14158 2 25 15 12 0 8 8 8 0 4.0
63 40 29 40 40 25 40 673 1 8 8 10 0 5.0
64 42 74 40 46 80 40 10538 5 14 11 6 0 22 22 17 0 8 6 4 0 8 6 2 0 18 10 5 0 6.0
65 66 52 40 67 52 40 5933 3 28 23 4 0 10 8 5 0 12 8 3 1 5.0
66 25 48 40 17 56 40 1677 1 20 8 13 0 6.0
67 40 23 40 67 57 40 15569 3 23 16 5 0 22 17 22 0 9 6 9 1 5.0
68 38 82 40 42 79 40 2931 1 11 11 9 0 4.0
69 14 56 40 17 44 40 15 1 8 5 1 0 6.0
70 47 23 40 45 25 40 16023 5 18 15 9 0 22 22 10 0 15 10 14 0 22 17 12 1 13 12 9 1 5.0
71 59 46 40 42 72 40 491 1 12 9 4 0 5.0
72 41 71 40 56 50 40 38687 5 11 9 7 0 15 15 18 0 10 10 10 0 22 17 7 0 12 8 2 1 4.0
73 62 48 40 37 69 40 2772 2 9 6 5 0 17 12 7 1 5.0
74 47 75 40 56 47 40 595 3 10 8 15 0 8 8 10 0 25 10 4 0 6.0
75 42 25 40 56 46 40 5016 1 39 6 26 0 6.0
