7     75    45000 60    25    30   
0     40    50    0     40    50    1236  0     
1 21 15 40 43 21 40 9043 5 14 11 9 0 10 8 5 0 19 11 5 0 11 7 3 0 10 8 8 1 4.0
2 43 30 40 58 20 40 3377 1 10 10 19 1 5.0
3 54 80 40 65 53 40 1477 3 9 7 7 0 12 6 2 0 18 13 12 0 6.0
4 26 50 40 55 82 40 8251 2 11 11 11 0 37 7 4 0 4.0
5 14 54 40 50 52 40 4156 5 11 11 8 0 18 14 15 0 23 8 14 0 14 12 12 0 10 8 7 0 6.0
6 31 55 40 66 57 40 8706 5 12 6 1 0 19 14 8 0 14 10 14 0 20 15 30 0 11 10 2 1 6.0
7 43 32 40 10 42 40 10810 4 18 11 18 0 22 20 5 0 14 11 3 1 21 18 5 1 5.0
8 36 72 40 34 84 40 123 1 9 7 2 0 5.0
9 53 78 40 26 18 40 19349 2 23 15 9 0 22 16 22 1 5.0
10 65 45 40 10 81 40 11476 2 16 11 5 0 11 11 11 0 4.0
11 44 30 40 24 78 40 7704 4 10 7 10 0 14 14 5 0 12 9 8 1 10 8 9 1 4.0
12 30 85 40 62 84 40 502 1 21 18 4 0 6.0
13 26 76 40 64 21 40 19777 2 11 8 5 0 23 20 6 1 4.0
14 42 30 40 25 32 40 6608 4 11 9 7 0 55 8 8 0 17 9 7 0 9 9 9 0 5.0
15 58 42 40 64 54 40 9587 3 35 19 19 0 14 9 19 0 9 6 1 1 6.0
16 10 82 40 63 73 40 2638 1 10 7 7 1 4.0
17 69 81 40 49 43 40 1347 4 15 13 4 0 35 25 3 0 15 11 4 0 16 11 11 1 6.0
18 65 75 40 47 64 40 110 1 9 6 1 0 5.0
19 65 35 40 34 66 40 45000 4 23 23 23 0 24 19 5 0 10 9 10 1 55 12 5 1 4.0
20 61 73 40 36 73 40 5792 3 16 11 5 0 23 8 14 0 11 8 8 0 5.0
21 34 56 40 22 22 40 2002 2 15 12 9 0 49 8 4 0 6.0
22 44 36 40 19 39 40 27295 5 11 8 1 0 15 13 11 0 22 15 1 0 33 8 8 0 22 22 22 1 5.0
23 20 71 40 21 76 40 656 1 18 8 2 0 4.0
24 62 21 40 12 69 40 11858 5 10 9 15 0 13 12 3 0 11 9 6 0 9 9 9 0 35 19 19 0 6.0
25 66 72 40 53 38 40 8885 2 12 12 13 0 30 17 6 0 5.0
26 35 30 40 38 57 40 2262 5 9 7 9 0 9 7 4 0 9 6 2 0 17 17 6 0 11 9 1 0 6.0
27 35 71 40 46 47 40 11012 5 15 14 11 0 48 22 8 0 19 11 7 0 14 14 1 1 21 21 5 1 6.0
28 44 16 40 27 80 40 3489 4 9 6 2 0 10 7 4 0 14 11 3 1 20 9 3 1 4.0
29 36 22 40 65 55 40 1465 3 12 10 10 0 16 16 3 0 9 7 2 0 6.0
30 67 41 40 39 67 40 235 1 9 8 9 0 6.0
31 60 69 40 40 23 40 45000 5 15 9 7 0 16 11 5 0 15 15 5 0 18 18 4 1 9 7 9 1 4.0
32 50 19 40 20 30 40 371 1 18 12 7 0 6.0
33 31 61 40 18 57 40 4007 5 18 17 4 0 9 6 4 0 12 10 9 0 11 10 5 0 20 14 15 0 6.0
34 41 31 40 29 84 40 15152 2 9 6 6 0 26 19 6 0 4.0
35 69 55 40 60 36 40 3136 5 39 24 2 0 35 10 7 0 13 9 12 0 9 7 7 1 16 11 6 1 6.0
36 16 71 40 40 33 40 1046 1 13 11 12 1 6.0
37 59 83 40 56 29 40 23617 2 10 7 5 1 22 22 21 1 4.0
38 26 28 40 43 49 40 1798 3 15 10 5 0 11 6 15 0 9 6 7 1 6.0
39 51 19 40 66 36 40 25531 4 54 16 8 0 22 22 26 0 16 16 8 1 9 6 1 1 5.0
40 68 61 40 19 54 40 8676 1 22 11 16 0 4.0
41 22 56 40 34 41 40 10434 4 17 11 9 0 18 14 7 0 11 11 16 0 19 16 11 1 5.0
42 27 21 40 40 15 40 10528 5 9 9 3 0 10 7 4 0 11 9 9 0 27 22 16 0 14 11 9 1 6.0
43 70 26 40 58 64 40 26907 5 12 9 4 0 9 8 7 0 14 9 1 0 16 11 8 0 20 17 2 1 4.0
44 62 28 40 45 60 40 4477 3 9 7 9 0 22 22 2 0 11 9 2 1 4.0
45 65 48 40 36 41 40 19480 5 14 9 16 0 10 9 8 0 19 18 17 1 20 17 17 1 18 14 15 1 5.0
46 22 38 40 67 54 40 28260 5 33 6 9 0 29 10 30 0 10 9 15 0 11 7 6 1 20 14 3 1 4.0
47 10 50 40 15 29 40 9537 5 33 12 7 0 9 6 1 0 22 11 11 1 11 11 11 1 13 9 5 1 5.0
48 15 37 40 59 43 40 8276 2 19 11 11 0 18 15 11 0 5.0
49 24 39 40 41 36 40 18723 2 14 14 8 0 16 11 11 0 4.0
50 12 31 40 60 51 40 3048 1 14 11 17 0 5.0
51 11 60 40 16 84 40 1220 2 11 8 7 0 12 12 5 0 5.0
52 24 74 40 69 27 40 14289 3 33 11 9 0 49 18 10 0 20 20 11 0 5.0
53 56 57 40 26 43 40 2248 2 11 8 4 0 15 10 5 0 5.0
54 54 21 40 38 82 40 1391 5 12 6 3 0 12 11 2 0 12 10 9 1 11 7 7 1 9 6 6 1 6.0
55 23 80 40 36 29 40 11464 3 10 8 7 0 27 18 5 0 16 10 5 0 4.0
56 46 22 40 32 31 40 35166 2 10 10 8 1 22 20 23 1 4.0
57 55 39 40 65 84 40 3075 4 14 9 3 0 15 6 14 0 39 25 9 0 9 7 7 1 6.0
58 45 41 40 51 31 40 874 2 10 6 3 0 9 9 5 1 5.0
59 59 62 40 51 37 40 9917 4 10 8 5 0 16 11 7 0 31 8 8 0 22 18 7 1 5.0
60 13 16 40 56 81 40 2665 4 10 9 8 0 14 9 5 0 10 6 2 0 12 12 2 1 5.0
61 70 16 40 23 17 40 45000 4 24 19 8 0 22 19 8 0 14 10 3 0 33 22 4 0 4.0
62 48 61 40 36 82 40 4003 2 11 11 11 0 17 11 9 0 5.0
63 60 37 40 56 40 40 397 1 10 7 4 0 5.0
64 55 80 40 36 32 40 45000 5 11 11 11 0 21 21 5 0 9 6 1 0 14 14 7 0 27 24 19 0 4.0
65 55 79 40 34 50 40 7424 3 19 8 19 0 27 18 16 0 21 9 7 1 6.0
66 62 67 40 37 24 40 1632 1 22 16 2 0 4.0
67 25 65 40 33 83 40 4248 3 29 6 4 0 16 9 16 0 16 7 3 1 5.0
68 22 18 40 42 85 40 98 1 9 6 5 0 6.0
69 14 51 40 19 29 40 6536 1 12 12 30 0 5.0
70 25 45 40 24 61 40 45000 5 11 11 11 0 27 14 27 0 26 14 8 0 9 7 5 1 13 8 7 1 4.0
71 58 36 40 11 61 40 290 1 12 12 7 0 6.0
72 28 75 40 68 45 40 2585 5 17 12 15 0 10 8 3 0 10 7 10 0 22 17 5 0 12 8 9 1 6.0
73 26 62 40 54 42 40 17380 2 11 9 4 0 20 14 14 1 4.0
74 62 55 40 21 22 40 2428 3 16 11 16 0 22 21 4 0 10 10 6 0 6.0
75 68 60 40 12 58 40 7795 1 37 19 5 0 4.0
