7     75    45000 60    25    30   
0     40    50    0     40    50    1236  0     
1 57 19 40 39 26 40 8723 1 11 11 11 0 4.0
2 58 36 40 48 60 40 8854 2 26 20 9 1 50 7 30 1 6.0
3 25 80 40 12 31 40 711 1 18 10 10 0 6.0
4 13 69 40 61 47 40 2071 3 14 8 4 0 13 7 2 0 9 6 6 1 4.0
5 26 63 40 51 57 40 929 1 12 11 9 0 6.0
6 13 43 40 55 29 40 7219 2 19 12 7 0 9 6 6 0 4.0
7 70 70 40 14 79 40 24181 3 21 15 16 0 10 6 3 0 9 8 3 1 4.0
8 52 58 40 37 49 40 2852 3 11 11 11 0 20 20 20 0 20 8 3 0 6.0
9 30 64 40 70 15 40 6632 2 12 12 16 1 12 12 7 1 5.0
10 59 34 40 10 30 40 1609 2 9 6 1 0 11 9 7 0 4.0
11 32 73 40 15 45 40 6332 2 17 17 17 0 10 8 6 1 5.0
12 39 52 40 63 84 40 2418 1 12 12 14 1 5.0
13 55 52 40 49 77 40 22638 3 14 11 11 0 59 25 2 0 17 17 17 1 4.0
14 26 36 40 61 84 40 3113 2 52 14 7 0 13 9 1 1 6.0
15 69 65 40 54 26 40 4291 3 16 14 11 0 9 9 3 0 10 6 5 1 5.0
16 43 69 40 16 19 40 9350 2 39 6 6 0 38 20 5 1 5.0
17 46 77 40 23 30 40 72 1 12 6 3 0 6.0
18 58 79 40 43 76 40 12886 3 11 10 3 0 15 8 6 0 35 25 23 1 6.0
19 34 54 40 32 43 40 2422 2 11 6 10 0 14 5 15 0 5.0
20 32 29 40 57 18 40 1157 1 28 6 6 0 5.0
21 16 52 40 50 38 40 10196 3 9 9 3 0 12 9 4 0 14 14 11 0 4.0
22 17 17 40 19 30 40 45000 1 25 25 25 1 4.0
23 45 41 40 51 51 40 4259 3 10 7 4 0 31 23 6 0 9 9 9 0 6.0
24 25 35 40 68 85 40 5025 2 14 8 8 0 31 25 11 0 6.0
25 16 23 40 57 15 40 35299 1 21 16 30 1 4.0
26 56 36 40 43 32 40 1907 2 11 10 11 0 12 8 5 0 5.0
27 28 16 40 61 62 40 18658 1 34 16 24 1 5.0
28 47 19 40 14 52 40 48 1 9 6 1 0 6.0
29 11 72 40 57 52 40 39815 3 21 8 12 0 32 19 11 0 34 23 23 0 5.0
30 47 46 40 15 39 40 26845 1 32 25 10 0 4.0
31 13 84 40 10 68 40 45000 3 34 25 5 0 28 20 19 0 34 11 12 1 4.0
32 31 63 40 12 44 40 7480 3 19 14 13 0 9 6 6 0 12 9 12 0 5.0
33 41 75 40 38 83 40 3604 2 27 11 3 0 20 17 17 0 6.0
34 63 56 40 49 50 40 18395 2 34 16 11 0 11 9 3 1 4.0
35 25 52 40 54 76 40 26994 3 9 7 2 0 37 25 20 0 14 11 10 0 5.0
36 67 85 40 47 33 40 3052 2 9 6 3 0 11 11 11 0 5.0
37 51 82 40 33 51 40 5484 1 11 10 7 0 4.0
38 67 62 40 15 22 40 6744 2 52 23 6 0 11 9 17 0 6.0
39 63 71 40 44 76 40 32924 2 21 21 6 0 33 24 12 0 4.0
40 62 52 40 59 25 40 12156 2 13 8 8 0 25 8 6 1 4.0
41 61 65 40 42 17 40 2749 3 19 13 1 0 10 10 15 0 21 11 17 0 6.0
42 62 71 40 12 70 40 533 1 10 10 10 1 6.0
43 21 34 40 40 63 40 1190 1 11 11 6 1 5.0
44 42 64 40 46 36 40 5103 3 11 8 8 0 34 8 8 0 11 11 11 1 5.0
45 59 67 40 20 51 40 1210 2 10 7 9 0 19 14 2 1 6.0
46 45 63 40 34 65 40 27987 2 16 13 7 0 20 11 30 0 4.0
47 16 28 40 55 54 40 14758 2 29 7 7 0 9 9 6 1 4.0
48 49 35 40 53 60 40 4530 3 29 25 3 0 28 11 11 0 11 6 3 1 6.0
49 69 81 40 19 79 40 8296 3 20 20 7 0 20 7 2 1 38 7 5 1 5.0
50 55 17 40 60 81 40 3879 3 23 17 3 0 14 14 9 0 9 9 6 0 5.0
51 46 29 40 21 16 40 3068 3 19 12 12 0 12 10 5 0 11 6 3 0 6.0
52 14 26 40 53 49 40 9700 3 17 12 7 0 10 9 7 0 14 10 2 1 4.0
53 51 38 40 27 73 40 7467 1 17 12 28 0 5.0
54 41 17 40 17 27 40 309 2 9 6 3 0 12 11 8 0 6.0
55 53 24 40 32 15 40 4884 1 19 19 3 0 4.0
56 11 41 40 14 21 40 5246 2 10 8 7 0 20 11 14 1 5.0
57 37 26 40 24 56 40 399 2 11 11 6 0 9 6 4 0 6.0
58 51 70 40 50 54 40 45000 2 24 19 16 0 10 10 15 0 4.0
59 48 83 40 70 43 40 6286 2 10 8 7 0 11 11 15 0 4.0
60 68 36 40 51 34 40 4292 2 19 14 12 0 23 23 18 0 6.0
61 45 54 40 47 22 40 25346 2 11 9 6 0 24 8 14 0 4.0
62 62 72 40 41 81 40 4217 2 11 11 1 0 28 7 7 0 4.0
63 31 71 40 67 81 40 4524 1 23 17 11 1 5.0
64 47 45 40 22 81 40 10002 3 31 9 28 0 19 14 7 1 10 7 2 1 6.0
65 38 37 40 32 30 40 45000 3 10 6 3 0 19 13 28 0 33 25 30 0 5.0
66 19 53 40 56 24 40 226 1 10 7 4 0 6.0
67 35 28 40 12 52 40 2065 2 15 10 7 0 10 7 5 0 5.0
68 59 80 40 69 67 40 6518 3 10 10 10 0 9 7 10 0 11 9 8 1 4.0
69 35 49 40 40 70 40 6500 2 32 25 21 0 9 6 6 0 6.0
70 48 79 40 39 65 40 2872 1 24 19 6 0 5.0
71 26 46 40 13 73 40 682 1 15 8 5 1 5.0
72 36 82 40 53 50 40 11543 2 11 6 2 0 11 11 20 1 4.0
73 18 77 40 16 30 40 9436 1 17 17 20 1 5.0
74 36 69 40 67 61 40 28 1 11 6 2 0 6.0
75 48 22 40 43 35 40 1950 2 10 7 7 0 25 15 5 1 6.0
