7     75    45000 60    25    30   
0     40    50    0     40    50    1236  0     
1 10 16 40 50 18 40 45000 4 10 10 10 0 23 18 8 0 44 6 26 1 16 9 9 1 4.0
2 12 65 40 18 63 40 1385 5 12 7 3 0 11 6 1 0 8 5 5 0 10 10 8 1 16 11 6 1 6.0
3 45 24 40 15 53 40 79 1 8 5 5 0 6.0
4 69 59 40 52 21 40 7768 3 18 13 14 0 9 5 3 0 8 7 3 1 4.0
5 63 52 40 50 36 40 5343 2 10 10 10 0 18 18 18 0 6.0
6 33 55 40 46 51 40 8843 4 18 7 2 0 10 10 14 0 11 10 6 0 8 5 1 0 4.0
7 21 27 40 33 31 40 18394 3 10 8 6 0 15 15 15 0 8 7 5 0 4.0
8 17 34 40 27 53 40 1076 3 10 10 12 0 12 10 10 0 52 25 1 0 6.0
9 26 44 40 57 49 40 6758 1 15 15 15 0 5.0
10 68 25 40 12 34 40 11241 5 46 12 6 0 11 8 1 0 14 12 9 0 8 8 2 0 9 5 4 0 4.0
11 39 57 40 66 36 40 3712 2 34 5 5 0 34 17 4 0 5.0
12 68 50 40 23 35 40 20081 5 11 5 2 0 10 9 3 0 13 7 5 1 31 25 20 1 9 5 9 1 5.0
13 31 60 40 27 26 40 3830 4 12 4 13 0 25 5 5 0 8 8 2 0 10 8 3 1 4.0
14 56 74 40 54 60 40 9234 5 12 12 10 0 22 22 22 0 9 6 3 0 27 20 5 0 8 8 8 1 6.0
15 34 28 40 65 74 40 839 1 12 7 7 1 5.0
16 48 75 40 37 58 40 23933 4 27 23 9 0 18 14 27 0 9 8 9 0 10 7 4 0 5.0
17 47 24 40 44 85 40 2946 2 30 14 21 0 8 5 1 0 6.0
18 20 22 40 26 81 40 14497 4 19 7 11 0 28 17 10 0 30 20 20 0 28 25 8 1 6.0
19 15 73 40 68 36 40 22372 5 30 25 4 0 25 18 17 0 30 9 10 0 17 12 11 0 8 5 5 0 5.0
20 57 64 40 65 59 40 6120 3 10 8 10 0 24 10 2 1 18 15 15 1 5.0
21 60 23 40 50 42 40 15126 1 30 14 10 0 4.0
22 35 49 40 43 74 40 44905 4 10 8 2 0 8 6 2 0 32 22 18 0 12 10 8 1 4.0
23 29 21 40 67 81 40 902 2 8 5 3 0 10 10 10 1 6.0
24 33 46 40 25 30 40 7818 5 10 9 6 0 46 20 5 0 10 8 15 0 18 18 5 1 29 21 11 1 6.0
25 69 25 40 28 73 40 5200 3 11 7 7 0 22 7 5 0 16 11 1 1 4.0
26 69 39 40 36 69 40 4564 3 8 8 13 0 18 10 15 0 8 8 8 1 5.0
27 11 68 40 39 25 40 715 1 10 10 5 0 5.0
28 18 77 40 57 21 40 2946 4 9 7 7 0 30 7 7 0 10 10 10 0 9 6 8 1 6.0
29 52 25 40 24 44 40 11433 5 16 12 2 0 14 11 6 0 17 10 30 1 26 6 6 1 8 8 5 1 5.0
30 63 70 40 59 61 40 6544 1 26 25 3 0 4.0
31 58 57 40 14 38 40 16730 4 25 9 10 0 10 5 2 0 17 17 6 0 17 6 1 0 4.0
32 47 71 40 46 42 40 4254 4 34 6 4 0 20 15 2 0 12 12 8 0 8 8 5 0 5.0
33 61 24 40 11 17 40 1111 1 17 11 11 0 6.0
34 69 33 40 29 56 40 1230 2 10 8 4 0 10 5 2 0 4.0
35 47 15 40 60 53 40 1984 3 15 11 6 0 8 8 6 0 12 9 1 0 5.0
36 59 71 40 10 40 40 11894 5 15 11 25 0 8 5 2 0 10 10 7 1 17 17 2 1 8 7 6 1 5.0
37 40 80 40 18 70 40 45000 4 18 10 12 0 10 10 5 0 8 5 3 1 21 16 14 1 4.0
38 10 50 40 28 60 40 633 1 8 8 13 1 6.0
39 28 20 40 61 65 40 29054 5 9 7 6 0 10 10 13 0 17 12 11 0 20 20 16 0 10 8 5 1 4.0
40 60 41 40 26 62 40 45000 5 21 7 12 0 9 9 1 0 25 6 6 0 20 15 10 0 27 8 25 1 4.0
41 14 54 40 41 18 40 3454 4 16 12 6 0 9 6 1 0 9 5 2 0 18 12 27 1 6.0
42 53 20 40 43 60 40 13306 4 32 25 30 0 8 6 3 0 13 8 6 1 8 6 4 1 6.0
43 32 44 40 29 73 40 2742 3 9 9 9 0 8 6 8 0 10 8 7 0 5.0
44 50 25 40 35 59 40 18194 4 28 24 19 0 8 5 5 0 21 16 5 0 13 7 4 1 5.0
45 64 67 40 31 72 40 1864 2 9 5 2 0 10 10 17 0 6.0
46 53 34 40 32 27 40 13288 1 15 15 17 1 4.0
47 40 38 40 70 43 40 348 1 9 5 1 0 4.0
48 18 42 40 46 23 40 3013 4 8 6 6 0 22 13 4 0 10 10 10 0 25 8 7 1 6.0
49 63 79 40 43 57 40 2318 1 11 8 14 1 5.0
50 36 53 40 26 48 40 7308 5 14 11 11 0 15 13 6 0 13 13 5 1 20 12 11 1 10 10 1 1 5.0
51 39 81 40 50 20 40 1181 1 20 17 4 0 6.0
52 16 65 40 32 52 40 4381 1 16 11 6 0 4.0
53 53 45 40 16 60 40 2161 3 10 7 1 0 19 7 11 0 8 5 3 1 5.0
54 60 40 40 67 51 40 1923 2 8 8 6 0 20 12 30 1 6.0
55 62 50 40 60 48 40 16542 4 13 12 11 0 7 6 6 0 10 10 7 0 10 10 10 0 4.0
56 50 19 40 40 35 40 787 2 10 9 5 0 8 6 2 0 5.0
57 14 36 40 34 71 40 1033 1 12 7 29 0 6.0
58 19 61 40 19 21 40 45000 3 10 10 10 0 49 20 7 0 15 6 13 1 4.0
59 57 67 40 37 27 40 17904 4 21 13 7 0 16 6 23 1 12 12 9 1 15 15 6 1 4.0
60 51 70 40 61 42 40 2513 5 11 8 3 0 20 17 17 0 14 14 5 0 8 8 5 1 10 10 1 1 6.0
61 35 20 40 34 49 40 45000 2 8 6 3 0 19 19 30 1 4.0
62 34 56 40 46 18 40 6051 1 21 17 6 1 4.0
63 56 40 40 65 15 40 7463 5 9 6 6 0 15 5 11 0 15 10 4 0 11 11 7 1 25 15 12 1 5.0
64 31 24 40 48 58 40 10697 5 8 8 8 0 8 8 10 0 14 11 6 0 22 22 17 0 8 6 4 1 6.0
65 54 33 40 46 54 40 1811 2 8 6 2 0 18 10 5 0 5.0
66 69 75 40 58 44 40 2400 2 28 23 4 0 10 8 5 1 6.0
67 52 55 40 70 39 40 6208 3 12 8 3 0 20 8 13 0 23 16 5 0 5.0
68 69 69 40 58 63 40 26490 4 22 17 22 0 9 6 9 0 11 11 9 0 8 5 1 0 4.0
69 59 78 40 10 23 40 922 1 18 15 9 0 6.0
70 10 51 40 70 77 40 5081 1 22 22 10 0 5.0
71 46 72 40 13 69 40 7490 2 15 10 14 0 22 17 12 0 5.0
72 66 61 40 60 19 40 29758 4 13 12 9 0 12 9 4 0 11 9 7 0 15 15 18 0 4.0
73 58 67 40 62 32 40 6661 4 10 10 10 0 22 17 7 0 12 8 2 0 9 6 5 0 5.0
74 52 32 40 14 81 40 894 4 17 12 7 0 10 8 15 0 8 8 10 0 25 10 4 0 6.0
75 51 44 40 31 71 40 5016 1 39 6 26 0 6.0
