7     75    45000 60    25    30   
0     40    50    0     40    50    1236  0     
1 24 48 40 26 45 40 2767 3 13 11 5 0 9 5 1 1 9 8 9 1 4.0
2 47 69 40 38 30 40 7881 5 8 8 5 0 15 15 15 0 9 8 14 0 8 5 1 0 13 13 8 0 5.0
3 19 47 40 42 26 40 15751 2 32 24 23 0 15 15 5 1 6.0
4 42 79 40 35 70 40 45000 4 27 17 7 0 22 17 5 0 22 18 5 1 17 17 5 1 4.0
5 67 49 40 25 52 40 179 2 11 6 4 0 8 8 5 0 6.0
6 43 27 40 40 26 40 10306 5 10 9 25 0 10 8 2 0 20 14 26 0 49 23 2 1 9 9 1 1 6.0
7 56 57 40 25 51 40 2156 5 8 5 3 0 10 10 10 0 22 15 2 0 10 10 8 1 10 6 2 1 6.0
8 60 49 40 65 46 40 5137 3 9 5 2 0 15 15 20 0 22 22 14 1 6.0
9 35 20 40 43 22 40 24405 2 31 23 13 0 8 8 2 1 4.0
10 37 75 40 60 56 40 2139 1 11 7 8 0 4.0
11 17 47 40 34 28 40 8020 4 8 7 8 0 10 10 10 0 30 20 4 0 25 25 3 1 5.0
12 61 44 40 63 50 40 1689 1 20 16 3 1 4.0
13 40 30 40 55 50 40 21796 4 10 10 10 0 18 18 20 0 8 6 4 0 18 4 5 0 4.0
14 63 51 40 43 31 40 3350 5 27 6 8 0 9 6 10 0 9 6 1 0 11 11 11 0 8 7 6 0 6.0
15 17 49 40 41 70 40 1349 4 12 8 12 0 7 6 4 0 10 8 6 0 8 8 2 0 6.0
16 34 73 40 40 22 40 2085 1 20 15 5 0 5.0
17 58 56 40 20 47 40 1592 3 12 8 6 0 9 7 9 0 12 11 13 1 6.0
18 40 32 40 40 81 40 9600 5 11 9 8 0 12 11 12 0 10 10 10 0 26 22 11 0 9 8 6 0 6.0
19 35 79 40 59 47 40 1803 1 8 5 5 1 4.0
20 39 80 40 45 30 40 14797 4 15 15 10 0 17 13 10 0 52 21 7 0 8 6 7 0 5.0
21 45 82 40 64 46 40 8584 4 20 12 11 0 12 12 20 0 8 5 5 0 26 21 2 1 5.0
22 67 55 40 66 57 40 392 1 27 10 3 0 6.0
23 47 77 40 37 82 40 1467 4 6 5 5 0 11 8 6 0 26 8 26 1 24 8 3 1 6.0
24 63 54 40 19 52 40 180 1 10 8 3 0 6.0
25 62 46 40 14 57 40 5111 4 8 6 6 0 10 7 5 0 10 7 7 0 8 7 7 0 4.0
26 36 29 40 43 26 40 8083 5 10 8 5 0 8 5 1 0 25 20 4 0 12 12 5 0 17 17 5 1 5.0
27 60 45 40 41 75 40 775 1 25 5 5 0 5.0
28 23 50 40 46 81 40 43677 1 18 18 23 1 4.0
29 65 44 40 35 25 40 2704 4 18 10 8 0 9 8 2 0 10 10 12 0 9 8 7 0 6.0
30 19 46 40 27 51 40 2771 3 8 6 10 0 8 8 7 0 12 12 11 0 5.0
31 42 80 40 36 79 40 8892 4 14 8 2 0 15 15 5 0 15 10 15 0 11 7 1 1 4.0
32 39 82 40 46 27 40 6533 5 8 8 8 0 9 8 4 0 8 5 7 0 50 5 10 1 8 8 8 1 5.0
33 34 74 40 62 51 40 19147 4 37 25 10 0 14 9 1 0 18 14 10 1 30 20 10 1 5.0
34 56 51 40 34 30 40 2975 1 19 19 6 1 5.0
35 41 76 40 58 54 40 12220 5 21 17 8 0 15 15 15 0 23 11 9 0 15 10 9 0 37 9 6 1 5.0
36 46 25 40 34 26 40 373 2 15 15 2 0 10 9 2 1 6.0
37 59 44 40 43 69 40 18389 5 8 8 8 0 35 17 8 0 14 12 8 0 20 20 16 0 8 7 15 0 5.0
38 64 53 40 27 57 40 595 1 11 8 4 0 5.0
39 38 76 40 26 54 40 2013 2 9 7 4 0 21 7 12 1 6.0
40 38 70 40 38 24 40 14273 4 16 12 6 0 13 10 8 1 9 8 8 1 25 20 10 1 4.0
41 18 49 40 44 19 40 12035 5 15 15 15 0 12 12 12 0 17 17 5 0 23 23 30 1 8 8 8 1 6.0
42 39 81 40 55 47 40 15410 2 22 10 20 0 16 11 18 0 4.0
43 21 54 40 40 28 40 8307 1 26 25 3 1 4.0
44 34 69 40 47 74 40 6373 3 8 6 2 0 52 25 6 1 16 9 22 1 6.0
45 65 45 40 47 70 40 411 4 10 7 12 0 8 5 4 0 9 5 2 0 11 9 7 0 6.0
46 61 53 40 58 44 40 20046 4 11 11 7 0 13 10 8 0 20 20 10 0 8 5 5 1 4.0
47 41 26 40 18 51 40 6284 5 16 16 18 0 9 5 2 0 15 6 5 0 17 13 10 0 13 6 3 1 6.0
48 40 27 40 65 57 40 16665 4 9 5 12 0 15 15 15 0 36 25 11 0 10 8 10 0 5.0
49 17 48 40 41 69 40 7606 3 9 5 3 0 8 8 2 1 12 12 16 1 4.0
50 37 29 40 46 26 40 2095 3 9 6 2 0 10 10 10 0 13 10 9 0 6.0
51 16 55 40 36 27 40 5006 4 19 14 15 0 20 12 5 0 10 8 1 1 10 8 5 1 6.0
52 35 21 40 42 72 40 8856 5 10 9 12 0 9 8 4 1 12 5 4 1 10 10 11 1 11 7 6 1 4.0
53 38 81 40 24 54 40 917 2 12 10 7 0 9 5 4 1 6.0
54 46 69 40 39 75 40 45000 3 25 12 27 0 21 10 5 0 28 24 19 0 4.0
55 23 45 40 57 47 40 2084 1 9 6 9 0 4.0
56 19 57 40 46 77 40 462 1 10 7 5 0 5.0
57 40 21 40 16 44 40 7656 2 30 21 8 0 8 8 8 1 5.0
58 60 51 40 45 70 40 21564 4 41 25 3 0 8 5 1 0 22 18 13 0 13 8 6 1 4.0
59 56 53 40 39 26 40 4699 2 46 8 30 0 16 8 5 0 6.0
60 37 19 40 39 27 40 3813 2 16 10 10 0 23 17 5 0 5.0
61 39 72 40 21 51 40 45000 2 12 9 2 0 23 12 12 0 4.0
62 14 46 40 54 51 40 8971 4 26 18 10 0 8 8 8 0 40 8 8 0 8 6 2 0 5.0
63 34 21 40 54 44 40 11382 3 8 8 3 0 15 8 6 0 26 15 21 0 5.0
64 20 50 40 17 52 40 14095 4 8 8 5 0 20 15 2 0 15 15 5 0 19 6 5 1 4.0
65 27 56 40 21 50 40 26972 5 8 5 13 0 15 8 6 0 23 13 30 0 13 12 9 0 20 14 18 1 5.0
66 44 69 40 40 74 40 303 1 8 5 4 0 4.0
67 43 71 40 56 50 40 23942 2 35 10 10 0 12 7 3 0 4.0
68 26 47 40 54 47 40 13206 4 11 7 7 0 20 15 2 0 49 25 2 0 35 17 10 0 5.0
69 59 57 40 54 49 40 7919 3 16 11 11 0 15 7 22 0 10 10 3 1 5.0
70 39 21 40 43 20 40 11299 4 16 10 6 0 9 9 9 0 17 16 14 1 11 10 6 1 4.0
71 19 56 40 45 27 40 966 1 30 7 7 0 6.0
72 56 55 40 24 49 40 14978 3 13 9 8 0 10 7 3 0 17 17 25 1 4.0
73 24 52 40 24 51 40 11743 2 22 17 12 0 20 19 6 0 5.0
74 17 44 40 19 50 40 258 1 15 8 2 0 5.0
75 45 74 40 41 31 40 1254 1 33 11 10 0 6.0
