7     75    45000 60    25    30   
0     40    50    0     40    50    1236  0     
1 10 16 40 50 18 40 7480 4 14 11 9 0 10 8 5 0 19 11 5 1 11 7 3 1 4.0
2 12 65 40 18 63 40 11284 5 10 8 8 0 10 10 19 0 9 7 7 0 13 6 2 1 19 13 13 1 5.0
3 45 24 40 15 53 40 579 1 11 11 11 0 6.0
4 69 59 40 52 21 40 20162 3 37 7 4 0 11 11 8 0 18 14 15 1 4.0
5 63 52 40 50 36 40 2075 2 23 8 14 0 14 13 13 0 6.0
6 33 55 40 46 51 40 3075 4 10 8 7 0 13 6 1 0 19 14 8 0 14 10 14 0 6.0
7 21 27 40 33 31 40 17570 3 20 15 30 0 11 10 2 0 19 11 19 0 5.0
8 17 34 40 27 53 40 4451 3 22 20 5 0 14 11 3 0 21 18 5 0 5.0
9 26 44 40 57 49 40 225 1 9 7 2 0 5.0
10 68 25 40 12 34 40 45000 5 23 15 9 0 22 16 22 0 16 11 5 0 11 11 11 0 10 7 10 0 4.0
11 39 57 40 66 36 40 4522 2 14 14 5 0 13 9 8 0 4.0
12 68 50 40 23 35 40 2035 5 10 8 9 0 21 18 4 0 11 8 5 1 23 20 6 1 11 9 7 1 6.0
13 31 60 40 27 26 40 45000 4 55 8 8 0 17 9 7 0 9 9 9 0 35 19 19 1 4.0
14 56 74 40 54 60 40 6971 5 14 9 19 0 9 6 1 0 10 7 7 0 15 13 4 0 35 25 3 1 5.0
15 34 28 40 65 74 40 420 1 15 11 4 1 6.0
16 48 75 40 37 58 40 45000 4 16 11 11 0 9 6 1 0 23 23 23 0 25 19 5 0 4.0
17 47 24 40 44 85 40 956 2 10 9 10 0 56 12 5 0 6.0
18 20 22 40 26 81 40 12090 4 16 11 5 0 23 8 14 0 11 8 8 0 15 13 9 1 5.0
19 15 73 40 68 36 40 45000 5 49 8 4 0 11 8 1 0 15 13 11 0 22 15 1 0 33 8 8 0 4.0
20 57 64 40 65 59 40 17128 3 22 22 22 0 19 8 2 1 10 9 15 1 5.0
21 60 23 40 50 42 40 318 1 13 13 3 0 6.0
22 35 49 40 43 74 40 28476 4 11 9 6 0 9 9 9 0 35 19 19 0 13 12 13 1 5.0
23 29 21 40 67 81 40 8489 2 31 17 6 0 9 7 9 1 4.0
24 33 46 40 25 30 40 3385 5 9 7 4 0 9 6 2 0 17 17 6 0 11 9 1 1 15 14 11 1 6.0
25 69 25 40 28 73 40 18526 3 49 22 8 0 19 11 7 0 14 14 1 1 5.0
26 69 39 40 36 69 40 2125 3 21 21 5 0 9 6 2 0 10 7 4 1 6.0
27 11 68 40 39 25 40 348 1 14 11 3 0 6.0
28 18 77 40 57 21 40 6612 4 20 9 3 0 12 10 10 0 16 16 3 0 9 7 2 1 4.0
29 52 25 40 24 44 40 3527 5 9 8 9 0 15 9 7 0 16 11 5 1 15 15 5 1 19 19 4 1 6.0
30 63 70 40 59 61 40 205 1 9 7 9 0 6.0
31 58 57 40 14 38 40 45000 4 18 12 7 0 19 17 4 0 9 6 4 0 12 10 9 0 4.0
32 47 71 40 46 42 40 1970 4 11 10 5 0 20 14 15 0 9 6 6 0 26 19 6 0 6.0
33 61 24 40 11 17 40 1032 1 39 24 2 0 6.0
34 69 33 40 29 56 40 17761 2 35 10 7 0 13 9 12 0 4.0
35 47 15 40 60 53 40 1457 3 9 7 7 0 16 11 6 0 13 11 13 0 6.0
36 59 71 40 10 40 40 7700 5 10 7 5 0 22 22 21 0 15 10 5 1 11 6 15 1 9 6 7 1 6.0
37 40 80 40 18 70 40 45000 4 55 16 8 0 22 22 26 0 16 16 8 1 9 6 1 1 4.0
38 10 50 40 28 60 40 3287 1 22 11 16 1 6.0
39 28 20 40 61 65 40 10719 5 17 11 9 0 19 14 7 0 11 11 16 0 19 16 11 0 9 9 3 1 5.0
40 60 41 40 26 62 40 28073 5 10 7 4 0 11 9 9 0 27 22 16 0 14 11 9 0 13 9 4 1 4.0
41 14 54 40 41 18 40 3250 4 9 8 7 0 14 9 1 0 16 11 8 0 20 17 2 1 5.0
42 53 20 40 43 60 40 3208 4 9 7 9 0 22 22 2 0 11 9 2 1 14 9 16 1 6.0
43 32 44 40 29 73 40 45000 3 10 9 8 0 19 18 17 0 20 17 17 0 4.0
44 50 25 40 35 59 40 40335 4 18 14 15 0 33 6 9 0 29 10 30 0 10 9 15 1 4.0
45 64 67 40 31 72 40 1400 2 11 7 6 0 20 14 3 0 5.0
46 53 34 40 32 27 40 6461 1 33 13 7 1 4.0
47 40 38 40 70 43 40 70 1 9 6 1 0 5.0
48 18 42 40 46 23 40 10801 4 22 11 11 0 11 11 11 0 13 9 5 0 19 11 11 1 5.0
49 63 79 40 43 57 40 15870 1 18 15 11 1 4.0
50 36 53 40 26 48 40 8828 5 14 14 8 0 16 11 11 0 14 11 17 1 11 8 7 1 13 13 5 1 5.0
51 39 81 40 50 20 40 2984 1 33 11 9 0 5.0
52 16 65 40 32 52 40 7800 1 50 18 10 0 5.0
53 53 45 40 16 60 40 11223 3 20 20 11 0 11 8 4 0 15 10 5 1 5.0
54 60 40 40 67 51 40 299 2 13 6 3 0 13 11 2 1 6.0
55 62 50 40 60 48 40 7843 4 13 10 9 0 11 7 7 0 9 6 6 0 10 8 7 0 4.0
56 50 19 40 40 35 40 10402 2 27 18 5 0 16 10 5 0 4.0
57 14 36 40 34 71 40 227 1 10 10 8 0 6.0
58 19 61 40 19 21 40 17568 3 22 20 23 0 14 9 3 0 15 6 14 1 5.0
59 57 67 40 37 27 40 15215 4 39 25 9 0 9 7 7 1 10 6 3 1 9 9 5 1 5.0
60 51 70 40 61 42 40 11009 5 10 8 5 0 16 11 7 0 31 8 8 0 22 19 7 1 10 9 8 1 5.0
61 35 20 40 34 49 40 3435 2 14 9 5 0 10 6 2 1 4.0
62 34 56 40 46 18 40 449 1 13 13 2 1 5.0
63 56 40 40 65 15 40 16724 5 25 19 8 0 22 19 8 0 14 10 3 0 33 22 4 1 11 11 11 1 5.0
64 31 24 40 48 58 40 22592 5 17 11 9 0 10 7 4 0 11 11 11 0 21 21 5 0 9 6 1 1 4.0
65 54 33 40 46 54 40 8792 2 14 14 7 0 27 25 19 0 6.0
66 69 75 40 58 44 40 24723 2 19 8 19 0 27 18 16 1 4.0
67 52 55 40 70 39 40 3468 3 21 9 7 0 22 16 2 0 29 6 4 0 5.0
68 69 69 40 58 63 40 2618 4 16 9 16 0 16 7 3 0 9 6 5 0 12 12 30 0 6.0
69 59 78 40 10 23 40 2014 1 11 11 11 0 5.0
70 10 51 40 70 77 40 39096 1 27 14 27 0 4.0
71 46 72 40 13 69 40 929 2 26 14 8 0 9 7 5 0 6.0
72 66 61 40 60 19 40 2031 4 13 8 7 0 12 12 7 0 17 13 15 0 10 8 3 0 6.0
73 58 67 40 62 32 40 15423 4 10 7 10 0 22 17 5 0 12 8 9 0 11 9 4 0 4.0
74 52 32 40 14 81 40 4237 4 20 14 14 0 16 11 16 0 22 21 4 0 10 10 6 0 6.0
75 51 44 40 31 71 40 7795 1 37 19 5 0 4.0
