7     75    45000 60    25    30   
0     40    50    0     40    50    1236  0     
1 24 45 40 13 33 40 45000 5 10 10 10 0 23 18 8 0 44 6 26 0 16 9 9 0 12 7 3 1 4.0
2 40 79 40 69 26 40 38 1 11 6 1 1 6.0
3 45 25 40 10 68 40 812 3 8 5 5 0 10 10 8 0 16 11 6 0 6.0
4 14 42 40 12 81 40 7545 2 8 5 5 0 18 13 14 0 4.0
5 14 48 40 72 33 40 5777 5 9 5 3 0 8 7 3 0 10 10 10 0 18 18 18 0 18 7 2 0 6.0
6 42 34 40 22 76 40 22390 5 10 10 14 0 11 10 6 0 8 5 1 0 10 8 6 0 15 15 15 1 4.0
7 49 67 40 20 34 40 17704 4 8 7 5 0 10 10 12 0 12 10 10 1 52 25 1 1 4.0
8 35 32 40 23 72 40 981 1 15 15 15 0 6.0
9 32 80 40 23 23 40 6808 2 46 12 6 0 11 8 1 1 5.0
10 44 74 40 17 67 40 3532 2 14 12 9 0 8 8 2 0 4.0
11 16 46 40 11 33 40 4053 4 9 5 4 0 34 5 5 0 34 17 4 1 11 5 2 1 5.0
12 49 26 40 68 69 40 324 1 10 9 3 0 5.0
13 42 35 40 64 80 40 37793 2 13 7 5 0 31 25 20 1 4.0
14 34 29 40 63 26 40 1064 4 9 5 9 0 12 4 13 0 25 5 5 0 8 8 2 0 6.0
15 40 73 40 11 83 40 17592 3 10 8 3 0 12 12 10 0 22 22 22 1 5.0
16 69 59 40 60 28 40 291 1 9 6 3 1 5.0
17 36 71 40 67 71 40 3122 4 27 20 5 0 8 8 8 0 12 7 7 0 27 23 9 1 6.0
18 16 51 40 65 68 40 4141 1 18 14 27 0 6.0
19 35 66 40 14 26 40 13865 4 9 8 9 0 10 7 4 0 30 14 21 1 8 5 1 1 5.0
20 44 81 40 69 67 40 20925 3 19 7 11 0 28 17 10 0 30 20 20 0 5.0
21 60 48 40 21 30 40 30973 2 28 25 8 0 30 25 4 0 4.0
22 57 58 40 24 35 40 43954 5 25 18 17 0 30 9 10 0 17 12 11 0 8 5 5 0 10 8 10 1 4.0
23 21 57 40 21 21 40 387 1 24 10 2 0 6.0
24 43 19 40 15 29 40 11295 5 18 15 15 0 30 14 10 0 10 8 2 0 8 6 2 0 32 22 18 0 6.0
25 43 34 40 19 18 40 3782 2 12 10 8 0 8 5 3 0 4.0
26 43 18 40 64 35 40 10112 5 10 10 10 0 10 9 6 0 46 20 5 0 10 8 15 0 18 18 5 0 5.0
27 42 68 40 69 24 40 12884 5 29 21 11 0 11 7 7 0 22 7 5 0 16 11 1 1 8 8 13 1 5.0
28 60 42 40 12 21 40 3660 4 18 10 15 0 8 8 8 0 10 10 5 1 9 7 7 1 6.0
29 38 29 40 12 72 40 4329 3 30 7 7 0 10 10 10 0 9 6 8 0 5.0
30 32 25 40 10 26 40 1289 1 16 12 2 0 4.0
31 37 21 40 73 79 40 36888 5 14 11 6 0 17 10 30 0 26 6 6 0 8 8 5 1 26 25 3 1 4.0
32 60 43 40 16 23 40 3314 1 25 9 10 0 5.0
33 45 27 40 57 79 40 1811 5 10 5 2 0 17 17 6 0 17 6 1 0 34 6 4 0 20 15 2 0 6.0
34 38 73 40 68 78 40 4311 2 12 12 8 0 8 8 5 0 4.0
35 68 58 40 73 73 40 5155 5 17 11 11 0 10 8 4 0 10 5 2 0 15 11 6 1 8 8 6 1 5.0
36 49 29 40 70 83 40 221 1 12 9 1 1 5.0
37 71 53 40 56 30 40 29947 2 15 11 25 1 8 5 2 1 4.0
38 12 42 40 24 83 40 1229 3 10 10 7 0 17 17 2 0 8 7 6 1 6.0
39 63 46 40 62 33 40 20280 4 18 10 12 0 10 10 5 0 8 5 3 1 21 16 14 1 4.0
40 8 54 40 69 33 40 4977 1 8 8 13 0 4.0
41 56 54 40 24 75 40 5002 4 9 7 6 0 10 10 13 0 17 12 11 0 20 20 16 1 6.0
42 69 53 40 61 76 40 3276 5 10 8 5 0 21 7 12 0 9 9 1 0 25 6 6 0 20 15 10 1 6.0
43 64 47 40 67 72 40 20536 5 27 8 25 0 16 12 6 0 9 6 1 0 9 5 2 0 18 12 27 1 5.0
44 10 55 40 15 68 40 30017 3 32 25 30 0 8 6 3 0 13 8 6 1 5.0
45 56 45 40 18 81 40 15237 5 8 6 4 0 9 9 9 0 8 6 8 1 10 8 7 1 28 24 19 1 6.0
46 10 49 40 25 25 40 14014 5 8 5 5 0 21 16 5 0 13 7 4 0 9 5 2 1 10 10 17 1 4.0
47 69 58 40 58 26 40 45000 5 15 15 17 0 9 5 1 0 8 6 6 1 22 13 4 1 10 10 10 1 4.0
48 21 44 40 13 21 40 2069 2 25 8 7 0 11 8 14 0 6.0
49 45 26 40 16 83 40 5388 2 14 11 11 0 15 13 6 0 5.0
50 40 66 40 64 67 40 958 1 13 13 5 0 5.0
51 9 44 40 13 73 40 2379 2 20 12 11 0 10 10 1 0 6.0
52 16 55 40 66 80 40 10314 3 20 17 4 0 16 11 6 0 10 7 1 0 4.0
53 58 55 40 64 19 40 2069 2 19 7 11 0 8 5 3 0 5.0
54 65 44 40 59 72 40 2599 5 8 8 6 0 20 12 30 0 13 12 11 1 7 6 6 1 10 10 7 1 6.0
55 12 43 40 61 74 40 6972 3 10 10 10 0 10 9 5 0 8 6 2 0 4.0
56 21 50 40 67 32 40 4952 2 12 7 29 1 10 10 10 1 5.0
57 47 27 40 56 19 40 5092 4 48 20 7 0 15 6 13 0 21 13 7 0 16 6 23 1 6.0
58 48 78 40 67 28 40 16365 2 12 12 9 0 15 15 6 1 4.0
59 64 58 40 65 28 40 19436 4 11 8 3 0 20 17 17 0 14 14 5 0 8 8 5 1 4.0
60 40 78 40 73 28 40 4461 4 10 10 1 0 8 6 3 0 19 19 30 0 21 17 6 1 6.0
61 32 81 40 10 81 40 20048 4 9 6 6 0 15 5 11 0 15 10 4 0 11 11 7 0 4.0
62 58 50 40 8 18 40 14158 2 25 15 12 0 8 8 8 0 4.0
63 45 20 40 11 30 40 673 1 8 8 10 0 5.0
64 12 48 40 57 68 40 10538 5 14 11 6 0 22 22 17 0 8 6 4 0 8 6 2 0 18 10 5 0 6.0
65 39 66 40 25 32 40 5933 3 28 23 4 0 10 8 5 0 12 8 3 1 5.0
66 72 59 40 14 72 40 1677 1 20 8 13 0 6.0
67 17 52 40 67 25 40 15569 3 23 16 5 0 22 17 22 0 9 6 9 1 5.0
68 36 77 40 22 66 40 2931 1 11 11 9 0 4.0
69 20 49 40 17 20 40 15 1 8 5 1 0 6.0
70 60 50 40 73 77 40 16023 5 18 15 9 0 22 22 10 0 15 10 14 0 22 17 12 1 13 12 9 1 5.0
71 38 66 40 17 74 40 491 1 12 9 4 0 5.0
72 38 26 40 63 72 40 38687 5 11 9 7 0 15 15 18 0 10 10 10 0 22 17 7 0 12 8 2 1 4.0
73 40 68 40 57 27 40 2772 2 9 6 5 0 17 12 7 1 5.0
74 32 73 40 20 78 40 595 3 10 8 15 0 8 8 10 0 25 10 4 0 6.0
75 11 43 40 13 74 40 5016 1 39 6 26 0 6.0
