7     75    45000 60    25    30   
0     40    50    0     40    50    1236  0     
1 24 45 40 13 33 40 10027 5 13 11 5 0 9 5 1 0 9 8 9 0 8 8 5 0 15 15 15 1 4.0
2 40 79 40 69 26 40 1303 1 9 8 14 1 5.0
3 45 25 40 10 68 40 15975 3 8 5 1 0 13 13 8 0 32 24 23 0 6.0
4 14 42 40 12 81 40 45000 2 15 15 5 0 27 17 7 0 4.0
5 14 48 40 72 33 40 1805 5 22 17 5 0 22 18 5 0 17 17 5 0 11 6 4 0 8 8 5 0 6.0
6 42 34 40 22 76 40 10306 5 10 9 25 0 10 8 2 0 20 14 26 0 49 23 2 0 9 9 1 1 6.0
7 49 67 40 20 34 40 2060 4 8 5 3 0 10 10 10 0 22 15 2 1 10 10 8 1 6.0
8 35 32 40 23 72 40 54 1 10 6 2 0 6.0
9 32 80 40 23 23 40 11921 2 9 5 2 0 15 15 20 1 4.0
10 44 74 40 17 67 40 45000 2 22 22 14 0 31 23 13 0 4.0
11 16 46 40 11 33 40 3072 4 8 8 2 0 11 7 8 0 8 7 8 1 10 10 10 1 5.0
12 49 26 40 68 69 40 4223 1 30 20 4 0 4.0
13 42 35 40 64 80 40 7693 2 25 25 3 0 20 16 3 1 4.0
14 34 29 40 63 26 40 7564 4 10 10 10 0 18 18 20 0 8 6 4 0 18 4 5 0 6.0
15 40 73 40 11 83 40 1322 3 27 6 8 0 9 6 10 0 9 6 1 1 6.0
16 69 59 40 60 28 40 1850 1 11 11 11 1 5.0
17 36 71 40 67 71 40 1189 4 8 7 6 0 12 8 12 0 7 6 4 0 10 8 6 1 6.0
18 16 51 40 65 68 40 122 1 8 8 2 0 6.0
19 35 66 40 14 26 40 39296 4 20 15 5 0 12 8 6 0 9 7 9 1 12 11 13 1 4.0
20 44 81 40 69 67 40 4016 3 11 9 8 0 12 11 12 0 10 10 10 0 5.0
21 60 48 40 21 30 40 8473 2 26 22 11 0 9 8 6 0 5.0
22 57 58 40 24 35 40 6114 5 8 5 5 0 15 15 10 0 17 13 10 0 52 21 7 0 8 6 7 1 6.0
23 21 57 40 21 21 40 581 1 20 12 11 0 6.0
24 43 19 40 15 29 40 3855 5 12 12 20 0 8 5 5 0 26 21 2 0 27 10 3 0 6 5 5 0 6.0
25 43 34 40 19 18 40 19962 2 11 8 6 0 26 8 26 0 4.0
26 43 18 40 64 35 40 3412 5 24 8 3 0 10 8 3 0 8 6 6 0 10 7 5 0 10 7 7 0 5.0
27 42 68 40 69 24 40 4404 5 8 7 7 0 10 8 5 0 8 5 1 0 25 20 4 1 12 12 5 1 5.0
28 60 42 40 12 21 40 45000 4 17 17 5 0 25 5 5 0 18 18 23 1 18 10 8 1 4.0
29 38 29 40 12 72 40 1520 3 9 8 2 0 10 10 12 0 9 8 7 0 6.0
30 32 25 40 10 26 40 530 1 8 6 10 0 5.0
31 37 21 40 73 79 40 13621 5 8 8 7 0 12 12 11 0 14 8 2 0 15 15 5 1 15 10 15 1 4.0
32 60 43 40 16 23 40 123 1 11 7 1 0 5.0
33 45 27 40 57 79 40 4324 5 8 8 8 0 9 8 4 0 8 5 7 0 49 5 10 0 8 8 8 0 5.0
34 38 73 40 68 78 40 12879 2 37 25 10 0 14 9 1 0 5.0
35 68 58 40 73 73 40 17437 5 18 14 10 0 30 20 10 0 19 19 6 0 21 17 8 1 15 15 15 1 5.0
36 49 29 40 70 83 40 1349 1 23 11 9 1 6.0
37 71 53 40 56 30 40 4443 2 15 10 9 1 37 9 6 1 5.0
38 12 42 40 24 83 40 1931 3 15 15 2 0 10 9 2 0 8 8 8 1 5.0
39 63 46 40 62 33 40 13324 4 35 17 8 0 14 12 8 0 20 20 16 1 8 7 15 1 6.0
40 8 54 40 69 33 40 647 1 11 8 4 0 4.0
41 56 54 40 24 75 40 2209 4 9 7 4 0 21 7 12 0 16 12 6 0 13 10 8 1 6.0
42 69 53 40 61 76 40 24688 5 9 8 8 0 25 20 10 0 15 15 15 0 12 12 12 0 17 17 5 1 4.0
43 64 47 40 67 72 40 45000 5 23 23 30 0 8 8 8 0 22 10 20 0 16 11 18 0 26 25 3 1 4.0
44 10 55 40 15 68 40 6373 3 8 6 2 0 52 25 6 0 16 9 22 1 6.0
45 56 45 40 18 81 40 606 5 10 7 12 0 8 5 4 0 9 5 2 1 11 9 7 1 11 11 7 1 6.0
46 10 49 40 25 25 40 32729 5 13 10 8 0 20 20 10 0 8 5 5 0 16 16 18 1 9 5 2 1 4.0
47 69 58 40 58 26 40 5635 5 15 6 5 0 17 13 10 0 13 6 3 1 9 5 12 1 15 15 15 1 6.0
48 21 44 40 13 21 40 12201 2 36 25 11 0 10 8 10 0 5.0
49 45 26 40 16 83 40 779 2 9 5 3 0 8 8 2 0 4.0
50 40 66 40 64 67 40 2119 1 12 12 16 0 6.0
51 9 44 40 13 73 40 978 2 9 6 2 0 10 10 10 0 6.0
52 16 55 40 66 80 40 17769 3 13 10 9 0 19 14 15 0 20 12 5 0 4.0
53 58 55 40 64 19 40 431 2 10 8 1 0 10 8 5 0 6.0
54 65 44 40 59 72 40 9198 5 10 9 12 0 9 8 4 0 12 5 4 1 10 10 11 1 11 7 6 1 4.0
55 12 43 40 61 74 40 39115 3 12 10 7 0 9 5 4 0 25 12 27 0 4.0
56 21 50 40 67 32 40 18240 2 21 10 5 1 28 24 19 1 5.0
57 47 27 40 56 19 40 8809 4 9 6 9 0 10 7 5 0 30 21 8 0 8 8 8 1 5.0
58 48 78 40 67 28 40 7558 2 41 25 3 0 8 5 1 1 4.0
59 64 58 40 65 28 40 6924 4 22 18 13 0 13 8 6 0 45 8 30 0 16 8 5 1 6.0
60 40 78 40 73 28 40 7597 4 16 10 10 0 23 17 5 0 12 9 2 0 23 12 12 1 5.0
61 32 81 40 10 81 40 45000 4 26 18 10 0 8 8 8 0 40 8 8 0 8 6 2 0 4.0
62 58 50 40 8 18 40 1042 2 8 8 3 0 15 8 6 0 5.0
63 45 20 40 11 30 40 10241 1 26 15 21 0 5.0
64 12 48 40 57 68 40 16898 5 8 8 5 0 20 15 2 0 15 15 5 0 19 6 5 0 8 5 13 0 4.0
65 39 66 40 25 32 40 17967 3 15 8 6 0 23 13 30 0 13 12 9 1 5.0
66 72 59 40 14 72 40 9529 1 20 14 18 0 4.0
67 17 52 40 67 25 40 24963 3 8 5 4 0 35 10 10 0 12 7 3 1 4.0
68 36 77 40 22 66 40 746 1 11 7 7 0 5.0
69 20 49 40 17 20 40 1045 1 20 15 2 0 5.0
70 60 50 40 73 77 40 23757 5 49 25 2 0 35 17 10 0 16 11 11 0 15 7 22 1 10 10 3 1 4.0
71 38 66 40 17 74 40 631 1 16 10 6 0 6.0
72 38 26 40 63 72 40 13604 5 9 9 9 0 17 16 14 0 11 10 6 0 30 7 7 0 13 9 8 1 4.0
73 40 68 40 57 27 40 12900 2 10 7 3 0 17 17 25 1 5.0
74 32 73 40 20 78 40 7532 3 22 17 12 0 20 19 6 0 15 8 2 0 5.0
75 11 43 40 13 74 40 1254 1 33 11 10 0 6.0
