7     75    45000 60    25    30   
0     40    50    0     40    50    1236  0     
1 24 48 40 26 45 40 6916 3 14 11 9 0 10 8 5 1 19 11 5 1 4.0
2 47 69 40 38 30 40 5987 5 11 7 3 0 10 8 8 0 10 10 19 0 9 7 7 0 13 6 2 0 5.0
3 19 47 40 42 26 40 1977 2 19 13 13 0 11 11 11 1 6.0
4 42 79 40 35 70 40 29142 4 37 7 4 0 11 11 8 0 18 14 15 1 23 8 14 1 4.0
5 67 49 40 25 52 40 1228 2 14 13 13 0 10 8 7 0 6.0
6 43 27 40 40 26 40 8710 5 13 6 1 0 19 14 8 0 14 10 14 0 20 15 30 1 11 10 2 1 6.0
7 56 57 40 25 51 40 12001 5 19 12 19 0 22 20 5 0 14 11 3 0 21 18 5 1 9 7 2 1 5.0
8 60 49 40 65 46 40 11600 3 24 15 9 0 22 16 22 0 16 11 5 1 5.0
9 35 20 40 43 22 40 3622 2 11 11 11 0 10 7 10 1 5.0
10 37 75 40 60 56 40 5087 1 14 14 5 0 4.0
11 17 47 40 34 28 40 8516 4 13 9 8 0 10 8 9 0 21 18 4 0 11 8 5 1 4.0
12 61 44 40 63 50 40 917 1 23 20 6 1 6.0
13 40 30 40 55 50 40 37162 4 11 9 7 0 55 8 8 0 17 9 7 0 9 9 9 0 4.0
14 63 51 40 43 31 40 17972 5 35 19 19 0 14 9 19 0 9 6 1 0 10 7 7 0 15 13 4 0 5.0
15 17 49 40 41 70 40 3400 4 36 25 3 0 15 11 4 0 16 11 11 0 9 6 1 0 6.0
16 34 73 40 40 22 40 45000 1 23 23 23 0 4.0
17 58 56 40 20 47 40 1489 3 25 19 5 0 10 9 10 0 56 12 5 1 6.0
18 40 32 40 40 81 40 15425 5 16 11 5 0 23 8 14 0 12 8 8 0 15 13 9 0 49 8 4 0 5.0
19 35 79 40 59 47 40 688 1 11 8 1 1 4.0
20 39 80 40 45 30 40 21211 4 15 13 11 0 22 15 1 0 33 8 8 0 22 22 22 0 5.0
21 45 82 40 64 46 40 1730 4 19 8 2 0 10 9 15 0 13 13 3 0 11 9 6 1 6.0
22 67 55 40 66 57 40 1299 1 9 9 9 0 5.0
23 47 77 40 37 82 40 43115 4 36 19 19 0 13 12 13 0 31 18 6 1 9 7 9 1 4.0
24 63 54 40 19 52 40 189 1 9 7 4 0 6.0
25 62 46 40 14 57 40 8415 4 9 6 2 0 18 18 6 0 11 9 1 0 15 14 12 0 5.0
26 36 29 40 43 26 40 10323 5 49 22 8 0 19 11 7 0 14 14 1 0 21 21 5 0 9 6 2 1 6.0
27 60 45 40 41 75 40 211 1 10 7 4 0 6.0
28 23 50 40 46 81 40 1160 1 14 11 3 1 4.0
29 65 44 40 35 25 40 1843 4 20 9 3 0 12 10 10 0 16 16 3 0 9 7 2 0 6.0
30 19 46 40 27 51 40 896 3 9 8 9 0 15 9 7 0 16 11 5 0 6.0
31 42 80 40 36 79 40 45000 4 15 15 5 0 19 19 4 0 9 7 9 0 18 12 7 1 4.0
32 39 82 40 46 27 40 1817 5 19 18 4 0 9 6 4 0 12 10 9 0 11 10 5 1 20 14 15 1 6.0
33 34 74 40 62 51 40 4195 4 9 6 6 0 26 19 6 0 39 24 2 1 35 10 7 1 6.0
34 56 51 40 34 30 40 6470 1 13 9 12 1 4.0
35 41 76 40 58 54 40 6063 5 9 7 7 0 16 12 6 0 13 11 13 0 10 7 5 0 22 22 21 1 6.0
36 46 25 40 34 26 40 1061 2 15 10 5 0 11 6 15 1 6.0
37 59 44 40 43 69 40 45000 5 9 6 7 0 55 16 8 0 22 22 26 0 16 16 8 0 9 6 1 0 4.0
38 64 53 40 27 57 40 3287 1 22 11 16 0 6.0
39 38 76 40 26 54 40 4308 2 18 11 9 0 19 14 7 1 5.0
40 38 70 40 38 24 40 13003 4 11 11 16 0 19 16 11 1 9 9 3 1 10 7 4 1 4.0
41 18 49 40 44 19 40 15494 5 12 9 9 0 27 22 16 0 14 12 9 0 13 9 4 1 9 8 7 1 5.0
42 39 81 40 55 47 40 1422 2 14 9 1 0 16 12 8 0 6.0
43 21 54 40 40 28 40 5808 1 20 17 2 1 4.0
44 34 69 40 47 74 40 4477 3 9 7 9 0 22 22 2 1 11 9 2 1 4.0
45 65 45 40 47 70 40 15782 4 14 9 16 0 10 9 8 0 19 18 18 0 20 17 17 0 5.0
46 61 53 40 58 44 40 33592 4 18 14 15 0 33 6 9 0 29 10 30 0 10 9 15 1 4.0
47 41 26 40 18 51 40 9749 5 12 7 6 0 20 14 3 0 33 13 7 0 9 6 1 0 22 12 12 1 5.0
48 40 27 40 65 57 40 11709 4 11 11 11 0 13 9 5 0 19 11 11 0 18 15 12 0 5.0
49 17 48 40 41 69 40 33984 3 14 14 8 0 16 11 11 1 14 12 17 1 4.0
50 37 29 40 46 26 40 5504 3 11 8 7 0 13 13 5 0 33 11 9 0 5.0
51 16 55 40 36 27 40 13274 4 50 18 10 0 20 20 11 0 12 8 4 1 15 10 5 1 5.0
52 35 21 40 42 72 40 2213 5 13 6 3 0 13 11 2 1 13 10 9 1 11 7 7 1 9 6 6 1 5.0
53 38 81 40 24 54 40 6099 2 10 8 7 0 27 18 5 1 5.0
54 46 69 40 39 75 40 6731 3 16 10 5 0 10 10 8 0 22 20 23 0 6.0
55 23 45 40 57 47 40 1143 1 14 9 3 0 4.0
56 19 57 40 46 77 40 4058 1 15 6 14 0 4.0
57 40 21 40 16 44 40 2611 2 39 25 9 0 9 7 7 1 6.0
58 60 51 40 45 70 40 3312 4 10 6 3 0 9 9 5 0 10 8 5 0 16 11 7 1 5.0
59 56 53 40 39 26 40 7622 2 31 8 8 0 22 19 7 0 5.0
60 37 19 40 39 27 40 2047 2 10 9 8 0 14 9 5 0 5.0
61 39 72 40 21 51 40 2098 2 10 6 2 0 13 13 2 0 4.0
62 14 46 40 54 51 40 13902 4 25 19 8 0 22 19 8 0 14 10 3 0 33 22 4 0 5.0
63 34 21 40 54 44 40 4886 3 11 11 11 0 17 12 9 0 10 7 4 0 5.0
64 20 50 40 17 52 40 20187 4 11 11 11 0 21 21 5 0 9 6 1 0 14 14 7 1 4.0
65 27 56 40 21 50 40 15802 5 27 25 19 0 19 8 19 0 27 18 16 0 21 9 7 0 22 16 2 1 6.0
66 44 69 40 40 74 40 1614 1 29 6 4 0 4.0
67 43 71 40 56 50 40 3362 2 16 9 16 0 16 7 3 0 5.0
68 26 47 40 54 47 40 5839 4 9 6 5 0 12 12 30 0 11 11 11 0 27 14 27 0 6.0
69 59 57 40 54 49 40 5984 3 26 14 8 0 9 7 5 0 13 8 7 1 5.0
70 39 21 40 43 20 40 20908 4 12 12 7 0 18 13 15 0 10 8 3 1 10 7 10 1 4.0
71 19 56 40 45 27 40 538 1 22 17 5 0 6.0
72 56 55 40 24 49 40 2002 3 12 8 9 0 12 9 4 0 20 14 14 1 6.0
73 24 52 40 24 51 40 18781 2 16 11 16 0 22 21 4 0 4.0
74 17 44 40 19 50 40 277 1 10 10 6 0 6.0
75 45 74 40 41 31 40 7795 1 37 19 5 0 4.0
