7     75    45000 60    25    30   
0     40    50    0     40    50    1236  0     
1 24 48 40 26 45 40 5081 1 16 13 10 0 4.0
2 47 69 40 38 30 40 4202 2 12 9 6 1 22 13 6 1 5.0
3 19 47 40 42 26 40 136 1 13 8 3 0 6.0
4 42 79 40 35 70 40 14898 3 12 9 9 0 11 11 22 0 10 8 8 1 4.0
5 67 49 40 25 52 40 82 1 14 7 2 0 6.0
6 43 27 40 40 26 40 4299 2 21 15 14 0 13 13 13 0 6.0
7 56 57 40 25 51 40 11925 3 43 8 5 0 13 13 9 0 21 16 17 1 5.0
8 60 49 40 65 46 40 7501 3 26 9 16 0 16 14 14 0 11 9 8 0 5.0
9 35 20 40 43 22 40 5825 2 14 7 1 1 22 16 9 1 5.0
10 37 75 40 60 56 40 45000 2 16 12 16 0 23 18 30 0 4.0
11 17 47 40 34 28 40 14207 2 13 11 2 0 21 13 21 1 4.0
12 61 44 40 63 50 40 1146 1 25 23 6 1 6.0
13 40 30 40 55 50 40 24956 3 16 13 3 0 25 21 6 0 11 8 3 1 4.0
14 63 51 40 43 31 40 18095 2 27 17 10 0 25 19 25 1 5.0
15 17 49 40 41 70 40 2954 3 19 13 6 0 13 13 13 0 11 8 11 1 6.0
16 34 73 40 40 22 40 15051 2 16 16 6 0 14 10 9 1 4.0
17 58 56 40 20 47 40 267 1 12 9 11 0 6.0
18 40 32 40 40 81 40 14283 3 25 21 4 0 13 9 6 0 26 23 7 1 5.0
19 35 79 40 59 47 40 45000 2 13 10 8 0 60 9 9 0 4.0
20 39 80 40 45 30 40 2328 1 19 11 8 0 5.0
21 45 82 40 64 46 40 14999 3 10 10 10 0 40 22 22 0 16 10 22 0 6.0
22 67 55 40 66 57 40 125 1 10 7 1 1 5.0
23 47 77 40 37 82 40 13395 3 11 8 8 0 18 15 4 0 41 25 4 0 4.0
24 63 54 40 19 52 40 3117 2 18 13 4 0 19 13 13 0 6.0
25 62 46 40 14 57 40 126 1 10 7 1 1 5.0
26 36 29 40 43 26 40 16880 2 26 25 26 0 28 22 6 0 6.0
27 60 45 40 41 75 40 1193 1 12 11 12 1 6.0
28 23 50 40 46 81 40 12652 1 60 14 6 0 4.0
29 65 44 40 35 25 40 4393 3 19 13 6 0 26 9 16 0 13 9 9 0 6.0
30 19 46 40 27 51 40 1004 1 18 14 11 0 6.0
31 42 80 40 36 79 40 45000 3 57 9 5 0 13 9 1 0 17 15 13 1 4.0
32 39 82 40 46 27 40 4848 3 25 18 1 0 38 9 9 0 26 25 25 0 6.0
33 34 74 40 62 51 40 1446 2 21 9 3 0 11 11 17 0 6.0
34 56 51 40 34 30 40 8065 2 15 14 4 0 13 10 7 1 4.0
35 41 76 40 58 54 40 10325 3 10 10 10 0 41 22 22 0 14 14 15 0 6.0
36 46 25 40 34 26 40 3577 2 35 20 7 0 11 8 11 0 6.0
37 59 44 40 43 69 40 719 1 10 8 4 0 4.0
38 64 53 40 27 57 40 2496 2 10 7 2 0 20 20 7 0 6.0
39 38 76 40 26 54 40 4334 2 13 10 1 0 17 16 13 0 5.0
40 38 70 40 38 24 40 33359 2 56 25 9 0 22 13 8 1 4.0
41 18 49 40 44 19 40 4605 3 16 16 1 0 24 24 6 0 10 7 2 0 5.0
42 39 81 40 55 47 40 376 1 11 8 5 1 6.0
43 21 54 40 40 28 40 5330 1 16 13 3 1 4.0
44 34 69 40 47 74 40 9967 3 23 11 3 0 14 12 12 0 19 19 3 1 4.0
45 65 45 40 47 70 40 1140 2 10 8 2 0 10 9 10 1 5.0
46 61 53 40 58 44 40 6408 2 17 11 8 0 19 13 6 0 4.0
47 41 26 40 18 51 40 5205 2 18 17 6 0 21 21 5 1 5.0
48 40 27 40 65 57 40 7589 3 10 8 10 0 21 14 8 0 21 20 4 1 5.0
49 17 48 40 41 69 40 14684 3 10 7 5 0 14 11 10 1 13 11 6 1 4.0
50 37 29 40 46 26 40 13661 3 23 16 18 0 10 7 7 0 30 22 7 0 5.0
51 16 55 40 36 27 40 8215 3 45 25 3 0 40 11 8 0 15 10 14 0 5.0
52 35 21 40 42 72 40 4419 3 10 8 8 0 19 13 7 0 15 13 14 1 5.0
53 38 81 40 24 54 40 1077 1 11 8 6 0 5.0
54 46 69 40 39 75 40 9296 2 25 25 24 0 18 11 6 0 6.0
55 23 45 40 57 47 40 4679 1 13 7 17 0 4.0
56 19 57 40 46 77 40 34844 2 10 7 8 0 60 19 9 1 4.0
57 40 21 40 16 44 40 6232 2 25 25 30 0 19 19 9 0 6.0
58 60 51 40 45 70 40 9331 2 10 7 1 0 25 13 19 0 5.0
59 56 53 40 39 26 40 8613 2 20 13 11 0 21 16 8 0 5.0
60 37 19 40 39 27 40 13106 2 13 13 19 0 22 19 13 0 5.0
61 39 72 40 21 51 40 3572 2 10 10 3 0 12 8 5 0 4.0
62 14 46 40 54 51 40 21645 2 13 11 11 0 31 25 19 0 5.0
63 34 21 40 54 44 40 2948 1 16 13 10 1 5.0
64 20 50 40 17 52 40 6216 3 14 10 4 0 11 9 8 1 16 11 1 1 4.0
65 27 56 40 21 50 40 2684 3 19 13 9 0 23 19 3 0 10 8 10 0 6.0
66 44 69 40 40 74 40 2898 1 25 25 2 0 4.0
67 43 71 40 56 50 40 4164 2 13 10 3 0 16 10 18 0 5.0
68 26 47 40 54 47 40 6782 3 12 11 9 0 22 21 20 0 23 19 19 1 6.0
69 59 57 40 54 49 40 12666 2 21 16 17 0 38 7 10 0 5.0
70 39 21 40 43 20 40 41717 1 33 11 30 0 4.0
71 19 56 40 45 27 40 684 1 12 11 18 1 6.0
72 56 55 40 24 49 40 844 2 13 8 7 0 23 16 4 1 6.0
73 24 52 40 24 51 40 17138 1 38 14 8 1 4.0
74 17 44 40 19 50 40 32 1 10 7 1 0 6.0
75 45 74 40 41 31 40 14616 2 26 13 13 0 13 13 13 1 4.0
