7     75    45000 60    25    30   
0     40    50    0     40    50    1236  0     
1 10 16 40 50 18 40 10892 2 27 20 6 0 12 7 9 1 4.0
2 12 65 40 18 63 40 27503 2 31 25 11 0 23 8 30 1 5.0
3 45 24 40 15 53 40 259 1 11 10 4 0 6.0
4 69 59 40 52 21 40 9512 3 25 20 15 0 9 7 6 0 9 6 4 0 5.0
5 63 52 40 50 36 40 488 1 23 20 5 0 6.0
6 33 55 40 46 51 40 19572 2 10 7 5 0 29 24 13 0 5.0
7 21 27 40 33 31 40 25149 3 8 7 12 0 12 8 8 0 34 19 5 1 4.0
8 17 34 40 27 53 40 14076 3 39 17 11 0 25 20 8 0 25 23 6 1 5.0
9 26 44 40 57 49 40 495 1 23 6 3 1 5.0
10 68 25 40 12 34 40 2565 1 37 6 6 1 5.0
11 39 57 40 66 36 40 2206 1 20 14 6 1 5.0
12 68 50 40 23 35 40 13185 3 12 9 5 0 45 25 2 0 11 7 3 1 4.0
13 31 60 40 27 26 40 19769 2 14 10 6 0 20 11 17 1 4.0
14 56 74 40 54 60 40 45000 3 10 6 6 0 59 23 6 0 9 7 5 0 4.0
15 34 28 40 65 74 40 1357 1 17 16 16 0 6.0
16 48 75 40 37 58 40 1664 2 17 17 6 0 15 15 6 1 6.0
17 47 24 40 44 85 40 26372 2 37 25 11 0 9 6 2 0 4.0
18 20 22 40 26 81 40 1526 2 11 11 10 0 15 15 15 0 6.0
19 15 73 40 68 36 40 7865 3 16 14 5 0 17 6 7 1 9 7 8 1 4.0
20 57 64 40 65 59 40 21392 3 11 9 8 0 11 11 6 1 36 21 30 1 6.0
21 60 23 40 50 42 40 256 2 14 9 4 0 12 10 5 0 6.0
22 35 49 40 43 74 40 42585 3 9 9 9 0 37 25 6 0 10 10 10 0 4.0
23 29 21 40 67 81 40 3221 2 29 15 25 0 11 9 6 1 6.0
24 33 46 40 25 30 40 680 3 10 8 6 0 9 6 4 0 17 12 10 1 6.0
25 69 25 40 28 73 40 7033 1 10 9 5 0 4.0
26 69 39 40 36 69 40 2420 2 14 11 14 0 11 11 11 0 6.0
27 11 68 40 39 25 40 8668 2 25 15 16 0 11 7 7 0 5.0
28 18 77 40 57 21 40 14895 3 29 16 14 0 19 16 20 0 11 8 8 1 5.0
29 52 25 40 24 44 40 27007 3 25 25 16 0 32 15 15 0 16 9 3 1 5.0
30 63 70 40 59 61 40 1828 1 27 13 4 0 5.0
31 58 57 40 14 38 40 1913 1 11 9 6 0 4.0
32 47 71 40 46 42 40 1208 2 23 7 7 0 18 9 18 0 6.0
33 61 24 40 11 17 40 3218 2 39 6 6 0 9 7 4 0 5.0
34 69 33 40 29 56 40 354 1 9 6 3 0 4.0
35 47 15 40 60 53 40 15961 2 45 17 5 0 25 21 26 0 6.0
36 59 71 40 10 40 40 181 1 9 7 6 0 6.0
37 40 80 40 18 70 40 370 1 9 6 1 1 4.0
38 10 50 40 28 60 40 329 1 9 7 9 0 6.0
39 28 20 40 61 65 40 6200 3 24 17 3 0 10 8 5 1 9 8 9 1 4.0
40 60 41 40 26 62 40 1401 1 35 12 6 0 6.0
41 14 54 40 41 18 40 8664 1 20 17 11 1 4.0
42 53 20 40 43 60 40 1470 2 17 10 7 0 13 9 4 1 6.0
43 32 44 40 29 73 40 2016 2 16 9 4 0 9 9 9 1 5.0
44 50 25 40 35 59 40 12466 3 17 9 6 0 19 12 7 0 21 12 15 1 5.0
45 64 67 40 31 72 40 274 1 11 8 6 1 6.0
46 53 34 40 32 27 40 28409 2 11 9 1 0 22 16 8 1 4.0
47 40 38 40 70 43 40 1672 1 19 11 7 0 5.0
48 18 42 40 46 23 40 11299 3 30 19 19 0 20 20 5 0 9 6 4 0 6.0
49 63 79 40 43 57 40 3387 2 9 8 8 0 9 9 11 0 4.0
50 36 53 40 26 48 40 1508 2 28 19 17 0 11 8 7 1 6.0
51 39 81 40 50 20 40 591 1 10 7 6 0 5.0
52 16 65 40 32 52 40 17892 2 12 12 14 0 23 17 14 1 4.0
53 53 45 40 16 60 40 27732 3 19 19 25 0 11 8 6 0 11 9 1 0 4.0
54 60 40 40 67 51 40 17235 2 29 20 29 0 11 9 3 0 5.0
55 62 50 40 60 48 40 6242 3 10 10 3 0 25 14 7 0 11 7 7 1 5.0
56 50 19 40 40 35 40 16491 2 37 25 13 0 12 10 7 0 5.0
57 14 36 40 34 71 40 3225 2 9 6 3 0 36 8 3 1 4.0
58 19 61 40 19 21 40 45000 3 29 20 10 0 16 12 3 0 56 25 11 1 4.0
59 57 67 40 37 27 40 2930 3 11 8 7 0 10 8 7 0 12 10 15 0 5.0
60 51 70 40 61 42 40 153 1 14 10 2 0 6.0
61 35 20 40 34 49 40 1750 2 10 7 7 0 9 6 6 0 5.0
62 34 56 40 46 18 40 15812 2 10 9 6 0 17 9 30 1 4.0
63 56 40 40 65 15 40 2689 3 9 6 3 0 11 6 5 0 17 17 6 1 5.0
64 31 24 40 48 58 40 31313 2 14 8 8 0 14 8 14 1 4.0
65 54 33 40 46 54 40 460 2 11 11 3 0 11 7 5 1 6.0
66 69 75 40 58 44 40 946 1 37 20 3 0 6.0
67 52 55 40 70 39 40 24765 3 30 25 11 0 14 14 11 0 18 18 10 0 5.0
68 69 69 40 58 63 40 231 1 12 8 4 0 6.0
69 59 78 40 10 23 40 436 1 30 6 5 0 6.0
70 10 51 40 70 77 40 21143 2 23 17 15 0 17 11 2 1 4.0
71 46 72 40 13 69 40 7241 1 33 25 23 0 6.0
72 66 61 40 60 19 40 11070 3 15 9 6 0 11 11 6 0 19 16 14 0 5.0
73 58 67 40 62 32 40 45000 3 39 6 6 0 28 23 11 0 37 14 25 0 4.0
74 52 32 40 14 81 40 29998 3 9 9 6 0 59 25 11 0 12 11 5 0 5.0
75 51 44 40 31 71 40 18702 2 16 9 4 0 26 22 11 0 4.0
