7     75    45000 60    25    30   
0     40    50    0     40    50    1236  0     
1 34 30 40 17 49 40 34130 3 27 20 6 0 12 7 9 0 31 25 11 0 4.0
2 60 56 40 64 54 40 11201 2 22 8 30 0 11 10 4 0 5.0
3 54 54 40 40 31 40 4758 3 25 20 15 0 9 7 6 0 9 6 4 1 6.0
4 40 21 40 21 47 40 2162 1 23 20 4 0 5.0
5 46 24 40 67 56 40 1992 2 10 7 5 0 29 24 13 0 6.0
6 35 69 40 44 25 40 2999 2 8 7 12 0 12 8 8 0 5.0
7 66 44 40 25 53 40 45000 3 34 18 4 0 39 17 11 0 25 20 8 1 4.0
8 35 23 40 66 49 40 3151 1 25 22 6 0 5.0
9 47 71 40 35 72 40 474 1 22 6 3 1 5.0
10 26 56 40 40 27 40 2496 1 36 6 6 0 5.0
11 66 50 40 22 48 40 2773 2 20 14 6 0 12 9 4 0 5.0
12 40 32 40 54 50 40 9820 1 45 25 2 0 4.0
13 57 47 40 21 51 40 4623 2 11 7 3 0 14 10 6 1 4.0
14 36 22 40 25 51 40 45000 3 20 11 17 0 10 6 6 0 59 22 6 0 4.0
15 42 77 40 36 71 40 1996 3 9 7 5 0 17 16 16 0 17 17 6 0 6.0
16 41 28 40 15 53 40 6218 2 15 15 6 0 37 25 11 0 6.0
17 38 74 40 43 75 40 3380 2 9 6 2 0 11 11 10 0 4.0
18 41 22 40 39 25 40 1496 2 15 15 15 1 16 14 5 1 6.0
19 14 51 40 42 69 40 6761 3 17 6 7 0 9 7 8 0 11 9 8 1 4.0
20 41 78 40 23 47 40 642 1 11 11 6 0 6.0
21 40 77 40 54 48 40 5120 1 35 21 30 1 6.0
22 24 48 40 60 57 40 10022 3 14 9 4 0 12 10 4 0 9 9 9 0 4.0
23 54 49 40 21 46 40 1839 2 37 25 6 0 10 10 10 0 6.0
24 63 47 40 41 29 40 2970 3 29 15 25 0 11 9 6 0 10 8 6 1 6.0
25 55 47 40 35 19 40 3376 1 9 6 4 0 4.0
26 35 24 40 42 32 40 1728 2 17 12 10 0 10 9 5 1 6.0
27 15 56 40 46 82 40 4622 2 14 11 14 0 11 11 11 0 5.0
28 22 46 40 46 71 40 14620 3 25 15 16 0 11 7 7 0 29 16 14 1 5.0
29 44 80 40 67 48 40 10391 2 19 16 20 0 11 8 8 1 5.0
30 47 24 40 19 53 40 13022 1 25 25 16 1 5.0
31 40 72 40 55 46 40 28375 3 31 15 15 0 16 9 3 0 27 13 4 0 4.0
32 24 50 40 39 32 40 499 2 11 9 6 0 22 7 7 1 6.0
33 39 69 40 24 45 40 5667 1 18 9 18 0 5.0
34 67 46 40 14 52 40 3623 2 39 6 6 0 9 7 4 0 4.0
35 27 46 40 54 52 40 2943 2 9 6 3 0 45 17 4 0 6.0
36 35 25 40 36 81 40 6699 2 25 21 26 0 9 7 6 1 6.0
37 64 52 40 22 57 40 4257 2 9 6 1 0 9 7 9 0 4.0
38 59 56 40 35 29 40 709 1 24 17 3 0 6.0
39 43 72 40 34 72 40 2641 2 10 8 4 0 9 8 9 1 4.0
40 46 27 40 64 44 40 3480 2 35 12 6 1 20 17 11 1 6.0
41 37 28 40 38 77 40 2757 1 17 10 7 0 4.0
42 34 71 40 18 45 40 1572 3 13 9 4 0 16 9 4 0 9 9 9 1 6.0
43 38 31 40 39 75 40 9594 3 17 9 6 0 18 12 7 0 21 12 15 1 5.0
44 39 82 40 19 52 40 1242 2 11 8 6 0 11 9 1 1 5.0
45 35 20 40 17 54 40 7220 3 22 16 8 0 18 11 7 0 30 18 18 0 6.0
46 35 79 40 23 46 40 23312 3 20 20 4 0 9 6 4 0 9 8 8 1 4.0
47 16 45 40 45 82 40 10809 2 9 9 11 0 28 18 17 0 5.0
48 19 51 40 38 21 40 534 1 11 8 7 0 6.0
49 56 54 40 39 26 40 5624 2 10 7 6 0 12 12 14 1 4.0
50 46 26 40 60 46 40 818 1 22 17 14 1 6.0
51 25 46 40 24 53 40 13435 2 19 19 25 0 11 8 6 1 5.0
52 63 45 40 47 30 40 41124 3 11 9 1 0 29 20 29 0 11 9 3 0 4.0
53 42 76 40 47 76 40 7901 2 10 10 3 0 25 14 7 0 4.0
54 44 69 40 58 50 40 12323 2 11 7 7 0 36 25 13 0 5.0
55 55 50 40 60 50 40 3496 3 12 10 7 0 9 6 3 0 35 8 3 1 5.0
56 63 57 40 37 81 40 7435 1 29 20 10 0 5.0
57 59 44 40 41 20 40 45000 2 16 12 3 0 56 25 11 0 4.0
58 42 27 40 26 49 40 3074 1 11 8 7 1 4.0
59 17 50 40 16 56 40 2580 3 10 8 7 0 12 10 15 1 13 10 2 1 5.0
60 42 80 40 62 49 40 741 3 10 7 7 0 9 6 6 0 10 9 6 1 6.0
61 40 78 40 26 50 40 10782 3 17 9 30 0 9 6 3 0 11 6 4 0 5.0
62 44 23 40 16 53 40 5345 1 17 17 6 0 4.0
63 40 29 40 40 25 40 1082 1 14 8 8 1 5.0
64 42 74 40 46 80 40 24539 2 14 8 14 0 11 11 3 1 4.0
65 66 52 40 67 52 40 189 1 11 7 4 0 6.0
66 25 48 40 17 56 40 920 1 36 20 3 0 6.0
67 40 23 40 67 57 40 18346 2 30 25 11 0 13 13 11 1 5.0
68 38 82 40 42 79 40 2181 2 18 18 10 0 12 8 4 0 6.0
69 14 56 40 17 44 40 348 1 30 6 4 1 6.0
70 47 23 40 45 25 40 21143 2 23 17 15 0 17 11 2 1 4.0
71 59 46 40 42 72 40 7236 2 33 25 22 0 15 9 6 0 6.0
72 41 71 40 56 50 40 11777 3 11 11 6 0 18 16 14 0 39 6 6 1 5.0
73 62 48 40 37 69 40 45000 2 28 22 11 0 36 14 25 0 4.0
74 47 75 40 56 47 40 29998 3 9 9 6 0 59 25 11 0 12 11 5 1 5.0
75 42 25 40 56 46 40 18702 2 16 9 4 0 26 22 11 0 4.0
