7     75    45000 60    25    30   
0     40    50    0     40    50    1236  0     
1 34 30 40 17 49 40 19419 5 17 8 13 0 8 6 12 0 8 5 2 0 17 17 20 0 13 5 1 1 4.0
2 60 56 40 64 54 40 254 1 10 9 7 1 6.0
3 54 54 40 40 31 40 3570 3 20 10 10 0 15 15 15 0 22 17 9 0 6.0
4 40 21 40 21 47 40 4815 2 8 6 1 0 24 15 2 0 4.0
5 46 24 40 67 56 40 5741 5 8 6 1 0 30 25 30 0 10 10 10 0 10 10 8 0 18 12 3 0 6.0
6 35 69 40 44 25 40 1932 5 11 7 1 0 10 10 7 0 9 9 8 0 13 10 6 0 13 13 3 1 6.0
7 66 44 40 25 53 40 15618 4 13 7 4 0 22 17 7 0 18 16 9 1 15 15 15 1 5.0
8 35 23 40 66 49 40 1679 1 13 9 6 0 4.0
9 47 71 40 35 72 40 543 2 8 7 5 0 8 6 1 1 5.0
10 26 56 40 40 27 40 11482 2 9 8 5 0 23 18 7 0 4.0
11 66 50 40 22 48 40 5908 4 10 7 5 0 16 6 9 0 15 13 9 1 24 24 2 1 5.0
12 40 32 40 54 50 40 741 1 15 8 5 0 5.0
13 57 47 40 21 51 40 1653 2 10 8 5 0 8 5 4 1 4.0
14 36 22 40 25 51 40 4108 4 15 15 15 0 23 17 2 0 11 7 3 0 29 15 2 0 6.0
15 42 77 40 36 71 40 31300 3 21 10 7 0 24 17 10 0 41 22 26 1 5.0
16 41 28 40 15 53 40 2167 1 10 10 10 1 4.0
17 38 74 40 43 75 40 13068 4 11 9 10 0 15 10 10 0 34 5 5 0 17 10 30 1 5.0
18 41 22 40 39 25 40 97 1 8 5 4 0 6.0
19 14 51 40 42 69 40 38555 4 9 5 2 0 34 12 7 0 18 14 7 1 25 13 21 1 4.0
20 41 78 40 23 47 40 24242 3 11 7 3 0 10 6 3 0 27 15 29 0 5.0
21 40 77 40 54 48 40 11455 2 51 20 5 0 29 24 5 0 5.0
22 24 48 40 60 57 40 9474 5 8 6 15 0 27 16 5 0 23 9 9 0 20 11 3 0 10 10 10 1 5.0
23 54 49 40 21 46 40 3177 1 24 16 3 0 4.0
24 63 47 40 41 29 40 14521 5 24 6 7 0 10 10 10 0 15 7 7 0 23 13 9 0 20 10 12 0 5.0
25 55 47 40 35 19 40 6119 2 12 12 2 0 21 6 7 0 4.0
26 35 24 40 42 32 40 1612 5 22 16 5 0 9 5 3 0 15 10 10 0 10 10 6 0 22 11 19 0 6.0
27 15 56 40 46 82 40 6212 5 17 5 6 0 15 15 5 0 15 15 10 0 12 8 1 1 14 14 30 1 6.0
28 22 46 40 46 71 40 45000 4 20 15 24 0 24 6 6 0 10 8 2 1 20 14 11 1 4.0
29 44 80 40 67 48 40 2354 3 13 8 8 0 18 17 11 0 8 6 6 0 6.0
30 47 24 40 19 53 40 726 1 19 16 5 0 6.0
31 40 72 40 55 46 40 34179 5 15 5 9 0 9 7 3 0 10 10 7 0 20 15 24 1 9 9 6 1 4.0
32 24 50 40 39 32 40 1090 1 12 11 7 0 5.0
33 39 69 40 24 45 40 10157 5 21 21 8 0 8 5 1 0 11 9 7 0 13 13 2 0 11 8 7 0 5.0
34 67 46 40 14 52 40 13470 2 8 6 2 0 20 20 9 0 4.0
35 27 46 40 54 52 40 6172 5 16 15 16 0 22 17 7 0 13 12 10 0 14 8 11 1 9 8 4 1 6.0
36 35 25 40 36 81 40 204 1 8 8 6 1 6.0
37 64 52 40 22 57 40 2024 2 16 10 18 1 8 5 1 1 6.0
38 59 56 40 35 29 40 4082 3 41 24 5 0 12 7 3 0 12 5 5 1 6.0
39 43 72 40 34 72 40 8105 4 20 14 10 0 15 8 8 0 17 12 5 1 15 14 8 1 5.0
40 46 27 40 64 44 40 2980 1 24 18 5 0 5.0
41 37 28 40 38 77 40 9982 4 15 10 30 0 13 12 5 0 10 9 9 0 12 12 12 1 5.0
42 34 71 40 18 45 40 1406 5 10 10 7 0 12 9 4 0 15 15 15 0 8 8 5 0 11 8 8 1 6.0
43 38 31 40 39 75 40 26395 5 22 17 7 0 9 7 5 0 9 8 6 0 8 8 8 0 20 17 3 1 4.0
44 39 82 40 19 52 40 3384 3 17 17 8 0 17 13 7 0 12 7 2 1 6.0
45 35 20 40 17 54 40 14477 5 10 8 2 0 33 6 4 0 28 8 8 1 12 11 4 1 16 12 12 1 4.0
46 35 79 40 23 46 40 33569 5 10 8 7 0 19 14 15 0 8 5 4 0 15 15 18 1 10 10 14 1 4.0
47 16 45 40 45 82 40 11309 5 16 8 30 0 18 18 30 0 14 9 5 1 9 7 6 1 8 8 2 1 6.0
48 19 51 40 38 21 40 2446 2 20 17 5 0 23 12 18 0 6.0
49 56 54 40 39 26 40 613 2 8 5 1 0 8 7 4 0 4.0
50 46 26 40 60 46 40 104 1 10 8 1 0 5.0
51 25 46 40 24 53 40 769 2 17 5 5 0 7 7 8 0 5.0
52 63 45 40 47 30 40 32054 3 20 20 15 0 23 20 10 0 10 8 13 0 4.0
53 42 76 40 47 76 40 3595 2 17 11 7 0 9 6 9 0 4.0
54 44 69 40 58 50 40 651 5 10 8 1 0 11 11 11 0 29 10 4 1 11 8 6 1 11 10 13 1 6.0
55 55 50 40 60 50 40 17876 3 20 15 20 0 21 20 6 0 15 7 7 0 5.0
56 63 57 40 37 81 40 13458 2 20 20 6 1 29 18 29 1 6.0
57 59 44 40 41 20 40 4027 4 8 5 8 0 23 9 17 0 20 20 10 0 15 14 2 1 6.0
58 42 27 40 26 49 40 1382 2 9 7 6 0 9 6 5 1 4.0
59 17 50 40 16 56 40 6680 4 20 18 5 0 20 14 18 0 20 20 6 0 29 7 7 1 6.0
60 42 80 40 62 49 40 35864 4 18 14 2 0 26 19 14 0 15 10 11 0 24 18 17 1 4.0
61 40 78 40 26 50 40 23491 4 10 10 15 0 21 17 13 0 8 5 1 0 15 10 16 0 4.0
62 44 23 40 16 53 40 805 2 8 8 13 0 9 6 2 0 6.0
63 40 29 40 40 25 40 1396 1 13 8 9 0 5.0
64 42 74 40 46 80 40 40418 5 29 7 7 0 29 22 20 0 8 6 3 0 18 13 3 0 12 6 3 0 4.0
65 66 52 40 67 52 40 10437 3 13 10 4 0 17 17 12 0 18 13 7 1 5.0
66 25 48 40 17 56 40 228 1 14 8 2 0 5.0
67 40 23 40 67 57 40 15170 3 8 7 2 0 22 17 7 0 14 14 4 1 4.0
68 38 82 40 42 79 40 1929 1 15 5 15 0 5.0
69 14 56 40 17 44 40 299 1 8 7 6 0 5.0
70 47 23 40 45 25 40 45000 5 27 12 6 0 20 19 23 0 12 8 8 0 19 14 3 1 15 15 15 1 4.0
71 59 46 40 42 72 40 846 1 13 10 6 0 5.0
72 41 71 40 56 50 40 1392 5 9 9 7 0 8 8 5 0 8 5 1 0 10 7 1 0 23 15 15 1 6.0
73 62 48 40 37 69 40 3354 2 17 8 13 0 8 5 1 1 5.0
74 47 75 40 56 47 40 6269 3 22 17 7 0 16 13 18 0 13 8 8 0 6.0
75 42 25 40 56 46 40 4449 1 10 10 10 0 4.0
