7     75    45000 60    25    30   
0     40    50    0     40    50    1236  0     
1 21 15 40 43 21 40 45000 3 11 11 11 0 26 20 9 0 50 7 30 0 4.0
2 43 30 40 58 20 40 1293 2 18 10 10 0 13 8 4 0 6.0
3 54 80 40 65 53 40 669 3 13 7 2 0 9 6 6 0 12 11 9 1 6.0
4 26 50 40 55 82 40 3282 1 18 12 7 0 4.0
5 14 54 40 50 52 40 4195 2 9 6 6 0 21 15 16 0 6.0
6 31 55 40 66 57 40 1489 2 10 6 3 0 9 8 3 0 4.0
7 43 32 40 10 42 40 43642 3 11 11 11 0 20 20 20 0 20 8 3 1 4.0
8 36 72 40 34 84 40 670 1 12 12 16 0 6.0
9 53 78 40 26 18 40 2018 1 12 12 7 1 5.0
10 65 45 40 10 81 40 116 1 9 6 1 0 4.0
11 44 30 40 24 78 40 6582 2 11 9 7 0 17 17 17 0 5.0
12 30 85 40 62 84 40 518 1 9 8 6 0 5.0
13 26 76 40 64 21 40 8788 2 12 12 14 0 14 11 11 1 4.0
14 42 30 40 25 32 40 7522 3 59 25 2 0 17 17 17 0 52 13 7 0 6.0
15 58 42 40 64 54 40 4030 3 13 9 1 0 16 14 11 0 9 9 3 0 5.0
16 10 82 40 63 73 40 2889 2 10 6 4 0 38 6 6 0 5.0
17 69 81 40 49 43 40 1335 2 38 20 5 0 12 6 3 0 6.0
18 65 75 40 47 64 40 639 2 11 10 3 1 15 8 6 1 6.0
19 65 35 40 34 66 40 29690 3 35 25 22 0 11 6 10 0 14 5 15 1 5.0
20 61 73 40 36 73 40 1157 1 28 6 6 0 5.0
21 34 56 40 22 22 40 875 1 9 9 3 1 4.0
22 44 36 40 19 39 40 45000 3 12 9 4 0 13 13 11 0 25 25 25 0 4.0
23 20 71 40 21 76 40 3522 2 10 7 4 0 31 22 6 0 6.0
24 62 21 40 12 69 40 5414 3 9 9 9 0 14 8 8 0 31 25 11 1 6.0
25 66 72 40 53 38 40 35299 1 21 16 30 0 4.0
26 35 30 40 38 57 40 1771 2 11 9 11 0 12 8 5 1 5.0
27 35 71 40 46 47 40 18186 2 33 16 24 0 9 6 1 0 5.0
28 44 16 40 27 80 40 21563 3 21 8 12 0 31 19 11 0 33 22 22 1 6.0
29 36 22 40 65 55 40 16559 2 31 25 9 0 33 25 5 1 5.0
30 67 41 40 39 67 40 35704 1 28 20 19 1 4.0
31 60 69 40 40 23 40 31537 3 33 11 12 0 19 13 13 0 9 6 6 0 4.0
32 50 19 40 20 30 40 3222 2 12 9 12 0 27 11 3 1 5.0
33 31 61 40 18 57 40 3122 1 20 17 17 0 6.0
34 41 31 40 29 84 40 17880 2 33 16 11 0 11 9 3 0 4.0
35 69 55 40 60 36 40 24263 2 9 7 2 0 36 25 20 0 5.0
36 16 71 40 40 33 40 2962 2 13 11 9 0 9 6 3 1 5.0
37 59 83 40 56 29 40 14963 2 11 11 11 0 11 10 7 0 4.0
38 26 28 40 43 49 40 5225 1 52 22 6 0 6.0
39 51 19 40 66 36 40 11731 2 11 9 17 0 21 21 6 1 4.0
40 68 61 40 19 54 40 45000 2 32 23 12 1 13 8 8 1 4.0
41 22 56 40 34 41 40 581 1 25 8 6 0 6.0
42 27 21 40 40 15 40 2823 3 18 13 1 0 9 9 14 0 21 11 17 1 6.0
43 70 26 40 58 64 40 3539 3 9 9 9 0 11 11 6 0 11 8 8 1 5.0
44 62 28 40 45 60 40 4173 2 33 8 8 0 11 11 11 1 5.0
45 65 48 40 36 41 40 2659 3 10 7 9 0 18 13 2 0 16 13 7 0 6.0
46 22 38 40 67 54 40 29554 3 20 11 30 0 29 7 7 0 9 9 6 1 4.0
47 10 50 40 15 29 40 43052 2 29 25 3 0 28 11 11 0 4.0
48 15 37 40 59 43 40 156 1 11 6 3 0 6.0
49 24 39 40 41 36 40 5794 2 20 20 7 0 20 7 2 1 5.0
50 12 31 40 60 51 40 1206 1 38 7 4 1 5.0
51 11 60 40 16 84 40 2396 2 22 17 3 0 14 13 9 1 6.0
52 24 74 40 69 27 40 15160 3 9 9 6 0 19 12 12 0 12 9 4 0 4.0
53 56 57 40 26 43 40 2126 2 11 6 3 0 17 12 7 0 5.0
54 54 21 40 38 82 40 215 2 9 9 7 0 14 10 2 0 6.0
55 23 80 40 36 29 40 31254 3 17 12 28 0 9 6 3 0 12 11 8 1 4.0
56 46 22 40 32 31 40 1561 1 19 19 3 0 5.0
57 55 39 40 65 84 40 1520 2 9 8 7 0 20 11 14 0 6.0
58 45 41 40 51 31 40 4490 1 11 11 6 1 4.0
59 59 62 40 51 37 40 21104 3 9 6 4 0 23 18 16 1 9 9 14 1 4.0
60 13 16 40 56 81 40 1838 3 10 8 7 0 11 11 14 0 19 14 12 1 6.0
61 70 16 40 23 17 40 45000 3 22 22 18 0 11 9 6 0 23 8 14 0 4.0
62 48 61 40 36 82 40 342 1 11 11 1 0 4.0
63 60 37 40 56 40 40 1443 1 28 7 7 1 5.0
64 55 80 40 36 32 40 12154 2 22 17 11 0 31 9 28 1 6.0
65 55 79 40 34 50 40 3207 1 18 14 7 0 5.0
66 62 67 40 37 24 40 113 1 10 7 2 0 6.0
67 25 65 40 33 83 40 13303 2 11 6 3 0 21 14 30 1 5.0
68 22 18 40 42 85 40 45000 2 34 25 30 0 9 6 4 0 4.0
69 14 51 40 19 29 40 359 1 15 9 7 1 6.0
70 25 45 40 24 61 40 1381 2 9 7 5 0 10 10 10 1 5.0
71 58 36 40 11 61 40 1545 2 9 7 9 0 11 9 8 0 5.0
72 28 75 40 68 45 40 45000 3 31 25 21 0 9 6 6 0 24 18 6 1 4.0
73 26 62 40 54 42 40 999 2 15 8 4 0 11 6 2 0 5.0
74 62 55 40 21 22 40 1745 3 11 11 20 0 17 17 20 0 11 6 2 1 6.0
75 68 60 40 12 58 40 1518 2 9 7 7 0 25 14 4 0 6.0
