7     75    45000 60    25    30   
0     40    50    0     40    50    1236  0     
1 10 16 40 50 18 40 2535 2 15 13 6 0 10 6 2 1 4.0
2 12 65 40 18 63 40 1921 2 10 10 10 0 9 9 6 1 5.0
3 45 24 40 15 53 40 4119 1 17 17 17 0 6.0
4 69 59 40 52 21 40 45000 3 11 10 16 0 9 6 2 0 16 16 10 0 4.0
5 63 52 40 50 36 40 7877 1 38 25 27 0 6.0
6 33 55 40 46 51 40 6423 2 17 17 6 0 32 20 9 0 6.0
7 21 27 40 33 31 40 7024 3 26 20 6 0 26 21 6 0 20 20 6 1 6.0
8 17 34 40 27 53 40 2244 3 13 8 5 0 9 9 6 0 12 11 30 1 6.0
9 26 44 40 57 49 40 841 1 12 9 3 1 4.0
10 68 25 40 12 34 40 42508 1 24 17 30 1 4.0
11 39 57 40 66 36 40 6096 1 58 25 3 1 5.0
12 68 50 40 23 35 40 3501 3 10 10 1 0 9 6 3 0 12 12 12 1 4.0
13 31 60 40 27 26 40 7115 2 26 17 3 0 12 12 9 1 4.0
14 56 74 40 54 60 40 6718 3 12 8 3 0 11 6 3 0 17 17 23 0 6.0
15 34 28 40 65 74 40 7275 1 26 25 16 0 6.0
16 48 75 40 37 58 40 20350 2 36 25 16 0 9 9 3 1 5.0
17 47 24 40 44 85 40 927 2 13 8 9 0 9 9 9 0 6.0
18 20 22 40 26 81 40 5468 2 12 12 12 0 35 23 5 0 6.0
19 15 73 40 68 36 40 45000 3 29 25 4 0 23 19 4 1 12 12 12 1 4.0
20 57 64 40 65 59 40 13755 3 21 21 24 0 10 7 5 1 21 5 6 1 5.0
21 60 23 40 50 42 40 3671 2 31 7 9 0 10 8 12 0 5.0
22 35 49 40 43 74 40 1401 3 10 7 2 0 13 13 13 0 10 8 7 0 6.0
23 29 21 40 67 81 40 575 2 15 10 15 0 9 8 5 1 6.0
24 33 46 40 25 30 40 2543 3 12 10 7 0 10 10 2 0 23 17 6 1 6.0
25 69 25 40 28 73 40 2966 1 14 9 7 0 4.0
26 69 39 40 36 69 40 6491 2 11 8 11 0 14 13 15 0 5.0
27 11 68 40 39 25 40 4933 2 13 11 10 0 14 13 14 0 5.0
28 18 77 40 57 21 40 45000 3 12 12 12 0 30 25 13 0 11 9 7 1 4.0
29 52 25 40 24 44 40 6305 3 10 6 6 0 17 17 12 0 20 16 12 1 6.0
30 63 70 40 59 61 40 14892 1 60 25 9 0 5.0
31 58 57 40 14 38 40 1742 1 10 8 9 0 4.0
32 47 71 40 46 42 40 15422 2 23 15 13 0 15 15 23 0 5.0
33 61 24 40 11 17 40 2005 2 9 6 6 0 31 25 2 0 5.0
34 69 33 40 29 56 40 2110 1 32 12 4 0 5.0
35 47 15 40 60 53 40 1235 2 8 6 6 0 13 10 7 0 5.0
36 59 71 40 10 40 40 5330 1 30 10 30 0 6.0
37 40 80 40 18 70 40 1003 1 28 9 3 1 5.0
38 10 50 40 28 60 40 548 1 12 9 3 0 5.0
39 28 20 40 61 65 40 1854 3 9 7 7 0 12 9 6 1 12 8 8 1 6.0
40 60 41 40 26 62 40 1340 1 9 9 9 0 4.0
41 14 54 40 41 18 40 340 1 12 9 6 1 6.0
42 53 20 40 43 60 40 6901 2 9 6 1 0 29 23 5 1 4.0
43 32 44 40 29 73 40 15975 2 15 15 6 0 20 20 6 1 4.0
44 50 25 40 35 59 40 8767 3 29 6 6 0 21 21 27 0 21 12 9 1 6.0
45 64 67 40 31 72 40 68 1 11 9 3 1 6.0
46 53 34 40 32 27 40 10374 2 12 12 15 0 11 10 9 1 4.0
47 40 38 40 70 43 40 715 1 9 8 12 0 6.0
48 18 42 40 46 23 40 4704 3 10 9 8 0 15 15 13 0 16 10 3 0 5.0
49 63 79 40 43 57 40 15414 2 17 17 6 0 17 12 17 0 4.0
50 36 53 40 26 48 40 886 2 13 9 2 0 9 9 9 1 6.0
51 39 81 40 50 20 40 397 1 10 9 5 0 6.0
52 16 65 40 32 52 40 12874 2 9 6 8 0 58 6 12 1 4.0
53 53 45 40 16 60 40 12661 3 9 9 9 0 44 25 12 0 16 10 1 0 6.0
54 60 40 40 67 51 40 39729 2 21 16 12 0 35 23 12 0 4.0
55 62 50 40 60 48 40 45000 3 22 22 7 0 24 20 9 0 17 17 17 1 4.0
56 50 19 40 40 35 40 7789 2 27 13 11 0 17 12 10 0 5.0
57 14 36 40 34 71 40 5939 2 43 10 8 0 17 17 3 1 5.0
58 19 61 40 19 21 40 20550 3 12 10 3 0 9 9 9 0 41 20 9 1 4.0
59 57 67 40 37 27 40 5521 3 17 15 9 0 23 23 19 0 9 9 17 0 6.0
60 51 70 40 61 42 40 627 1 13 9 5 0 5.0
61 35 20 40 34 49 40 45000 2 10 8 5 0 24 9 15 0 4.0
62 34 56 40 46 18 40 4338 2 19 15 7 0 15 12 10 1 5.0
63 56 40 40 65 15 40 17390 3 11 10 9 0 29 23 12 0 17 17 17 1 5.0
64 31 24 40 48 58 40 31127 2 15 15 15 0 20 20 6 1 4.0
65 54 33 40 46 54 40 33976 2 27 25 30 0 9 9 9 1 5.0
66 69 75 40 58 44 40 13568 1 26 12 23 0 4.0
67 52 55 40 70 39 40 45000 3 19 13 21 0 30 25 3 0 10 7 2 0 4.0
68 69 69 40 58 63 40 14537 1 60 25 7 0 5.0
69 59 78 40 10 23 40 9466 1 19 11 26 0 5.0
70 10 51 40 70 77 40 3468 2 12 9 15 0 9 6 5 1 4.0
71 46 72 40 13 69 40 87 1 11 6 2 0 6.0
72 66 61 40 60 19 40 7943 3 13 11 9 0 13 13 8 0 15 12 10 0 4.0
73 58 67 40 62 32 40 24730 3 23 23 12 0 9 6 6 0 19 19 21 0 5.0
74 52 32 40 14 81 40 5146 3 11 6 2 0 17 8 6 0 20 16 12 0 5.0
75 51 44 40 31 71 40 456 2 15 7 4 0 10 6 15 0 6.0
