7     75    45000 60    25    30   
0     40    50    0     40    50    1236  0     
1 24 48 40 26 45 40 8832 1 27 20 6 0 4.0
2 47 69 40 38 30 40 18174 2 12 7 9 1 31 25 11 1 5.0
3 19 47 40 42 26 40 3245 1 23 8 30 0 6.0
4 42 79 40 35 70 40 9776 3 11 10 4 0 25 20 15 0 9 7 6 1 5.0
5 67 49 40 25 52 40 46 1 9 6 4 0 6.0
6 43 27 40 40 26 40 5519 2 23 20 5 0 10 7 5 0 5.0
7 56 57 40 25 51 40 45000 3 29 24 13 0 8 7 12 0 12 8 8 1 4.0
8 60 49 40 65 46 40 14045 3 34 19 5 0 40 17 11 0 25 20 8 0 5.0
9 35 20 40 43 22 40 4624 2 25 23 6 1 23 6 3 1 5.0
10 37 75 40 60 56 40 5800 2 37 6 6 0 20 14 6 0 5.0
11 17 47 40 34 28 40 3663 2 12 9 5 0 45 25 2 1 5.0
12 61 44 40 63 50 40 1008 1 11 7 3 1 4.0
13 40 30 40 55 50 40 22273 3 14 10 6 0 20 11 18 0 10 6 6 1 4.0
14 63 51 40 43 31 40 45000 2 59 23 6 0 9 7 5 1 4.0
15 17 49 40 41 70 40 2398 3 18 16 16 0 17 17 6 0 15 15 6 1 6.0
16 34 73 40 40 22 40 5548 2 37 25 11 0 9 6 2 1 6.0
17 58 56 40 20 47 40 3103 1 11 11 10 0 4.0
18 40 32 40 40 81 40 1748 3 15 15 15 0 16 14 5 0 18 6 7 1 6.0
19 35 79 40 59 47 40 4360 2 9 7 8 0 11 9 8 0 4.0
20 39 80 40 45 30 40 642 1 11 11 6 0 6.0
21 45 82 40 64 46 40 5773 3 36 22 30 0 14 9 4 0 12 10 5 0 6.0
22 67 55 40 66 57 40 4265 1 9 9 9 1 4.0
23 47 77 40 37 82 40 4893 3 37 25 6 0 10 10 10 0 29 15 25 0 6.0
24 63 54 40 19 52 40 267 2 11 9 6 0 10 8 6 0 6.0
25 62 46 40 14 57 40 3376 1 9 6 4 1 4.0
26 36 29 40 43 26 40 1728 2 17 12 10 0 10 9 5 0 6.0
27 60 45 40 41 75 40 2858 1 14 11 14 1 5.0
28 23 50 40 46 81 40 1493 1 11 11 11 0 5.0
29 65 44 40 35 25 40 19966 3 25 15 16 0 11 7 7 0 29 16 14 0 5.0
30 19 46 40 27 51 40 7917 1 19 16 20 0 5.0
31 42 80 40 36 79 40 45000 3 11 8 8 0 25 25 16 0 32 15 15 1 4.0
32 39 82 40 46 27 40 726 3 16 9 3 0 27 13 4 0 11 9 6 0 6.0
33 34 74 40 62 51 40 7858 2 23 7 7 0 18 9 18 0 5.0
34 56 51 40 34 30 40 3623 2 39 6 6 0 9 7 4 1 4.0
35 41 76 40 58 54 40 17205 3 9 6 3 0 45 17 5 0 25 22 27 0 6.0
36 46 25 40 34 26 40 206 2 9 7 6 0 9 6 1 0 6.0
37 59 44 40 43 69 40 3887 1 9 7 9 0 4.0
38 64 53 40 27 57 40 941 2 24 17 3 0 10 8 5 0 6.0
39 38 76 40 26 54 40 8644 2 9 8 9 0 35 12 6 0 4.0
40 38 70 40 38 24 40 2741 2 20 17 11 0 17 10 7 1 6.0
41 18 49 40 44 19 40 4107 3 13 9 4 0 16 9 4 0 9 9 9 0 4.0
42 39 81 40 55 47 40 814 1 17 9 6 1 6.0
43 21 54 40 40 28 40 2466 1 19 12 7 1 5.0
44 34 69 40 47 74 40 8729 3 21 12 15 0 11 8 6 0 11 9 1 1 5.0
45 65 45 40 47 70 40 2219 2 22 16 8 0 19 11 7 1 6.0
46 61 53 40 58 44 40 45000 2 30 19 19 0 20 20 5 0 4.0
47 41 26 40 18 51 40 905 2 9 6 4 0 9 8 8 1 5.0
48 40 27 40 65 57 40 9138 3 9 9 11 0 28 19 17 0 11 8 7 1 6.0
49 17 48 40 41 69 40 18263 3 10 7 6 0 12 12 14 1 23 17 14 1 4.0
50 37 29 40 46 26 40 1507 3 19 19 25 0 11 8 6 0 11 9 1 0 6.0
51 16 55 40 36 27 40 24495 3 29 20 29 0 11 9 3 0 10 10 3 0 5.0
52 35 21 40 42 72 40 35864 3 25 14 7 0 11 7 7 0 37 25 13 1 4.0
53 38 81 40 24 54 40 2413 1 12 10 7 0 4.0
54 46 69 40 39 75 40 1033 2 9 6 3 0 36 8 3 0 5.0
55 23 45 40 57 47 40 11007 1 29 20 10 0 5.0
56 19 57 40 46 77 40 20832 2 16 12 3 0 57 25 11 1 5.0
57 40 21 40 16 44 40 3697 2 11 8 7 0 10 8 7 0 4.0
58 60 51 40 45 70 40 10380 2 12 10 15 0 14 10 2 0 4.0
59 56 53 40 39 26 40 801 2 10 7 7 0 9 6 6 0 5.0
60 37 19 40 39 27 40 2807 2 10 9 6 0 17 9 30 0 6.0
61 39 72 40 21 51 40 1058 2 9 6 3 0 11 6 5 0 5.0
62 14 46 40 54 51 40 8106 2 17 17 6 0 14 8 8 0 4.0
63 34 21 40 54 44 40 1894 1 14 8 14 1 5.0
64 20 50 40 17 52 40 37718 3 11 11 3 0 11 7 5 1 37 20 3 1 4.0
65 27 56 40 21 50 40 8564 3 31 25 11 0 14 14 11 0 18 18 10 0 6.0
66 44 69 40 40 74 40 164 1 12 8 4 0 6.0
67 43 71 40 56 50 40 12958 2 31 6 5 0 23 18 15 0 5.0
68 26 47 40 54 47 40 12133 3 17 11 2 0 33 25 23 0 15 9 6 1 6.0
69 59 57 40 54 49 40 2411 2 11 11 6 0 19 16 14 0 6.0
70 39 21 40 43 20 40 4758 1 39 6 6 0 4.0
71 19 56 40 45 27 40 2703 1 28 23 11 1 6.0
72 56 55 40 24 49 40 25680 2 37 14 25 0 9 9 6 1 5.0
73 24 52 40 24 51 40 45000 1 59 25 11 1 4.0
74 17 44 40 19 50 40 1140 1 12 11 5 0 5.0
75 45 74 40 41 31 40 18702 2 16 9 4 0 26 22 11 1 4.0
