7     75    45000 60    25    30   
0     40    50    0     40    50    1236  0     
1 10 16 40 50 18 40 6664 2 16 13 10 0 12 9 6 1 4.0
2 12 65 40 18 63 40 3605 2 22 13 6 0 13 8 3 1 5.0
3 45 24 40 15 53 40 423 1 12 9 9 0 6.0
4 69 59 40 52 21 40 12193 3 11 11 22 0 10 8 8 0 14 7 2 0 4.0
5 63 52 40 50 36 40 1851 1 21 15 14 0 6.0
6 33 55 40 46 51 40 2549 2 13 13 13 0 43 8 5 0 6.0
7 21 27 40 33 31 40 14621 3 13 13 9 0 21 16 17 0 26 9 16 1 5.0
8 17 34 40 27 53 40 3936 3 16 14 14 0 11 9 8 0 14 7 1 1 5.0
9 26 44 40 57 49 40 5650 1 22 16 9 1 5.0
10 68 25 40 12 34 40 15945 1 16 12 16 1 4.0
11 39 57 40 66 36 40 29316 1 23 18 30 1 4.0
12 68 50 40 23 35 40 3145 3 13 11 2 0 21 13 21 0 25 23 6 1 6.0
13 31 60 40 27 26 40 22546 2 16 13 3 0 24 21 6 1 4.0
14 56 74 40 54 60 40 18385 3 11 8 3 0 27 17 10 0 25 19 25 0 5.0
15 34 28 40 65 74 40 942 1 19 13 6 0 6.0
16 48 75 40 37 58 40 17037 2 13 13 13 0 11 8 11 1 4.0
17 47 24 40 44 85 40 628 2 16 16 6 0 14 10 9 0 6.0
18 20 22 40 26 81 40 6549 2 12 9 11 0 24 21 4 0 5.0
19 15 73 40 68 36 40 45000 3 13 9 6 0 26 23 7 1 13 10 8 1 4.0
20 57 64 40 65 59 40 10487 3 60 9 9 0 19 11 8 1 10 10 10 1 5.0
21 60 23 40 50 42 40 14371 2 40 22 22 0 16 10 22 0 6.0
22 35 49 40 43 74 40 3302 3 10 7 1 0 11 8 8 0 18 15 4 0 5.0
23 29 21 40 67 81 40 11464 2 41 25 4 0 18 13 4 1 4.0
24 33 46 40 25 30 40 15170 3 19 13 13 0 10 7 1 0 26 25 26 1 6.0
25 69 25 40 28 73 40 6659 1 28 22 6 0 5.0
26 69 39 40 36 69 40 5429 2 12 11 12 0 60 14 6 0 6.0
27 11 68 40 39 25 40 3936 2 19 13 6 0 26 9 16 0 6.0
28 18 77 40 57 21 40 15928 3 13 9 9 0 18 14 11 0 56 9 5 1 4.0
29 52 25 40 24 44 40 2716 3 13 9 1 0 17 15 13 0 25 18 1 1 6.0
30 63 70 40 59 61 40 1115 1 38 9 9 0 6.0
31 58 57 40 14 38 40 45000 1 26 25 25 0 4.0
32 47 71 40 46 42 40 643 2 21 9 3 0 11 11 17 0 6.0
33 61 24 40 11 17 40 965 2 15 14 4 0 13 10 7 0 6.0
34 69 33 40 29 56 40 4608 1 10 10 10 0 4.0
35 47 15 40 60 53 40 9891 2 41 22 22 0 14 14 15 0 6.0
36 59 71 40 10 40 40 2987 1 35 20 7 0 6.0
37 40 80 40 18 70 40 2174 1 11 8 11 1 4.0
38 10 50 40 28 60 40 272 1 10 8 4 0 6.0
39 28 20 40 61 65 40 3629 3 10 7 2 0 20 20 7 1 13 10 1 1 5.0
40 60 41 40 26 62 40 7923 1 17 16 13 0 4.0
41 14 54 40 41 18 40 15064 1 56 25 9 1 5.0
42 53 20 40 43 60 40 2177 2 22 13 8 0 16 16 1 1 6.0
43 32 44 40 29 73 40 30717 2 24 24 6 0 10 7 2 1 4.0
44 50 25 40 35 59 40 4710 3 11 8 5 0 16 13 3 0 23 11 3 1 4.0
45 64 67 40 31 72 40 2168 1 14 12 12 1 5.0
46 53 34 40 32 27 40 2675 2 19 19 3 0 10 8 2 1 4.0
47 40 38 40 70 43 40 1159 1 10 9 10 0 5.0
48 18 42 40 46 23 40 7561 3 17 11 8 0 19 13 6 0 18 17 6 0 5.0
49 63 79 40 43 57 40 16057 2 21 21 5 0 10 8 10 0 4.0
50 36 53 40 26 48 40 4694 2 21 14 8 0 21 20 4 1 5.0
51 39 81 40 50 20 40 320 1 10 7 5 0 5.0
52 16 65 40 32 52 40 2078 2 14 11 10 0 13 11 6 1 5.0
53 53 45 40 16 60 40 23622 3 23 16 18 0 10 7 7 0 29 22 7 0 5.0
54 60 40 40 67 51 40 3960 2 45 25 3 0 40 11 8 0 6.0
55 62 50 40 60 48 40 13518 3 15 10 14 0 10 8 8 0 19 13 7 1 4.0
56 50 19 40 40 35 40 10492 2 15 13 14 0 11 8 6 0 4.0
57 14 36 40 34 71 40 4586 2 25 25 24 0 18 11 6 1 6.0
58 19 61 40 19 21 40 18478 3 13 7 17 0 10 7 8 0 60 19 9 1 5.0
59 57 67 40 37 27 40 34259 3 25 25 30 0 19 19 9 0 10 7 1 0 5.0
60 51 70 40 61 42 40 9361 1 25 13 19 0 5.0
61 35 20 40 34 49 40 25410 2 20 13 11 0 21 16 8 0 4.0
62 34 56 40 46 18 40 11481 2 13 13 19 0 22 19 13 1 5.0
63 56 40 40 65 15 40 3335 3 10 10 3 0 12 8 5 0 13 11 11 1 5.0
64 31 24 40 48 58 40 45000 2 31 25 19 0 16 13 10 1 4.0
65 54 33 40 46 54 40 837 2 14 10 4 0 11 9 8 1 6.0
66 69 75 40 58 44 40 408 1 16 11 1 0 4.0
67 52 55 40 70 39 40 5519 3 19 13 9 0 23 19 3 0 10 8 10 0 5.0
68 69 69 40 58 63 40 453 1 25 25 2 0 6.0
69 59 78 40 10 23 40 590 1 13 10 3 0 5.0
70 10 51 40 70 77 40 15583 2 16 10 18 0 12 11 9 1 4.0
71 46 72 40 13 69 40 2659 1 22 21 20 0 6.0
72 66 61 40 60 19 40 6400 3 23 19 19 0 21 16 17 0 38 7 10 0 6.0
73 58 67 40 62 32 40 45000 3 33 11 30 0 12 11 18 0 13 8 7 0 4.0
74 52 32 40 14 81 40 2675 3 23 16 4 0 38 14 8 0 10 7 1 0 6.0
75 51 44 40 31 71 40 14616 2 26 13 13 0 13 13 13 0 4.0
