7     75    45000 60    25    30   
0     40    50    0     40    50    1236  0     
1 72 56 40 18 19 40 6341 1 20 9 15 0 4.0
2 39 28 40 63 69 40 420 2 9 7 14 1 9 6 3 1 6.0
3 48 71 40 56 69 40 3758 1 20 20 23 0 6.0
4 34 30 40 9 75 40 24643 3 15 6 2 0 11 11 8 0 23 11 11 1 4.0
5 37 21 40 24 71 40 1128 1 17 17 17 0 6.0
6 65 55 40 66 25 40 3794 2 26 20 10 0 9 7 2 0 6.0
7 41 83 40 9 66 40 45000 3 27 16 3 0 9 7 2 0 33 25 30 1 5.0
8 42 20 40 70 21 40 8469 3 11 11 11 0 11 11 9 0 20 14 4 0 4.0
9 37 27 40 24 30 40 2161 2 12 9 2 1 11 11 9 1 5.0
10 35 34 40 62 68 40 8335 2 11 11 10 0 15 11 7 0 4.0
11 35 71 40 67 26 40 2151 2 15 15 4 0 15 8 5 1 5.0
12 64 55 40 69 25 40 5778 1 26 20 9 1 5.0
13 46 27 40 61 26 40 28825 3 20 19 10 0 17 17 17 0 15 10 7 1 4.0
14 12 48 40 66 33 40 489 2 9 9 6 0 10 7 2 1 6.0
15 44 34 40 62 31 40 6796 3 10 10 6 0 27 21 9 0 11 9 6 1 5.0
16 62 56 40 72 71 40 8694 2 19 7 11 0 17 15 10 1 4.0
17 40 76 40 22 73 40 3252 1 28 25 3 0 5.0
18 40 78 40 19 26 40 1075 3 17 9 6 0 11 9 6 0 9 6 5 1 6.0
19 72 53 40 12 80 40 20031 2 17 17 17 0 27 20 2 0 4.0
20 40 81 40 8 26 40 700 1 13 9 3 0 5.0
21 14 47 40 25 67 40 13359 3 34 17 3 0 24 11 8 0 28 20 11 0 5.0
22 40 28 40 57 72 40 45000 1 48 25 30 1 5.0
23 15 57 40 8 21 40 14764 3 11 11 11 0 13 10 11 0 18 12 12 0 4.0
24 32 27 40 12 22 40 14836 2 39 6 6 0 20 11 30 0 5.0
25 73 57 40 56 23 40 1412 1 9 6 5 1 4.0
26 32 81 40 25 29 40 982 2 11 6 3 0 40 14 9 0 6.0
27 32 76 40 11 67 40 1814 1 20 16 9 1 6.0
28 16 43 40 21 22 40 45000 1 29 15 25 0 4.0
29 19 42 40 72 35 40 8587 3 12 9 3 0 11 7 3 0 31 17 30 0 6.0
30 40 74 40 66 78 40 3954 1 60 23 6 0 6.0
31 37 75 40 68 68 40 35572 3 34 25 6 0 9 7 17 0 32 18 6 1 4.0
32 13 52 40 21 72 40 7193 3 27 11 11 0 23 12 4 0 12 12 12 0 5.0
33 60 54 40 66 73 40 7580 2 28 19 4 0 28 7 9 0 5.0
34 59 52 40 59 23 40 9869 2 11 11 11 0 17 9 9 1 4.0
35 18 46 40 60 80 40 5293 3 27 15 10 0 23 11 14 0 14 14 3 0 6.0
36 61 57 40 10 32 40 2284 2 24 7 8 0 26 19 6 0 6.0
37 61 44 40 16 19 40 166 1 10 6 4 0 6.0
38 19 59 40 11 70 40 2565 2 18 12 12 0 11 11 7 0 6.0
39 36 80 40 71 72 40 9613 2 26 12 22 0 19 6 7 0 5.0
40 61 53 40 62 72 40 6777 2 17 17 6 0 17 17 11 1 5.0
41 63 57 40 73 19 40 23964 3 14 10 1 0 16 16 30 0 23 17 28 0 5.0
42 46 28 40 65 83 40 349 1 28 7 7 1 6.0
43 43 79 40 19 78 40 1067 1 11 9 2 1 4.0
44 49 25 40 16 71 40 9480 3 24 16 12 0 15 9 9 0 21 20 13 1 6.0
45 12 44 40 12 29 40 7656 2 9 7 7 0 22 19 6 1 4.0
46 19 49 40 72 70 40 4351 2 17 6 10 0 11 9 3 0 4.0
47 43 74 40 66 19 40 9170 2 11 11 8 0 23 17 28 1 6.0
48 38 34 40 8 28 40 3151 3 10 10 7 0 14 13 9 0 25 25 10 1 6.0
49 42 69 40 12 26 40 4352 3 9 6 1 0 13 11 8 1 15 15 3 1 4.0
50 35 30 40 56 79 40 9084 3 13 10 8 0 10 7 2 0 23 23 11 0 5.0
51 57 46 40 58 82 40 12570 3 18 18 19 0 26 20 9 0 15 14 12 0 5.0
52 47 77 40 12 19 40 7956 3 16 9 13 0 10 9 5 0 9 9 7 1 4.0
53 73 43 40 68 67 40 9084 1 18 12 21 0 4.0
54 45 67 40 16 69 40 1043 2 9 6 1 0 48 25 6 0 6.0
55 14 56 40 69 23 40 865 1 14 8 4 0 5.0
56 17 59 40 69 73 40 3493 2 14 6 6 0 23 16 11 1 6.0
57 48 32 40 64 27 40 1491 2 17 9 9 0 20 14 6 0 6.0
58 35 26 40 15 77 40 12695 2 18 16 9 0 28 20 6 0 4.0
59 66 50 40 62 19 40 4305 2 17 11 30 0 15 14 6 0 6.0
60 16 50 40 71 81 40 8904 2 11 11 11 0 14 14 14 0 4.0
61 10 51 40 23 69 40 5089 2 11 11 9 0 14 11 5 0 4.0
62 16 51 40 22 30 40 4626 2 17 17 17 0 9 9 6 0 6.0
63 14 55 40 15 69 40 1450 1 12 9 9 1 5.0
64 35 31 40 19 33 40 15655 3 26 20 9 0 11 9 6 1 10 9 7 1 4.0
65 58 49 40 67 21 40 12335 3 9 9 9 0 24 20 4 0 20 20 10 0 5.0
66 23 57 40 21 26 40 2444 1 20 15 8 0 5.0
67 68 46 40 13 79 40 2249 2 14 8 2 0 11 9 3 0 4.0
68 45 73 40 24 26 40 9266 3 39 7 5 0 32 10 10 0 14 12 5 1 5.0
69 40 72 40 22 77 40 4100 2 19 14 14 0 11 10 8 0 5.0
70 68 45 40 65 22 40 33475 1 22 16 17 0 4.0
71 24 56 40 25 76 40 293 1 9 6 5 1 5.0
72 38 33 40 22 25 40 1972 2 18 18 21 0 11 11 16 1 6.0
73 71 42 40 71 76 40 9517 1 19 9 30 1 5.0
74 39 71 40 56 34 40 10979 1 21 20 30 0 6.0
75 13 50 40 10 73 40 7074 2 16 10 6 0 10 9 7 1 4.0
