7     75    45000 60    25    30   
0     40    50    0     40    50    1236  0     
1 57 19 40 39 26 40 24881 3 24 18 5 0 11 6 8 1 28 23 10 1 4.0
2 58 36 40 48 60 40 21274 5 20 8 28 0 10 9 4 0 22 18 14 0 8 6 6 0 8 6 4 0 5.0
3 25 80 40 12 31 40 1074 2 21 18 4 0 9 7 5 1 6.0
4 13 69 40 61 47 40 11545 4 26 21 12 0 8 7 11 0 11 8 7 1 30 17 4 1 5.0
5 26 63 40 51 57 40 1847 2 36 15 10 0 23 18 8 0 6.0
6 13 43 40 55 29 40 11183 5 23 20 5 0 20 6 3 0 33 6 6 0 18 13 5 1 11 8 4 1 5.0
7 70 70 40 14 79 40 32915 5 41 25 2 0 10 7 3 0 13 9 6 0 18 10 16 1 9 6 5 1 4.0
8 52 58 40 37 49 40 8322 3 53 20 5 0 8 7 5 0 16 14 14 1 5.0
9 30 64 40 70 15 40 2358 2 15 15 5 0 13 13 5 1 5.0
10 59 34 40 10 30 40 15059 1 34 23 10 0 5.0
11 32 73 40 15 45 40 6106 4 8 6 2 0 10 10 9 0 14 14 14 0 14 13 5 1 5.0
12 39 52 40 63 84 40 2933 1 16 6 7 1 4.0
13 55 52 40 49 77 40 45000 4 8 6 7 0 10 8 7 0 10 10 5 0 32 19 30 0 4.0
14 26 36 40 61 84 40 45000 5 13 8 4 0 11 9 4 0 8 8 8 0 34 24 6 0 9 9 9 0 4.0
15 69 65 40 54 26 40 2819 4 26 14 22 0 10 8 6 0 9 8 5 0 8 6 4 0 6.0
16 43 69 40 16 19 40 801 1 15 11 9 0 6.0
17 46 77 40 23 30 40 7822 3 9 8 5 0 13 10 13 0 10 10 10 1 4.0
18 58 79 40 43 76 40 4894 5 22 13 15 0 10 6 7 0 26 15 13 0 17 14 18 0 10 8 8 0 6.0
19 34 54 40 32 43 40 24913 1 23 23 14 1 4.0
20 32 29 40 57 18 40 5852 4 28 13 13 0 14 8 3 0 24 12 4 0 10 8 5 0 6.0
21 16 52 40 50 38 40 980 4 20 6 6 0 16 8 16 0 35 6 6 0 8 6 4 1 6.0
22 17 17 40 19 30 40 842 1 8 6 3 0 4.0
23 45 41 40 51 51 40 3602 4 41 15 4 0 22 19 24 0 8 6 6 1 8 6 1 1 6.0
24 25 35 40 68 85 40 95 1 8 6 8 0 6.0
25 16 23 40 57 15 40 45000 4 22 15 3 0 9 7 4 0 8 8 8 0 32 11 5 0 4.0
26 56 36 40 43 32 40 3392 5 18 15 10 0 15 9 6 0 12 8 4 0 15 8 4 0 8 8 8 1 6.0
27 28 16 40 61 62 40 954 1 15 8 6 0 5.0
28 47 19 40 14 52 40 1258 1 17 11 6 1 5.0
29 11 72 40 57 52 40 8573 4 19 11 13 0 10 8 5 0 10 8 1 0 20 15 8 0 5.0
30 47 46 40 15 39 40 13177 3 17 10 6 0 27 17 17 0 18 18 4 0 5.0
31 13 84 40 10 68 40 24858 4 8 6 4 0 8 8 8 0 8 8 10 0 25 17 15 1 4.0
32 31 63 40 12 44 40 3882 5 10 8 7 0 9 7 5 0 11 11 13 0 20 15 13 1 17 17 23 1 6.0
33 41 75 40 38 83 40 25048 4 10 8 5 0 10 8 1 0 26 18 26 1 10 8 3 1 5.0
34 63 56 40 49 50 40 532 1 9 9 3 1 4.0
35 25 52 40 54 76 40 12102 5 23 13 7 0 10 7 6 0 33 25 12 0 11 9 7 0 8 6 3 1 6.0
36 67 85 40 47 33 40 2378 2 32 8 3 0 26 18 9 1 6.0
37 51 82 40 33 51 40 45000 5 15 11 3 0 51 23 10 0 10 8 6 0 9 8 7 0 11 9 13 0 4.0
38 67 62 40 15 22 40 125 1 12 9 2 0 6.0
39 63 71 40 44 76 40 1858 2 9 7 7 0 8 6 5 1 4.0
40 62 52 40 59 25 40 2415 4 9 8 5 0 15 8 30 1 8 6 3 1 10 6 4 1 6.0
41 61 65 40 42 17 40 9009 5 15 15 5 0 13 8 8 0 13 8 13 0 10 10 3 1 10 7 4 1 4.0
42 62 71 40 12 70 40 7566 2 33 18 3 0 27 25 10 0 6.0
43 21 34 40 40 63 40 2225 1 12 12 10 1 5.0
44 42 64 40 46 36 40 6457 3 16 16 9 0 11 7 4 1 27 6 4 1 5.0
45 59 67 40 20 51 40 10289 4 21 16 13 0 15 10 2 0 29 25 20 0 14 8 6 0 6.0
46 45 63 40 34 65 40 45000 4 10 10 5 0 17 14 13 0 35 6 6 0 25 20 10 1 4.0
47 16 28 40 55 54 40 27470 5 33 13 22 0 8 8 5 0 53 25 10 0 11 10 5 0 15 8 4 1 5.0
48 49 35 40 53 60 40 11759 4 23 20 10 0 11 7 5 0 25 15 20 0 26 6 7 0 6.0
49 69 81 40 19 79 40 18944 3 18 10 15 0 15 13 25 1 10 9 7 1 4.0
50 55 17 40 60 81 40 616 3 14 12 4 0 9 8 11 0 23 18 6 0 6.0
51 46 29 40 21 16 40 9369 4 20 10 25 0 9 7 2 0 7 7 8 1 11 8 13 1 5.0
52 14 26 40 53 49 40 14569 5 8 6 6 0 8 8 10 1 11 11 11 1 12 10 7 1 20 15 10 1 4.0
53 51 38 40 27 73 40 9591 2 17 8 8 0 15 10 15 1 4.0
54 41 17 40 17 27 40 3343 3 8 6 3 0 16 9 6 0 17 8 17 0 5.0
55 53 24 40 32 15 40 6490 1 18 10 19 0 5.0
56 11 41 40 14 21 40 246 1 8 8 3 0 5.0
57 37 26 40 24 56 40 5721 2 15 10 10 0 8 8 5 1 4.0
58 51 70 40 50 54 40 38855 4 8 8 18 0 23 23 10 0 15 10 8 0 8 6 3 1 4.0
59 48 83 40 70 43 40 866 2 10 8 3 0 10 8 8 0 5.0
60 68 36 40 51 34 40 4186 2 18 13 5 0 40 6 27 0 6.0
61 45 54 40 47 22 40 464 2 10 6 2 0 12 8 1 0 5.0
62 62 72 40 41 81 40 19335 4 14 13 11 0 15 15 15 0 10 10 8 0 8 6 2 0 4.0
63 31 71 40 67 81 40 10301 3 8 8 6 0 27 19 15 0 15 10 3 0 5.0
64 47 45 40 22 81 40 45000 4 8 6 3 0 20 8 2 0 18 18 13 0 20 16 5 1 4.0
65 38 37 40 32 30 40 5593 5 16 16 18 0 9 9 3 0 11 11 11 0 10 6 3 0 21 13 10 1 6.0
66 19 53 40 56 24 40 426 1 10 10 10 0 6.0
67 35 28 40 12 52 40 4372 2 9 9 9 0 35 24 2 0 5.0
68 59 80 40 69 67 40 5328 4 18 15 10 0 32 25 7 0 8 6 4 0 9 8 5 0 6.0
69 35 49 40 40 70 40 779 3 11 11 9 0 10 6 2 0 10 8 5 1 6.0
70 48 79 40 39 65 40 5883 4 10 8 1 0 13 12 5 0 23 6 6 1 8 6 1 1 4.0
71 26 46 40 13 73 40 1908 1 25 20 10 0 6.0
72 36 82 40 53 50 40 2810 3 12 8 4 0 14 7 3 0 36 11 2 1 5.0
73 18 77 40 16 30 40 19093 2 10 6 5 0 22 17 12 0 4.0
74 36 69 40 67 61 40 20723 1 24 20 25 0 5.0
75 48 22 40 43 35 40 817 1 15 10 2 0 4.0
