7     75    45000 60    25    30   
0     40    50    0     40    50    1236  0     
1 35 72 40 45 77 40 37093 4 24 18 5 0 11 6 8 0 28 23 10 1 20 8 28 1 4.0
2 36 74 40 20 49 40 15462 5 10 9 4 0 22 18 14 0 8 6 6 0 8 6 4 1 21 18 4 1 5.0
3 60 54 40 23 56 40 185 1 9 7 5 0 6.0
4 64 51 40 14 52 40 9148 3 26 21 12 0 8 7 11 0 11 8 7 1 5.0
5 47 80 40 45 76 40 1545 2 30 17 4 0 35 15 10 0 6.0
6 61 49 40 56 51 40 14911 4 23 18 8 0 23 20 5 0 20 6 3 0 33 6 6 0 5.0
7 41 73 40 59 53 40 18967 3 18 13 5 0 11 8 4 0 40 25 2 0 4.0
8 20 57 40 46 75 40 3621 3 10 7 3 0 13 9 6 0 18 10 16 0 5.0
9 58 52 40 57 50 40 323 1 9 6 5 0 5.0
10 56 55 40 41 75 40 20578 5 53 20 5 0 8 7 5 0 16 14 14 0 15 15 5 0 13 13 5 0 5.0
11 45 81 40 44 25 40 10092 2 33 23 10 0 8 6 2 0 5.0
12 22 50 40 37 77 40 24275 5 10 10 9 0 14 14 14 0 14 13 5 1 16 6 7 1 8 6 7 1 4.0
13 47 22 40 40 21 40 45000 4 10 8 7 0 10 10 5 0 32 19 30 0 13 8 4 1 4.0
14 42 32 40 39 70 40 45000 5 11 9 4 0 8 8 8 0 33 24 6 0 9 9 9 0 26 14 22 1 4.0
15 26 44 40 40 31 40 150 1 10 8 6 1 6.0
16 38 21 40 58 57 40 1293 4 9 8 5 0 8 6 4 0 15 11 9 0 9 8 5 0 6.0
17 47 24 40 63 48 40 6899 2 13 10 13 0 10 10 10 0 4.0
18 25 48 40 43 27 40 4681 4 22 13 15 0 10 6 7 0 26 15 13 0 17 14 18 1 6.0
19 40 26 40 36 27 40 45000 5 10 8 8 0 23 23 14 0 28 13 13 0 14 8 3 0 24 12 4 0 4.0
20 21 45 40 35 74 40 2801 3 10 8 5 0 20 6 6 1 16 8 16 1 6.0
21 39 24 40 34 32 40 293 1 35 6 6 0 6.0
22 20 51 40 46 70 40 45000 4 8 6 4 0 8 6 3 0 40 15 4 0 22 19 24 1 4.0
23 36 30 40 44 19 40 94 2 8 6 6 0 8 6 1 1 6.0
24 46 30 40 45 75 40 955 5 8 6 8 0 22 15 3 0 9 7 4 0 8 8 8 1 31 11 5 1 6.0
25 16 56 40 23 55 40 45000 3 18 15 10 0 15 9 6 0 12 8 4 1 4.0
26 25 56 40 37 28 40 1188 3 15 8 4 0 8 8 8 0 15 8 6 1 6.0
27 60 55 40 60 46 40 1487 1 17 11 6 0 5.0
28 42 20 40 42 25 40 6278 4 19 11 13 0 10 8 5 0 10 8 1 0 20 15 8 1 5.0
29 39 73 40 42 69 40 16578 5 17 10 6 0 27 17 17 0 18 18 4 1 8 6 4 1 8 8 8 1 5.0
30 46 78 40 60 49 40 833 1 8 8 10 0 5.0
31 26 49 40 65 46 40 28413 4 25 17 15 0 10 8 7 0 9 7 5 0 11 11 13 0 4.0
32 40 80 40 64 54 40 3294 4 20 15 13 0 17 17 23 0 10 8 5 0 10 8 1 0 6.0
33 37 75 40 64 53 40 23649 1 26 18 26 0 5.0
34 67 49 40 23 47 40 1057 2 10 8 3 0 9 9 3 0 4.0
35 25 49 40 37 76 40 11338 3 23 13 7 0 10 7 6 0 33 25 12 0 6.0
36 60 50 40 45 20 40 3014 5 11 9 7 0 8 6 3 0 32 8 3 1 26 18 9 1 15 11 3 1 6.0
37 22 53 40 35 21 40 45000 4 51 23 10 0 10 8 6 0 9 8 7 1 11 9 13 1 4.0
38 20 55 40 63 56 40 125 1 12 9 2 1 6.0
39 41 21 40 36 75 40 13057 5 9 7 7 0 8 6 5 0 9 8 5 0 15 8 30 0 8 6 3 1 4.0
40 47 19 40 14 54 40 2140 5 10 6 4 0 15 15 5 0 13 8 8 0 13 8 13 0 10 10 3 1 6.0
41 34 70 40 39 74 40 23749 4 10 7 4 0 33 18 3 0 27 25 10 0 12 12 10 1 4.0
42 39 32 40 24 50 40 6765 4 16 16 9 0 11 7 4 0 27 6 4 1 21 16 13 1 6.0
43 44 26 40 60 47 40 23904 3 15 10 2 0 29 25 20 0 14 8 6 0 5.0
44 58 48 40 45 72 40 19518 4 10 10 5 0 17 14 13 0 35 6 6 0 25 20 10 1 5.0
45 39 28 40 24 47 40 5060 2 33 13 22 0 8 8 5 0 6.0
46 21 57 40 15 44 40 45000 1 53 25 10 1 4.0
47 66 49 40 35 75 40 629 1 11 10 5 0 5.0
48 47 71 40 38 72 40 11229 4 15 8 4 0 23 20 10 0 11 7 5 0 25 15 20 1 6.0
49 55 55 40 15 52 40 2521 1 26 6 7 1 4.0
50 35 25 40 38 74 40 1510 5 18 10 15 0 15 13 25 0 10 9 7 1 14 12 4 1 9 8 11 1 6.0
51 40 19 40 57 56 40 3493 1 23 18 6 0 5.0
52 34 19 40 54 51 40 11944 1 20 10 25 0 4.0
53 41 26 40 45 30 40 4775 3 9 7 2 0 7 7 8 0 11 8 13 1 4.0
54 20 56 40 65 44 40 934 2 8 6 6 0 8 8 10 1 5.0
55 67 56 40 57 57 40 11878 4 11 11 11 0 12 10 7 0 20 15 10 0 17 8 8 0 5.0
56 14 49 40 59 49 40 3069 2 15 10 15 0 8 6 3 0 5.0
57 21 50 40 17 55 40 2716 1 16 9 6 0 4.0
58 62 45 40 54 57 40 29563 3 17 8 17 0 18 10 19 0 8 8 3 1 4.0
59 67 50 40 36 81 40 8135 4 15 10 10 0 8 8 5 1 8 8 18 1 23 23 10 1 5.0
60 18 47 40 43 74 40 1857 5 15 10 8 0 8 6 3 0 10 8 3 0 10 8 8 1 18 13 5 1 6.0
61 64 45 40 42 81 40 13839 2 39 6 27 0 10 6 2 1 5.0
62 47 79 40 20 44 40 296 1 12 8 1 1 4.0
63 46 79 40 60 53 40 8040 5 14 13 11 0 15 15 15 0 10 10 8 0 8 6 2 1 8 8 6 1 5.0
64 44 72 40 18 50 40 45000 5 27 19 15 0 15 10 3 0 8 6 3 0 20 8 2 0 18 18 13 1 4.0
65 15 51 40 40 22 40 3819 2 20 16 5 0 16 16 18 0 6.0
66 61 51 40 46 19 40 671 2 9 9 3 0 11 11 11 1 6.0
67 59 46 40 18 48 40 7096 3 10 6 3 0 21 13 10 0 10 10 10 0 5.0
68 62 57 40 36 70 40 6417 4 9 9 9 0 34 24 2 0 18 15 10 0 32 25 7 0 6.0
69 27 54 40 35 79 40 93 1 8 6 4 0 6.0
70 39 79 40 46 27 40 1220 1 9 8 5 0 4.0
71 46 31 40 19 55 40 461 2 11 11 9 0 10 6 2 0 6.0
72 14 46 40 60 51 40 3991 4 10 8 5 0 10 8 1 0 13 12 5 0 23 6 6 0 5.0
73 21 56 40 40 28 40 22834 4 8 6 1 0 25 20 10 0 12 8 4 0 14 7 3 0 4.0
74 39 29 40 45 21 40 30359 4 36 11 2 0 10 6 5 0 22 17 12 0 24 20 25 0 5.0
75 39 77 40 14 47 40 817 1 15 10 2 0 4.0
