7     75    45000 60    25    30   
0     40    50    0     40    50    1236  0     
1 21 15 40 43 21 40 10027 5 13 11 5 0 9 5 1 0 9 8 9 0 8 8 5 0 15 15 15 1 4.0
2 43 30 40 58 20 40 1303 1 9 8 14 1 5.0
3 54 80 40 65 53 40 15975 3 8 5 1 0 13 13 8 0 32 24 23 0 6.0
4 26 50 40 55 82 40 45000 2 15 15 5 0 27 17 7 0 4.0
5 14 54 40 50 52 40 1805 5 22 17 5 0 22 18 5 0 17 17 5 0 11 6 4 0 8 8 5 0 6.0
6 31 55 40 66 57 40 10306 5 10 9 25 0 10 8 2 0 20 14 26 0 49 23 2 0 9 9 1 1 6.0
7 43 32 40 10 42 40 2060 4 8 5 3 0 10 10 10 0 22 15 2 1 10 10 8 1 6.0
8 36 72 40 34 84 40 54 1 10 6 2 0 6.0
9 53 78 40 26 18 40 11921 2 9 5 2 0 15 15 20 1 4.0
10 65 45 40 10 81 40 45000 2 22 22 14 0 31 23 13 0 4.0
11 44 30 40 24 78 40 3072 4 8 8 2 0 11 7 8 0 8 7 8 1 10 10 10 1 5.0
12 30 85 40 62 84 40 4223 1 30 20 4 0 4.0
13 26 76 40 64 21 40 7693 2 25 25 3 0 20 16 3 1 4.0
14 42 30 40 25 32 40 7564 4 10 10 10 0 18 18 20 0 8 6 4 0 18 4 5 0 6.0
15 58 42 40 64 54 40 1322 3 27 6 8 0 9 6 10 0 9 6 1 1 6.0
16 10 82 40 63 73 40 1850 1 11 11 11 1 5.0
17 69 81 40 49 43 40 1189 4 8 7 6 0 12 8 12 0 7 6 4 0 10 8 6 1 6.0
18 65 75 40 47 64 40 122 1 8 8 2 0 6.0
19 65 35 40 34 66 40 39296 4 20 15 5 0 12 8 6 0 9 7 9 1 12 11 13 1 4.0
20 61 73 40 36 73 40 4016 3 11 9 8 0 12 11 12 0 10 10 10 0 5.0
21 34 56 40 22 22 40 8473 2 26 22 11 0 9 8 6 0 5.0
22 44 36 40 19 39 40 6114 5 8 5 5 0 15 15 10 0 17 13 10 0 52 21 7 0 8 6 7 1 6.0
23 20 71 40 21 76 40 581 1 20 12 11 0 6.0
24 62 21 40 12 69 40 3855 5 12 12 20 0 8 5 5 0 26 21 2 0 27 10 3 0 6 5 5 0 6.0
25 66 72 40 53 38 40 19962 2 11 8 6 0 26 8 26 0 4.0
26 35 30 40 38 57 40 3412 5 24 8 3 0 10 8 3 0 8 6 6 0 10 7 5 0 10 7 7 0 5.0
27 35 71 40 46 47 40 4404 5 8 7 7 0 10 8 5 0 8 5 1 0 25 20 4 1 12 12 5 1 5.0
28 44 16 40 27 80 40 45000 4 17 17 5 0 25 5 5 0 18 18 23 1 18 10 8 1 4.0
29 36 22 40 65 55 40 1520 3 9 8 2 0 10 10 12 0 9 8 7 0 6.0
30 67 41 40 39 67 40 530 1 8 6 10 0 5.0
31 60 69 40 40 23 40 13621 5 8 8 7 0 12 12 11 0 14 8 2 0 15 15 5 1 15 10 15 1 4.0
32 50 19 40 20 30 40 123 1 11 7 1 0 5.0
33 31 61 40 18 57 40 4324 5 8 8 8 0 9 8 4 0 8 5 7 0 49 5 10 0 8 8 8 0 5.0
34 41 31 40 29 84 40 12879 2 37 25 10 0 14 9 1 0 5.0
35 69 55 40 60 36 40 17437 5 18 14 10 0 30 20 10 0 19 19 6 0 21 17 8 1 15 15 15 1 5.0
36 16 71 40 40 33 40 1349 1 23 11 9 1 6.0
37 59 83 40 56 29 40 4443 2 15 10 9 1 37 9 6 1 5.0
38 26 28 40 43 49 40 1931 3 15 15 2 0 10 9 2 0 8 8 8 1 5.0
39 51 19 40 66 36 40 13324 4 35 17 8 0 14 12 8 0 20 20 16 1 8 7 15 1 6.0
40 68 61 40 19 54 40 647 1 11 8 4 0 4.0
41 22 56 40 34 41 40 2209 4 9 7 4 0 21 7 12 0 16 12 6 0 13 10 8 1 6.0
42 27 21 40 40 15 40 24688 5 9 8 8 0 25 20 10 0 15 15 15 0 12 12 12 0 17 17 5 1 4.0
43 70 26 40 58 64 40 45000 5 23 23 30 0 8 8 8 0 22 10 20 0 16 11 18 0 26 25 3 1 4.0
44 62 28 40 45 60 40 6373 3 8 6 2 0 52 25 6 0 16 9 22 1 6.0
45 65 48 40 36 41 40 606 5 10 7 12 0 8 5 4 0 9 5 2 1 11 9 7 1 11 11 7 1 6.0
46 22 38 40 67 54 40 32729 5 13 10 8 0 20 20 10 0 8 5 5 0 16 16 18 1 9 5 2 1 4.0
47 10 50 40 15 29 40 5635 5 15 6 5 0 17 13 10 0 13 6 3 1 9 5 12 1 15 15 15 1 6.0
48 15 37 40 59 43 40 12201 2 36 25 11 0 10 8 10 0 5.0
49 24 39 40 41 36 40 779 2 9 5 3 0 8 8 2 0 4.0
50 12 31 40 60 51 40 2119 1 12 12 16 0 6.0
51 11 60 40 16 84 40 978 2 9 6 2 0 10 10 10 0 6.0
52 24 74 40 69 27 40 17769 3 13 10 9 0 19 14 15 0 20 12 5 0 4.0
53 56 57 40 26 43 40 431 2 10 8 1 0 10 8 5 0 6.0
54 54 21 40 38 82 40 9198 5 10 9 12 0 9 8 4 0 12 5 4 1 10 10 11 1 11 7 6 1 4.0
55 23 80 40 36 29 40 39115 3 12 10 7 0 9 5 4 0 25 12 27 0 4.0
56 46 22 40 32 31 40 18240 2 21 10 5 1 28 24 19 1 5.0
57 55 39 40 65 84 40 8809 4 9 6 9 0 10 7 5 0 30 21 8 0 8 8 8 1 5.0
58 45 41 40 51 31 40 7558 2 41 25 3 0 8 5 1 1 4.0
59 59 62 40 51 37 40 6924 4 22 18 13 0 13 8 6 0 45 8 30 0 16 8 5 1 6.0
60 13 16 40 56 81 40 7597 4 16 10 10 0 23 17 5 0 12 9 2 0 23 12 12 1 5.0
61 70 16 40 23 17 40 45000 4 26 18 10 0 8 8 8 0 40 8 8 0 8 6 2 0 4.0
62 48 61 40 36 82 40 1042 2 8 8 3 0 15 8 6 0 5.0
63 60 37 40 56 40 40 10241 1 26 15 21 0 5.0
64 55 80 40 36 32 40 16898 5 8 8 5 0 20 15 2 0 15 15 5 0 19 6 5 0 8 5 13 0 4.0
65 55 79 40 34 50 40 17967 3 15 8 6 0 23 13 30 0 13 12 9 1 5.0
66 62 67 40 37 24 40 9529 1 20 14 18 0 4.0
67 25 65 40 33 83 40 24963 3 8 5 4 0 35 10 10 0 12 7 3 1 4.0
68 22 18 40 42 85 40 746 1 11 7 7 0 5.0
69 14 51 40 19 29 40 1045 1 20 15 2 0 5.0
70 25 45 40 24 61 40 23757 5 49 25 2 0 35 17 10 0 16 11 11 0 15 7 22 1 10 10 3 1 4.0
71 58 36 40 11 61 40 631 1 16 10 6 0 6.0
72 28 75 40 68 45 40 13604 5 9 9 9 0 17 16 14 0 11 10 6 0 30 7 7 0 13 9 8 1 4.0
73 26 62 40 54 42 40 12900 2 10 7 3 0 17 17 25 1 5.0
74 62 55 40 21 22 40 7532 3 22 17 12 0 20 19 6 0 15 8 2 0 5.0
75 68 60 40 12 58 40 1254 1 33 11 10 0 6.0
