7     75    45000 60    25    30   
0     40    50    0     40    50    1236  0     
1 10 16 40 50 18 40 37093 4 24 18 5 0 11 6 8 0 28 23 10 1 20 8 28 1 4.0
2 12 65 40 18 63 40 15462 5 10 9 4 0 22 18 14 0 8 6 6 0 8 6 4 1 21 18 4 1 5.0
3 45 24 40 15 53 40 185 1 9 7 5 0 6.0
4 69 59 40 52 21 40 9148 3 26 21 12 0 8 7 11 0 11 8 7 1 5.0
5 63 52 40 50 36 40 1545 2 30 17 4 0 35 15 10 0 6.0
6 33 55 40 46 51 40 14911 4 23 18 8 0 23 20 5 0 20 6 3 0 33 6 6 0 5.0
7 21 27 40 33 31 40 18967 3 18 13 5 0 11 8 4 0 40 25 2 0 4.0
8 17 34 40 27 53 40 3621 3 10 7 3 0 13 9 6 0 18 10 16 0 5.0
9 26 44 40 57 49 40 323 1 9 6 5 0 5.0
10 68 25 40 12 34 40 20578 5 53 20 5 0 8 7 5 0 16 14 14 0 15 15 5 0 13 13 5 0 5.0
11 39 57 40 66 36 40 10092 2 33 23 10 0 8 6 2 0 5.0
12 68 50 40 23 35 40 24275 5 10 10 9 0 14 14 14 0 14 13 5 1 16 6 7 1 8 6 7 1 4.0
13 31 60 40 27 26 40 45000 4 10 8 7 0 10 10 5 0 32 19 30 0 13 8 4 1 4.0
14 56 74 40 54 60 40 45000 5 11 9 4 0 8 8 8 0 33 24 6 0 9 9 9 0 26 14 22 1 4.0
15 34 28 40 65 74 40 150 1 10 8 6 1 6.0
16 48 75 40 37 58 40 1293 4 9 8 5 0 8 6 4 0 15 11 9 0 9 8 5 0 6.0
17 47 24 40 44 85 40 6899 2 13 10 13 0 10 10 10 0 4.0
18 20 22 40 26 81 40 4681 4 22 13 15 0 10 6 7 0 26 15 13 0 17 14 18 1 6.0
19 15 73 40 68 36 40 45000 5 10 8 8 0 23 23 14 0 28 13 13 0 14 8 3 0 24 12 4 0 4.0
20 57 64 40 65 59 40 2801 3 10 8 5 0 20 6 6 1 16 8 16 1 6.0
21 60 23 40 50 42 40 293 1 35 6 6 0 6.0
22 35 49 40 43 74 40 45000 4 8 6 4 0 8 6 3 0 40 15 4 0 22 19 24 1 4.0
23 29 21 40 67 81 40 94 2 8 6 6 0 8 6 1 1 6.0
24 33 46 40 25 30 40 955 5 8 6 8 0 22 15 3 0 9 7 4 0 8 8 8 1 31 11 5 1 6.0
25 69 25 40 28 73 40 45000 3 18 15 10 0 15 9 6 0 12 8 4 1 4.0
26 69 39 40 36 69 40 1188 3 15 8 4 0 8 8 8 0 15 8 6 1 6.0
27 11 68 40 39 25 40 1487 1 17 11 6 0 5.0
28 18 77 40 57 21 40 6278 4 19 11 13 0 10 8 5 0 10 8 1 0 20 15 8 1 5.0
29 52 25 40 24 44 40 16578 5 17 10 6 0 27 17 17 0 18 18 4 1 8 6 4 1 8 8 8 1 5.0
30 63 70 40 59 61 40 833 1 8 8 10 0 5.0
31 58 57 40 14 38 40 28413 4 25 17 15 0 10 8 7 0 9 7 5 0 11 11 13 0 4.0
32 47 71 40 46 42 40 3294 4 20 15 13 0 17 17 23 0 10 8 5 0 10 8 1 0 6.0
33 61 24 40 11 17 40 23649 1 26 18 26 0 5.0
34 69 33 40 29 56 40 1057 2 10 8 3 0 9 9 3 0 4.0
35 47 15 40 60 53 40 11338 3 23 13 7 0 10 7 6 0 33 25 12 0 6.0
36 59 71 40 10 40 40 3014 5 11 9 7 0 8 6 3 0 32 8 3 1 26 18 9 1 15 11 3 1 6.0
37 40 80 40 18 70 40 45000 4 51 23 10 0 10 8 6 0 9 8 7 1 11 9 13 1 4.0
38 10 50 40 28 60 40 125 1 12 9 2 1 6.0
39 28 20 40 61 65 40 13057 5 9 7 7 0 8 6 5 0 9 8 5 0 15 8 30 0 8 6 3 1 4.0
40 60 41 40 26 62 40 2140 5 10 6 4 0 15 15 5 0 13 8 8 0 13 8 13 0 10 10 3 1 6.0
41 14 54 40 41 18 40 23749 4 10 7 4 0 33 18 3 0 27 25 10 0 12 12 10 1 4.0
42 53 20 40 43 60 40 6765 4 16 16 9 0 11 7 4 0 27 6 4 1 21 16 13 1 6.0
43 32 44 40 29 73 40 23904 3 15 10 2 0 29 25 20 0 14 8 6 0 5.0
44 50 25 40 35 59 40 19518 4 10 10 5 0 17 14 13 0 35 6 6 0 25 20 10 1 5.0
45 64 67 40 31 72 40 5060 2 33 13 22 0 8 8 5 0 6.0
46 53 34 40 32 27 40 45000 1 53 25 10 1 4.0
47 40 38 40 70 43 40 629 1 11 10 5 0 5.0
48 18 42 40 46 23 40 11229 4 15 8 4 0 23 20 10 0 11 7 5 0 25 15 20 1 6.0
49 63 79 40 43 57 40 2521 1 26 6 7 1 4.0
50 36 53 40 26 48 40 1510 5 18 10 15 0 15 13 25 0 10 9 7 1 14 12 4 1 9 8 11 1 6.0
51 39 81 40 50 20 40 3493 1 23 18 6 0 5.0
52 16 65 40 32 52 40 11944 1 20 10 25 0 4.0
53 53 45 40 16 60 40 4775 3 9 7 2 0 7 7 8 0 11 8 13 1 4.0
54 60 40 40 67 51 40 934 2 8 6 6 0 8 8 10 1 5.0
55 62 50 40 60 48 40 11878 4 11 11 11 0 12 10 7 0 20 15 10 0 17 8 8 0 5.0
56 50 19 40 40 35 40 3069 2 15 10 15 0 8 6 3 0 5.0
57 14 36 40 34 71 40 2716 1 16 9 6 0 4.0
58 19 61 40 19 21 40 29563 3 17 8 17 0 18 10 19 0 8 8 3 1 4.0
59 57 67 40 37 27 40 8135 4 15 10 10 0 8 8 5 1 8 8 18 1 23 23 10 1 5.0
60 51 70 40 61 42 40 1857 5 15 10 8 0 8 6 3 0 10 8 3 0 10 8 8 1 18 13 5 1 6.0
61 35 20 40 34 49 40 13839 2 39 6 27 0 10 6 2 1 5.0
62 34 56 40 46 18 40 296 1 12 8 1 1 4.0
63 56 40 40 65 15 40 8040 5 14 13 11 0 15 15 15 0 10 10 8 0 8 6 2 1 8 8 6 1 5.0
64 31 24 40 48 58 40 45000 5 27 19 15 0 15 10 3 0 8 6 3 0 20 8 2 0 18 18 13 1 4.0
65 54 33 40 46 54 40 3819 2 20 16 5 0 16 16 18 0 6.0
66 69 75 40 58 44 40 671 2 9 9 3 0 11 11 11 1 6.0
67 52 55 40 70 39 40 7096 3 10 6 3 0 21 13 10 0 10 10 10 0 5.0
68 69 69 40 58 63 40 6417 4 9 9 9 0 34 24 2 0 18 15 10 0 32 25 7 0 6.0
69 59 78 40 10 23 40 93 1 8 6 4 0 6.0
70 10 51 40 70 77 40 1220 1 9 8 5 0 4.0
71 46 72 40 13 69 40 461 2 11 11 9 0 10 6 2 0 6.0
72 66 61 40 60 19 40 3991 4 10 8 5 0 10 8 1 0 13 12 5 0 23 6 6 0 5.0
73 58 67 40 62 32 40 22834 4 8 6 1 0 25 20 10 0 12 8 4 0 14 7 3 0 4.0
74 52 32 40 14 81 40 30359 4 36 11 2 0 10 6 5 0 22 17 12 0 24 20 25 0 5.0
75 51 44 40 31 71 40 817 1 15 10 2 0 4.0
