7     75    45000 60    25    30   
0     40    50    0     40    50    1236  0     
1 21 15 40 43 21 40 8792 3 20 9 15 0 9 7 14 0 9 6 3 0 4.0
2 43 30 40 58 20 40 3617 2 20 20 22 0 15 6 2 0 6.0
3 54 80 40 65 53 40 3490 3 11 11 8 0 22 11 11 0 17 17 17 1 6.0
4 26 50 40 55 82 40 32598 1 26 20 10 0 4.0
5 14 54 40 50 52 40 357 2 9 7 2 0 28 17 3 0 6.0
6 31 55 40 66 57 40 17722 2 9 7 2 0 33 25 30 0 6.0
7 43 32 40 10 42 40 6038 3 11 11 11 0 11 11 9 0 20 13 4 1 5.0
8 36 72 40 34 84 40 459 1 12 8 2 0 4.0
9 53 78 40 26 18 40 1603 1 11 11 8 1 5.0
10 65 45 40 10 81 40 4264 1 11 11 10 0 4.0
11 44 30 40 24 78 40 2946 2 15 11 7 0 15 15 4 0 5.0
12 30 85 40 62 84 40 593 1 15 8 4 0 5.0
13 26 76 40 64 21 40 23029 2 25 20 8 0 20 19 10 1 4.0
14 42 30 40 25 32 40 4997 3 17 17 17 0 15 10 7 0 9 8 6 0 6.0
15 58 42 40 64 54 40 5694 3 10 7 2 0 10 10 6 0 27 21 8 0 5.0
16 10 82 40 63 73 40 4314 2 11 8 6 0 19 7 11 0 4.0
17 69 81 40 49 43 40 7200 2 17 15 10 0 28 25 3 0 5.0
18 65 75 40 47 64 40 912 2 17 9 6 1 11 9 6 1 6.0
19 65 35 40 34 66 40 20800 3 9 6 5 0 17 17 17 0 26 20 2 1 4.0
20 61 73 40 36 73 40 622 1 13 8 3 0 5.0
21 34 56 40 22 22 40 2315 1 34 17 3 1 5.0
22 44 36 40 19 39 40 45000 3 24 11 8 0 27 19 11 0 46 25 30 0 5.0
23 20 71 40 21 76 40 7615 2 11 11 11 0 13 10 11 0 4.0
24 62 21 40 12 69 40 19374 3 17 12 12 0 39 6 6 0 20 11 30 1 5.0
25 66 72 40 53 38 40 1412 1 9 6 5 0 4.0
26 35 30 40 38 57 40 856 2 11 6 3 0 39 14 8 1 6.0
27 35 71 40 46 47 40 8463 2 20 16 8 0 29 15 25 0 6.0
28 44 16 40 27 80 40 45000 3 12 8 3 0 11 7 3 0 31 17 30 1 4.0
29 36 22 40 65 55 40 6762 2 59 22 6 0 34 25 6 1 6.0
30 67 41 40 39 67 40 511 1 9 7 17 1 6.0
31 60 69 40 40 23 40 28522 3 31 18 6 0 27 11 11 0 23 12 4 0 4.0
32 50 19 40 20 30 40 4548 2 12 12 12 0 28 19 4 1 5.0
33 31 61 40 18 57 40 3054 1 28 7 8 0 5.0
34 41 31 40 29 84 40 8816 2 11 11 11 0 17 8 8 0 4.0
35 69 55 40 60 36 40 4716 2 26 15 10 0 22 11 14 0 6.0
36 16 71 40 40 33 40 1024 2 14 14 3 0 24 7 8 1 6.0
37 59 83 40 56 29 40 2221 2 26 19 6 0 10 6 4 0 6.0
38 26 28 40 43 49 40 1826 1 17 12 12 0 6.0
39 51 19 40 66 36 40 9675 2 11 11 7 0 26 12 22 1 5.0
40 68 61 40 19 54 40 3493 2 19 6 7 1 17 17 6 1 5.0
41 22 56 40 34 41 40 4059 1 17 17 11 0 5.0
42 27 21 40 40 15 40 4650 3 14 10 1 0 16 16 30 0 22 17 28 1 6.0
43 70 26 40 58 64 40 33299 3 28 7 7 0 11 9 2 0 24 16 12 1 4.0
44 62 28 40 45 60 40 5609 2 15 9 9 0 21 20 13 1 6.0
45 65 48 40 36 41 40 10009 3 9 7 7 0 21 19 6 0 17 6 10 0 4.0
46 22 38 40 67 54 40 38670 3 11 8 3 0 11 11 8 0 22 17 28 1 4.0
47 10 50 40 15 29 40 1659 2 10 10 7 0 14 13 8 0 6.0
48 15 37 40 59 43 40 2293 1 25 25 10 0 6.0
49 24 39 40 41 36 40 2784 2 9 6 1 0 13 11 8 1 4.0
50 12 31 40 60 51 40 876 1 15 15 3 1 5.0
51 11 60 40 16 84 40 1111 2 13 10 8 0 10 7 2 1 5.0
52 24 74 40 69 27 40 43050 3 23 23 11 0 18 17 19 0 25 20 8 0 4.0
53 56 57 40 26 43 40 8435 2 15 13 12 0 16 9 13 0 4.0
54 54 21 40 38 82 40 146 2 10 9 5 0 9 9 7 0 6.0
55 23 80 40 36 29 40 22773 3 18 12 21 0 9 6 1 0 48 25 6 1 5.0
56 46 22 40 32 31 40 319 1 13 8 4 0 6.0
57 55 39 40 65 84 40 2134 2 14 6 6 0 22 16 11 0 6.0
58 45 41 40 51 31 40 2937 1 17 9 9 1 4.0
59 59 62 40 51 37 40 4692 3 20 14 6 0 17 16 9 1 28 20 6 1 6.0
60 13 16 40 56 81 40 17919 3 17 11 30 0 15 14 6 0 11 11 11 1 4.0
61 70 16 40 23 17 40 11848 3 14 14 14 0 11 11 8 0 14 11 4 0 4.0
62 48 61 40 36 82 40 4210 1 17 17 17 0 6.0
63 60 37 40 56 40 40 725 1 9 9 6 1 5.0
64 55 80 40 36 32 40 13184 2 12 9 9 0 25 20 8 1 4.0
65 55 79 40 34 50 40 980 1 11 8 6 0 5.0
66 62 67 40 37 24 40 642 1 10 9 7 0 5.0
67 25 65 40 33 83 40 11436 2 9 9 9 0 24 20 4 1 4.0
68 22 18 40 42 85 40 10972 2 20 20 10 0 20 15 8 0 5.0
69 14 51 40 19 29 40 185 1 13 8 2 1 5.0
70 25 45 40 24 61 40 7614 2 11 9 3 0 38 7 4 1 4.0
71 58 36 40 11 61 40 4199 2 32 10 10 0 14 12 4 0 5.0
72 28 75 40 68 45 40 2328 3 19 13 14 0 11 10 8 0 22 16 17 1 6.0
73 26 62 40 54 42 40 11759 2 9 6 5 0 17 17 21 0 5.0
74 62 55 40 21 22 40 17136 3 11 11 16 0 19 9 30 0 21 20 30 1 6.0
75 68 60 40 12 58 40 6763 2 16 10 6 0 10 8 7 0 4.0
