7     75    45000 60    25    30   
0     40    50    0     40    50    1236  0     
1 10 16 40 50 18 40 3395 4 13 11 5 0 9 5 1 0 9 8 9 1 8 8 5 1 4.0
2 12 65 40 18 63 40 30307 5 15 15 15 0 9 8 14 0 8 5 1 0 13 13 8 1 32 24 23 1 5.0
3 45 24 40 15 53 40 943 1 15 15 5 0 6.0
4 69 59 40 52 21 40 45000 3 27 17 7 0 22 17 5 0 22 18 5 1 4.0
5 63 52 40 50 36 40 525 2 17 17 5 0 11 6 4 0 6.0
6 33 55 40 46 51 40 8579 4 8 8 5 0 10 9 25 0 10 8 2 0 20 14 26 0 6.0
7 21 27 40 33 31 40 1960 3 49 23 2 0 9 9 1 0 8 5 3 0 6.0
8 17 34 40 27 53 40 1112 3 10 10 10 0 22 15 2 0 10 10 8 0 6.0
9 26 44 40 57 49 40 312 1 10 6 2 0 4.0
10 68 25 40 12 34 40 45000 5 9 5 2 0 15 15 20 0 22 22 14 0 31 23 13 0 8 8 2 0 4.0
11 39 57 40 66 36 40 1491 2 11 7 8 0 8 7 8 0 5.0
12 68 50 40 23 35 40 12730 5 10 10 10 0 30 20 4 0 25 25 3 1 20 16 3 1 10 10 10 1 4.0
13 31 60 40 27 26 40 22599 4 18 18 20 0 8 6 4 0 18 4 5 0 27 6 8 1 4.0
14 56 74 40 54 60 40 3214 5 9 6 10 0 9 6 1 0 11 11 11 0 8 7 6 0 12 8 12 1 6.0
15 34 28 40 65 74 40 118 1 7 6 4 1 6.0
16 48 75 40 37 58 40 3730 4 10 8 6 0 8 8 2 0 20 15 5 0 12 8 6 0 5.0
17 47 24 40 44 85 40 1271 2 9 7 9 0 12 11 13 0 6.0
18 20 22 40 26 81 40 9189 4 11 9 8 0 12 11 12 0 10 10 10 0 26 22 11 1 6.0
19 15 73 40 68 36 40 45000 5 9 8 6 0 8 5 5 0 15 15 10 0 17 13 10 0 52 21 7 0 4.0
20 57 64 40 65 59 40 6965 3 8 6 7 0 20 12 11 1 12 12 20 1 5.0
21 60 23 40 50 42 40 252 1 8 5 5 0 5.0
22 35 49 40 43 74 40 1248 4 26 21 2 0 27 10 3 0 6 5 5 0 11 8 6 1 6.0
23 29 21 40 67 81 40 1318 2 26 8 26 0 24 8 3 1 6.0
24 33 46 40 25 30 40 1322 5 10 8 3 0 8 6 6 0 10 7 5 0 10 7 7 1 8 7 7 1 6.0
25 69 25 40 28 73 40 8205 3 10 8 5 0 8 5 1 0 25 20 4 1 4.0
26 69 39 40 36 69 40 4897 3 12 12 5 0 17 17 5 0 25 5 5 1 5.0
27 11 68 40 39 25 40 9240 1 18 18 23 0 5.0
28 18 77 40 57 21 40 19271 4 18 10 8 0 9 8 2 0 10 10 12 0 9 8 7 1 4.0
29 52 25 40 24 44 40 3175 5 8 6 10 0 8 8 7 0 12 12 11 1 14 8 2 1 15 15 5 1 6.0
30 63 70 40 59 61 40 2482 1 15 10 15 0 5.0
31 58 57 40 14 38 40 2799 4 11 7 1 0 8 8 8 0 9 8 4 0 8 5 7 0 4.0
32 47 71 40 46 42 40 19777 4 50 5 10 0 8 8 8 0 37 25 10 0 14 9 1 0 5.0
33 61 24 40 11 17 40 2696 1 18 14 10 0 5.0
34 69 33 40 29 56 40 11217 2 30 20 10 0 19 19 6 0 5.0
35 47 15 40 60 53 40 8769 3 21 17 8 0 15 15 15 0 23 11 9 0 5.0
36 59 71 40 10 40 40 2659 5 15 10 9 0 37 9 6 0 15 15 2 1 10 9 2 1 8 8 8 1 6.0
37 40 80 40 18 70 40 17710 4 35 17 8 0 14 12 8 0 20 20 16 1 8 7 15 1 5.0
38 10 50 40 28 60 40 595 1 11 8 4 1 5.0
39 28 20 40 61 65 40 4777 5 9 7 4 0 21 7 12 0 16 12 6 0 13 10 8 0 9 8 8 1 6.0
40 60 41 40 26 62 40 45000 5 25 20 10 0 15 15 15 0 12 12 12 0 17 17 5 0 23 23 30 1 4.0
41 14 54 40 41 18 40 5264 4 8 8 8 0 22 10 20 0 16 11 18 0 26 25 3 1 6.0
42 53 20 40 43 60 40 24240 4 8 6 2 0 52 25 6 0 16 9 22 1 10 7 12 1 4.0
43 32 44 40 29 73 40 4017 3 8 5 4 0 9 5 2 0 11 9 7 0 4.0
44 50 25 40 35 59 40 3506 4 11 11 7 0 13 10 8 0 20 20 10 0 8 5 5 1 6.0
45 64 67 40 31 72 40 1083 2 16 16 18 0 9 5 2 0 6.0
46 53 34 40 32 27 40 1482 1 15 6 5 1 4.0
47 40 38 40 70 43 40 1829 1 17 13 10 0 6.0
48 18 42 40 46 23 40 16020 4 13 6 3 0 9 5 12 0 15 15 15 0 36 25 11 1 5.0
49 63 79 40 43 57 40 2371 1 10 8 10 1 4.0
50 36 53 40 26 48 40 3380 5 9 5 3 0 8 8 2 0 12 12 16 1 9 6 2 1 10 10 10 1 6.0
51 39 81 40 50 20 40 1033 1 13 10 9 0 6.0
52 16 65 40 32 52 40 11147 1 19 14 15 0 4.0
53 53 45 40 16 60 40 1510 3 20 12 5 0 10 8 1 0 10 8 5 1 6.0
54 60 40 40 67 51 40 3969 2 10 9 12 0 9 8 4 1 4.0
55 62 50 40 60 48 40 11331 4 12 5 4 0 10 10 11 0 11 7 6 0 12 10 7 0 4.0
56 50 19 40 40 35 40 10930 2 9 5 4 0 25 12 27 0 5.0
57 14 36 40 34 71 40 1448 1 21 10 5 0 5.0
58 19 61 40 19 21 40 33009 3 28 24 19 0 9 6 9 0 10 7 5 1 4.0
59 57 67 40 37 27 40 3487 4 30 21 8 0 8 8 8 1 41 25 3 1 8 5 1 1 6.0
60 51 70 40 61 42 40 20434 5 22 18 13 0 13 8 6 0 46 8 30 0 16 8 5 1 16 10 10 1 5.0
61 35 20 40 34 49 40 45000 2 23 17 5 0 12 9 2 1 4.0
62 34 56 40 46 18 40 3786 1 23 12 12 1 5.0
63 56 40 40 65 15 40 10054 5 26 18 10 0 8 8 8 0 40 8 8 0 8 6 2 1 8 8 3 1 5.0
64 31 24 40 48 58 40 45000 5 15 8 6 0 26 15 21 0 8 8 5 0 20 15 2 0 15 15 5 1 4.0
65 54 33 40 46 54 40 1765 2 19 6 5 0 8 5 13 0 5.0
66 69 75 40 58 44 40 18321 2 15 8 6 0 23 13 30 1 4.0
67 52 55 40 70 39 40 42142 3 13 12 9 0 20 14 18 0 8 5 4 0 4.0
68 69 69 40 58 63 40 6771 4 35 10 10 0 12 7 3 0 11 7 7 0 20 15 2 0 5.0
69 59 78 40 10 23 40 4268 1 49 25 2 0 5.0
70 10 51 40 70 77 40 10919 1 35 17 10 0 4.0
71 46 72 40 13 69 40 2789 2 16 11 11 0 15 7 22 0 6.0
72 66 61 40 60 19 40 10373 4 10 10 3 0 16 10 6 0 9 9 9 0 17 16 14 0 4.0
73 58 67 40 62 32 40 5684 4 11 10 6 0 30 7 7 0 13 9 8 0 10 7 3 0 5.0
74 52 32 40 14 81 40 15297 4 17 17 25 0 22 17 12 0 20 19 6 0 15 8 2 0 5.0
75 51 44 40 31 71 40 1254 1 33 11 10 0 6.0
