7     75    45000 60    25    30   
0     40    50    0     40    50    1236  0     
1 15 50 40 66 70 40 39395 2 11 11 11 0 26 20 9 1 4.0
2 12 52 40 69 82 40 7174 2 50 7 30 0 18 10 10 1 6.0
3 71 50 40 11 25 40 164 1 13 8 4 0 6.0
4 9 59 40 16 69 40 3677 3 13 7 2 0 9 6 6 0 12 11 9 0 4.0
5 23 55 40 9 76 40 1248 1 19 12 7 0 6.0
6 36 27 40 57 80 40 20168 2 9 6 6 0 21 15 16 0 4.0
7 9 43 40 9 20 40 7682 3 10 6 3 0 9 8 3 0 11 11 11 1 4.0
8 61 54 40 60 19 40 3135 3 20 20 20 0 20 8 3 0 12 12 16 1 6.0
9 42 74 40 62 80 40 2018 1 12 12 7 1 5.0
10 21 43 40 69 34 40 116 1 9 6 1 1 4.0
11 10 55 40 65 83 40 814 1 11 9 7 1 5.0
12 32 22 40 58 26 40 8888 3 17 17 17 0 10 8 6 0 12 12 14 1 5.0
13 48 26 40 13 73 40 11000 2 14 11 11 0 59 25 2 1 4.0
14 64 50 40 21 80 40 5830 3 17 17 17 0 52 13 7 0 13 9 1 0 6.0
15 40 26 40 64 80 40 3516 1 16 14 11 0 5.0
16 15 58 40 71 21 40 868 2 9 9 3 0 10 6 4 1 5.0
17 40 35 40 9 70 40 1730 2 39 6 6 0 38 20 5 0 6.0
18 36 83 40 14 30 40 332 2 12 6 3 0 11 10 3 0 6.0
19 64 44 40 64 24 40 29223 3 15 8 6 0 35 25 22 1 11 6 10 1 5.0
20 47 20 40 12 22 40 2642 3 14 5 15 0 28 6 6 1 9 9 3 1 5.0
21 21 44 40 60 67 40 8251 2 12 9 4 0 13 13 11 0 4.0
22 21 55 40 60 31 40 45000 3 25 25 25 0 10 7 4 0 31 22 6 0 4.0
23 49 24 40 24 26 40 1309 2 9 9 9 0 14 8 8 1 6.0
24 23 42 40 21 74 40 10568 3 31 25 11 0 21 16 30 0 11 10 11 1 6.0
25 48 23 40 60 26 40 1681 1 12 8 5 0 4.0
26 42 70 40 10 19 40 14796 2 34 16 24 0 9 6 1 0 5.0
27 68 56 40 64 71 40 12140 2 21 8 12 0 31 19 11 0 5.0
28 63 47 40 62 70 40 25079 3 34 22 22 0 31 25 10 0 34 25 5 1 6.0
29 47 80 40 67 72 40 27358 3 28 20 19 0 34 11 12 0 19 13 13 1 5.0
30 12 46 40 56 72 40 1087 1 9 6 6 0 4.0
31 45 33 40 64 26 40 5180 1 12 9 12 0 4.0
32 40 20 40 22 25 40 9827 2 27 11 3 0 20 17 17 0 5.0
33 25 59 40 68 76 40 3393 2 34 16 11 0 11 9 3 0 6.0
34 8 48 40 20 83 40 369 1 9 7 2 0 4.0
35 44 74 40 63 34 40 26009 2 36 25 20 0 13 11 10 0 5.0
36 25 52 40 10 67 40 331 1 9 6 3 0 5.0
37 23 46 40 56 67 40 9479 1 11 11 11 1 4.0
38 62 47 40 20 21 40 586 1 11 10 7 0 6.0
39 49 32 40 69 66 40 30331 3 52 22 6 0 11 9 17 1 21 21 6 1 4.0
40 57 52 40 13 32 40 45000 1 33 24 12 0 4.0
41 61 49 40 17 73 40 403 1 13 8 8 1 6.0
42 63 43 40 56 23 40 771 2 25 8 6 0 19 13 1 1 6.0
43 36 25 40 25 72 40 8896 2 10 10 15 0 21 11 17 1 5.0
44 64 48 40 58 24 40 2945 3 10 10 10 0 11 11 6 0 11 8 8 1 5.0
45 14 54 40 12 66 40 2266 1 34 8 8 1 6.0
46 57 59 40 17 29 40 6813 2 11 11 11 0 10 7 9 1 4.0
47 39 83 40 13 23 40 3823 1 19 13 2 0 4.0
48 33 21 40 65 25 40 7451 3 16 13 7 0 20 11 30 0 29 7 7 0 6.0
49 35 83 40 67 18 40 5006 2 9 9 6 0 29 25 3 0 5.0
50 9 57 40 16 19 40 4064 2 28 11 11 0 11 6 3 1 5.0
51 32 80 40 17 21 40 2431 1 20 20 7 0 6.0
52 47 82 40 16 72 40 5576 2 20 7 2 0 38 7 4 1 4.0
53 41 79 40 11 21 40 4243 3 22 17 3 0 14 13 9 0 9 9 6 0 5.0
54 10 54 40 10 78 40 815 2 19 12 12 0 12 10 4 0 6.0
55 39 31 40 66 81 40 10174 3 11 6 3 0 17 12 7 0 10 9 7 1 4.0
56 66 53 40 65 24 40 8636 2 14 10 2 0 17 12 28 0 5.0
57 71 54 40 24 34 40 516 2 9 6 3 0 12 11 8 1 6.0
58 46 66 40 67 21 40 29210 3 19 19 3 0 10 8 7 0 20 11 14 1 4.0
59 71 48 40 25 83 40 21803 3 11 11 6 0 9 6 4 0 24 19 16 0 4.0
60 38 25 40 62 18 40 506 1 10 10 15 0 6.0
61 33 24 40 64 70 40 18341 2 10 8 7 0 11 11 15 0 4.0
62 39 73 40 24 82 40 33626 2 19 14 12 0 22 22 18 1 4.0
63 38 33 40 23 68 40 3579 3 11 9 6 0 24 8 14 0 11 11 1 1 5.0
64 48 67 40 72 68 40 5591 2 28 7 7 0 22 17 11 1 6.0
65 39 66 40 13 67 40 17586 2 31 9 28 0 19 14 7 1 5.0
66 35 68 40 68 74 40 113 1 10 7 2 0 6.0
67 32 70 40 9 78 40 45000 3 10 6 3 0 19 13 28 0 33 25 30 0 5.0
68 69 50 40 66 28 40 754 1 10 7 4 0 4.0
69 61 52 40 25 33 40 399 1 15 10 7 0 6.0
70 59 47 40 67 77 40 1417 2 10 7 5 0 10 10 10 1 5.0
71 38 67 40 22 68 40 716 1 9 7 10 0 5.0
72 60 55 40 68 22 40 45000 3 11 9 8 0 31 25 21 0 9 6 6 0 4.0
73 40 76 40 19 18 40 5466 3 24 19 6 0 15 8 4 0 11 6 2 0 5.0
74 38 20 40 14 26 40 1745 3 11 11 20 0 17 17 20 0 11 6 2 0 6.0
75 37 83 40 24 25 40 1641 2 10 7 7 0 25 15 4 0 6.0
