7     75    45000 60    25    30   
0     40    50    0     40    50    1236  0     
1 24 45 40 13 33 40 4500 3 15 13 6 0 10 6 2 0 10 10 10 0 4.0
2 40 79 40 69 26 40 6981 2 9 9 6 0 17 17 17 0 5.0
3 45 25 40 10 68 40 3712 3 11 10 16 0 9 6 2 0 16 16 10 1 6.0
4 14 42 40 12 81 40 45000 1 38 25 27 0 4.0
5 14 48 40 72 33 40 2301 2 17 17 6 0 32 20 9 0 6.0
6 42 34 40 22 76 40 5482 2 26 20 6 0 26 21 6 0 6.0
7 49 67 40 20 34 40 2720 3 20 20 6 0 13 8 5 0 9 9 6 1 6.0
8 35 32 40 23 72 40 1730 1 12 11 29 0 6.0
9 32 80 40 23 23 40 841 1 12 9 3 1 4.0
10 44 74 40 17 67 40 42508 1 24 17 30 0 4.0
11 16 46 40 11 33 40 6131 2 57 25 3 0 10 10 1 0 5.0
12 49 26 40 68 69 40 285 1 9 6 3 0 4.0
13 42 35 40 64 80 40 8287 2 12 12 12 0 26 17 3 1 4.0
14 34 29 40 63 26 40 1678 3 12 12 9 0 12 8 3 0 11 6 3 0 6.0
15 40 73 40 11 83 40 21997 3 17 17 23 0 26 25 16 0 36 25 16 0 6.0
16 69 59 40 60 28 40 1638 2 9 9 3 0 13 8 9 0 5.0
17 36 71 40 67 71 40 1368 2 9 9 9 0 12 12 12 0 6.0
18 16 51 40 65 68 40 6582 2 35 23 5 1 29 25 4 1 6.0
19 35 66 40 14 26 40 45000 3 23 18 4 0 12 12 12 0 21 21 24 1 4.0
20 44 81 40 69 67 40 416 1 10 7 5 0 5.0
21 60 48 40 21 30 40 794 1 21 5 6 1 5.0
22 57 58 40 24 35 40 1477 3 31 7 9 0 10 8 12 0 10 7 2 0 6.0
23 21 57 40 21 21 40 607 2 13 13 13 0 10 8 7 0 6.0
24 43 19 40 15 29 40 2373 3 14 10 14 0 9 8 5 0 12 10 7 1 6.0
25 43 34 40 19 18 40 673 1 10 10 2 0 4.0
26 43 18 40 64 35 40 5666 2 23 17 6 0 14 9 7 1 5.0
27 42 68 40 69 24 40 4585 2 11 8 11 0 14 13 15 0 5.0
28 60 42 40 12 21 40 33444 3 13 11 10 0 14 13 14 0 12 12 12 1 4.0
29 38 29 40 12 72 40 8587 2 30 25 13 0 11 9 7 1 6.0
30 32 25 40 10 26 40 397 1 10 6 6 1 5.0
31 37 21 40 73 79 40 45000 3 17 17 12 0 20 16 12 0 60 25 9 0 4.0
32 60 43 40 16 23 40 7832 2 10 8 9 0 23 14 13 1 5.0
33 45 27 40 57 79 40 4823 1 14 14 23 0 5.0
34 38 73 40 68 78 40 2574 2 9 6 6 0 31 25 2 0 5.0
35 68 58 40 73 73 40 1880 2 32 12 4 0 8 6 6 0 5.0
36 49 29 40 70 83 40 5869 2 13 10 7 0 30 10 30 1 6.0
37 71 53 40 56 30 40 1433 2 28 9 3 0 12 9 3 0 5.0
38 12 42 40 24 83 40 746 1 9 7 7 0 5.0
39 63 46 40 62 33 40 1414 2 12 9 6 0 12 8 8 1 6.0
40 8 54 40 69 33 40 2530 2 9 9 9 1 12 9 6 1 4.0
41 56 54 40 24 75 40 28 1 9 6 1 0 6.0
42 69 53 40 61 76 40 14073 3 29 23 5 0 14 14 6 0 20 20 6 1 4.0
43 64 47 40 67 72 40 45000 3 29 6 6 0 21 21 27 0 21 12 9 1 4.0
44 10 55 40 15 68 40 1332 2 11 9 3 0 12 12 14 1 6.0
45 56 45 40 18 81 40 593 3 11 10 9 0 9 8 12 0 10 9 8 0 6.0
46 10 49 40 25 25 40 15683 3 14 14 13 0 16 10 3 0 17 17 6 1 4.0
47 69 58 40 58 26 40 3064 2 17 12 17 0 13 9 2 0 6.0
48 21 44 40 13 21 40 831 1 9 9 9 0 5.0
49 45 26 40 16 83 40 2614 2 10 9 5 0 9 6 8 1 4.0
50 40 66 40 64 67 40 3841 1 58 6 12 1 6.0
51 9 44 40 13 73 40 12033 2 9 9 9 0 43 25 12 1 6.0
52 16 55 40 66 80 40 38700 3 16 10 1 0 21 16 12 0 35 23 12 0 4.0
53 58 55 40 64 19 40 6927 2 22 22 7 0 24 20 9 0 6.0
54 65 44 40 59 72 40 25459 2 17 17 17 0 27 13 11 0 4.0
55 12 43 40 61 74 40 27222 3 17 12 10 0 43 10 8 0 17 17 3 1 4.0
56 21 50 40 67 32 40 475 1 12 10 3 0 5.0
57 47 27 40 56 19 40 10933 2 9 9 9 0 40 20 9 0 5.0
58 48 78 40 67 28 40 5197 1 17 14 9 1 4.0
59 64 58 40 65 28 40 4620 3 23 23 18 0 9 9 17 1 13 9 5 1 6.0
60 40 78 40 73 28 40 5564 3 10 8 5 0 24 9 14 0 18 14 7 1 5.0
61 32 81 40 10 81 40 45000 3 15 12 10 0 11 10 9 0 29 23 12 0 4.0
62 58 50 40 8 18 40 5616 1 17 17 17 0 5.0
63 45 20 40 11 30 40 3431 1 14 14 14 1 5.0
64 12 48 40 57 68 40 45000 2 20 20 6 0 27 25 30 1 4.0
65 39 66 40 25 32 40 1181 1 9 9 9 0 5.0
66 72 59 40 14 72 40 13568 1 26 12 23 0 4.0
67 17 52 40 67 25 40 45000 2 18 13 21 0 30 25 3 1 4.0
68 36 77 40 22 66 40 14731 2 10 7 2 0 60 25 7 0 5.0
69 20 49 40 17 20 40 9102 1 19 11 25 1 5.0
70 60 50 40 73 77 40 3270 2 12 9 14 0 9 6 5 1 4.0
71 38 66 40 17 74 40 932 2 11 6 2 0 13 11 9 0 6.0
72 38 26 40 63 72 40 16998 3 13 13 8 0 15 12 10 0 23 23 12 1 4.0
73 40 68 40 57 27 40 13716 2 9 6 6 0 19 19 21 0 5.0
74 32 73 40 20 78 40 5146 3 11 6 2 0 17 8 6 0 20 16 12 1 5.0
75 11 43 40 13 74 40 435 2 15 7 4 0 10 6 14 0 6.0
