7     75    45000 60    25    30   
0     40    50    0     40    50    1236  0     
1 15 50 40 66 70 40 8412 2 20 9 15 0 9 7 14 1 4.0
2 12 52 40 69 82 40 3771 2 9 6 3 0 20 20 23 1 6.0
3 71 50 40 11 25 40 74 1 15 6 2 0 6.0
4 9 59 40 16 69 40 45000 3 11 11 8 0 23 11 11 0 17 17 17 0 4.0
5 23 55 40 9 76 40 1194 1 26 20 10 0 6.0
6 36 27 40 57 80 40 1107 2 9 7 2 0 28 17 3 0 6.0
7 9 43 40 9 20 40 45000 3 9 7 2 0 33 25 30 0 11 11 11 1 5.0
8 61 54 40 60 19 40 5744 3 11 11 9 0 20 14 4 0 12 8 2 1 4.0
9 42 74 40 62 80 40 1603 1 11 11 8 1 5.0
10 21 43 40 69 34 40 4264 1 11 11 10 1 4.0
11 10 55 40 65 83 40 1656 1 15 11 7 1 5.0
12 32 22 40 58 26 40 6790 3 15 15 4 0 15 8 5 0 25 20 8 1 5.0
13 48 26 40 13 73 40 25725 2 20 19 10 0 17 17 17 1 4.0
14 64 50 40 21 80 40 1267 3 15 10 7 0 9 8 6 0 10 7 2 0 6.0
15 40 26 40 64 80 40 648 1 10 10 6 0 5.0
16 15 58 40 71 21 40 10971 2 27 21 8 0 11 8 6 1 4.0
17 40 35 40 9 70 40 6214 2 19 7 11 0 17 15 10 0 5.0
18 36 83 40 14 30 40 1821 2 28 25 3 0 17 9 6 0 6.0
19 64 44 40 64 24 40 19309 3 11 9 6 0 9 6 5 1 17 17 17 1 4.0
20 47 20 40 12 22 40 6234 3 27 20 2 0 13 8 3 1 34 17 3 1 5.0
21 21 44 40 60 67 40 11044 2 24 11 8 0 28 20 11 0 5.0
22 21 55 40 60 31 40 45000 3 47 25 30 0 11 11 11 0 13 10 11 0 5.0
23 49 24 40 24 26 40 10624 2 17 12 12 0 39 6 6 1 4.0
24 23 42 40 21 74 40 13101 3 20 11 30 0 9 6 5 0 11 6 3 1 5.0
25 48 23 40 60 26 40 22843 1 39 14 8 0 4.0
26 42 70 40 10 19 40 2520 2 20 16 8 0 29 15 25 0 6.0
27 68 56 40 64 71 40 327 2 12 8 3 0 11 7 3 0 6.0
28 63 47 40 62 70 40 45000 3 31 17 30 0 59 23 6 0 34 25 6 1 4.0
29 47 80 40 67 72 40 4089 3 9 7 17 0 32 18 6 0 27 11 11 1 6.0
30 12 46 40 56 72 40 527 1 23 12 4 0 6.0
31 45 33 40 64 26 40 6385 1 12 12 12 0 4.0
32 40 20 40 22 25 40 4359 2 28 19 4 0 28 7 8 0 5.0
33 25 59 40 68 76 40 4711 2 11 11 11 0 17 8 8 0 5.0
34 8 48 40 20 83 40 14760 1 27 15 10 0 4.0
35 44 74 40 63 34 40 2672 2 23 11 14 0 14 14 3 0 6.0
36 25 52 40 10 67 40 712 1 24 7 8 0 6.0
37 23 46 40 56 67 40 2054 1 26 19 6 1 6.0
38 62 47 40 20 21 40 179 1 10 6 4 0 6.0
39 49 32 40 69 66 40 12746 3 17 12 12 0 11 11 7 1 26 12 22 1 5.0
40 57 52 40 13 32 40 1101 1 19 6 7 0 5.0
41 61 49 40 17 73 40 2214 1 17 17 6 1 5.0
42 63 43 40 56 23 40 844 2 17 17 11 0 14 10 1 1 6.0
43 36 25 40 25 72 40 45000 2 16 16 30 0 23 17 28 1 4.0
44 64 48 40 58 24 40 5191 3 28 7 7 0 11 9 2 0 24 16 12 1 6.0
45 14 54 40 12 66 40 3154 1 15 9 9 1 4.0
46 57 59 40 17 29 40 19497 2 21 20 13 0 9 7 7 1 4.0
47 39 83 40 13 23 40 1842 1 21 19 6 0 6.0
48 33 21 40 65 25 40 826 3 17 6 10 0 11 8 3 0 11 11 8 0 6.0
49 35 83 40 67 18 40 27064 2 23 17 28 0 10 10 7 0 4.0
50 9 57 40 16 19 40 10002 2 14 13 8 0 25 25 10 1 5.0
51 32 80 40 17 21 40 51 1 9 6 1 0 5.0
52 47 82 40 16 72 40 5009 2 13 11 8 0 15 15 3 1 4.0
53 41 79 40 11 21 40 14016 3 13 10 8 0 10 7 2 0 23 23 11 0 4.0
54 10 54 40 10 78 40 1412 2 18 17 19 0 25 20 8 0 6.0
55 39 31 40 66 81 40 9352 3 15 14 12 0 16 9 13 0 10 9 5 1 5.0
56 66 53 40 65 24 40 3916 2 9 9 7 0 18 12 21 0 6.0
57 71 54 40 24 34 40 3537 2 9 6 1 0 48 25 6 1 6.0
58 46 66 40 67 21 40 10664 3 14 8 4 0 14 6 6 0 23 16 11 1 4.0
59 71 48 40 25 83 40 3449 3 17 9 9 0 20 14 6 0 17 16 9 0 6.0
60 38 25 40 62 18 40 7341 1 28 20 6 0 4.0
61 33 24 40 64 70 40 18807 2 17 11 30 0 15 14 6 0 4.0
62 39 73 40 24 82 40 3492 2 11 11 11 0 14 14 14 1 6.0
63 38 33 40 23 68 40 9920 3 11 11 8 0 14 11 5 0 17 17 17 1 5.0
64 48 67 40 72 68 40 3866 2 9 9 6 0 12 9 9 1 4.0
65 39 66 40 13 67 40 8400 2 25 20 8 0 11 8 6 1 5.0
66 35 68 40 68 74 40 642 1 10 9 7 0 5.0
67 32 70 40 9 78 40 28705 3 9 9 9 0 24 20 4 0 20 20 10 0 4.0
68 69 50 40 66 28 40 4114 1 20 15 8 0 5.0
69 61 52 40 25 33 40 200 1 14 8 2 0 5.0
70 59 47 40 67 77 40 9102 2 11 9 3 0 38 7 5 1 4.0
71 38 67 40 22 68 40 3470 1 32 10 10 0 5.0
72 60 55 40 68 22 40 1228 3 14 12 5 0 19 14 14 0 11 10 8 0 6.0
73 40 76 40 19 18 40 22860 3 22 16 17 0 9 6 5 0 17 17 21 0 5.0
74 38 20 40 14 26 40 17136 3 11 11 16 0 19 9 30 0 21 20 30 0 6.0
75 37 83 40 24 25 40 6763 2 16 10 6 0 10 8 7 0 4.0
