7     75    45000 60    25    30   
0     40    50    0     40    50    1236  0     
1 15 50 40 66 70 40 7480 4 14 11 9 0 10 8 5 0 19 11 5 1 11 7 3 1 4.0
2 12 52 40 69 82 40 11284 5 10 8 8 0 10 10 19 0 9 7 7 0 13 6 2 1 19 13 13 1 5.0
3 71 50 40 11 25 40 579 1 11 11 11 0 6.0
4 9 59 40 16 69 40 20162 3 37 7 4 0 11 11 8 0 18 14 15 1 4.0
5 23 55 40 9 76 40 2075 2 23 8 14 0 14 13 13 0 6.0
6 36 27 40 57 80 40 3075 4 10 8 7 0 13 6 1 0 19 14 8 0 14 10 14 0 6.0
7 9 43 40 9 20 40 17570 3 20 15 30 0 11 10 2 0 19 11 19 0 5.0
8 61 54 40 60 19 40 4451 3 22 20 5 0 14 11 3 0 21 18 5 0 5.0
9 42 74 40 62 80 40 225 1 9 7 2 0 5.0
10 21 43 40 69 34 40 45000 5 23 15 9 0 22 16 22 0 16 11 5 0 11 11 11 0 10 7 10 0 4.0
11 10 55 40 65 83 40 4522 2 14 14 5 0 13 9 8 0 4.0
12 32 22 40 58 26 40 2035 5 10 8 9 0 21 18 4 0 11 8 5 1 23 20 6 1 11 9 7 1 6.0
13 48 26 40 13 73 40 45000 4 55 8 8 0 17 9 7 0 9 9 9 0 35 19 19 1 4.0
14 64 50 40 21 80 40 6971 5 14 9 19 0 9 6 1 0 10 7 7 0 15 13 4 0 35 25 3 1 5.0
15 40 26 40 64 80 40 420 1 15 11 4 1 6.0
16 15 58 40 71 21 40 45000 4 16 11 11 0 9 6 1 0 23 23 23 0 25 19 5 0 4.0
17 40 35 40 9 70 40 956 2 10 9 10 0 56 12 5 0 6.0
18 36 83 40 14 30 40 12090 4 16 11 5 0 23 8 14 0 11 8 8 0 15 13 9 1 5.0
19 64 44 40 64 24 40 45000 5 49 8 4 0 11 8 1 0 15 13 11 0 22 15 1 0 33 8 8 0 4.0
20 47 20 40 12 22 40 17128 3 22 22 22 0 19 8 2 1 10 9 15 1 5.0
21 21 44 40 60 67 40 318 1 13 13 3 0 6.0
22 21 55 40 60 31 40 28476 4 11 9 6 0 9 9 9 0 35 19 19 0 13 12 13 1 5.0
23 49 24 40 24 26 40 8489 2 31 17 6 0 9 7 9 1 4.0
24 23 42 40 21 74 40 3385 5 9 7 4 0 9 6 2 0 17 17 6 0 11 9 1 1 15 14 11 1 6.0
25 48 23 40 60 26 40 18526 3 49 22 8 0 19 11 7 0 14 14 1 1 5.0
26 42 70 40 10 19 40 2125 3 21 21 5 0 9 6 2 0 10 7 4 1 6.0
27 68 56 40 64 71 40 348 1 14 11 3 0 6.0
28 63 47 40 62 70 40 6612 4 20 9 3 0 12 10 10 0 16 16 3 0 9 7 2 1 4.0
29 47 80 40 67 72 40 3527 5 9 8 9 0 15 9 7 0 16 11 5 1 15 15 5 1 19 19 4 1 6.0
30 12 46 40 56 72 40 205 1 9 7 9 0 6.0
31 45 33 40 64 26 40 45000 4 18 12 7 0 19 17 4 0 9 6 4 0 12 10 9 0 4.0
32 40 20 40 22 25 40 1970 4 11 10 5 0 20 14 15 0 9 6 6 0 26 19 6 0 6.0
33 25 59 40 68 76 40 1032 1 39 24 2 0 6.0
34 8 48 40 20 83 40 17761 2 35 10 7 0 13 9 12 0 4.0
35 44 74 40 63 34 40 1457 3 9 7 7 0 16 11 6 0 13 11 13 0 6.0
36 25 52 40 10 67 40 7700 5 10 7 5 0 22 22 21 0 15 10 5 1 11 6 15 1 9 6 7 1 6.0
37 23 46 40 56 67 40 45000 4 55 16 8 0 22 22 26 0 16 16 8 1 9 6 1 1 4.0
38 62 47 40 20 21 40 3287 1 22 11 16 1 6.0
39 49 32 40 69 66 40 10719 5 17 11 9 0 19 14 7 0 11 11 16 0 19 16 11 0 9 9 3 1 5.0
40 57 52 40 13 32 40 28073 5 10 7 4 0 11 9 9 0 27 22 16 0 14 11 9 0 13 9 4 1 4.0
41 61 49 40 17 73 40 3250 4 9 8 7 0 14 9 1 0 16 11 8 0 20 17 2 1 5.0
42 63 43 40 56 23 40 3208 4 9 7 9 0 22 22 2 0 11 9 2 1 14 9 16 1 6.0
43 36 25 40 25 72 40 45000 3 10 9 8 0 19 18 17 0 20 17 17 0 4.0
44 64 48 40 58 24 40 40335 4 18 14 15 0 33 6 9 0 29 10 30 0 10 9 15 1 4.0
45 14 54 40 12 66 40 1400 2 11 7 6 0 20 14 3 0 5.0
46 57 59 40 17 29 40 6461 1 33 13 7 1 4.0
47 39 83 40 13 23 40 70 1 9 6 1 0 5.0
48 33 21 40 65 25 40 10801 4 22 11 11 0 11 11 11 0 13 9 5 0 19 11 11 1 5.0
49 35 83 40 67 18 40 15870 1 18 15 11 1 4.0
50 9 57 40 16 19 40 8828 5 14 14 8 0 16 11 11 0 14 11 17 1 11 8 7 1 13 13 5 1 5.0
51 32 80 40 17 21 40 2984 1 33 11 9 0 5.0
52 47 82 40 16 72 40 7800 1 50 18 10 0 5.0
53 41 79 40 11 21 40 11223 3 20 20 11 0 11 8 4 0 15 10 5 1 5.0
54 10 54 40 10 78 40 299 2 13 6 3 0 13 11 2 1 6.0
55 39 31 40 66 81 40 7843 4 13 10 9 0 11 7 7 0 9 6 6 0 10 8 7 0 4.0
56 66 53 40 65 24 40 10402 2 27 18 5 0 16 10 5 0 4.0
57 71 54 40 24 34 40 227 1 10 10 8 0 6.0
58 46 66 40 67 21 40 17568 3 22 20 23 0 14 9 3 0 15 6 14 1 5.0
59 71 48 40 25 83 40 15215 4 39 25 9 0 9 7 7 1 10 6 3 1 9 9 5 1 5.0
60 38 25 40 62 18 40 11009 5 10 8 5 0 16 11 7 0 31 8 8 0 22 19 7 1 10 9 8 1 5.0
61 33 24 40 64 70 40 3435 2 14 9 5 0 10 6 2 1 4.0
62 39 73 40 24 82 40 449 1 13 13 2 1 5.0
63 38 33 40 23 68 40 16724 5 25 19 8 0 22 19 8 0 14 10 3 0 33 22 4 1 11 11 11 1 5.0
64 48 67 40 72 68 40 22592 5 17 11 9 0 10 7 4 0 11 11 11 0 21 21 5 0 9 6 1 1 4.0
65 39 66 40 13 67 40 8792 2 14 14 7 0 27 25 19 0 6.0
66 35 68 40 68 74 40 24723 2 19 8 19 0 27 18 16 1 4.0
67 32 70 40 9 78 40 3468 3 21 9 7 0 22 16 2 0 29 6 4 0 5.0
68 69 50 40 66 28 40 2618 4 16 9 16 0 16 7 3 0 9 6 5 0 12 12 30 0 6.0
69 61 52 40 25 33 40 2014 1 11 11 11 0 5.0
70 59 47 40 67 77 40 39096 1 27 14 27 0 4.0
71 38 67 40 22 68 40 929 2 26 14 8 0 9 7 5 0 6.0
72 60 55 40 68 22 40 2031 4 13 8 7 0 12 12 7 0 17 13 15 0 10 8 3 0 6.0
73 40 76 40 19 18 40 15423 4 10 7 10 0 22 17 5 0 12 8 9 0 11 9 4 0 4.0
74 38 20 40 14 26 40 4237 4 20 14 14 0 16 11 16 0 22 21 4 0 10 10 6 0 6.0
75 37 83 40 24 25 40 7795 1 37 19 5 0 4.0
