7     75    45000 60    25    30   
0     40    50    0     40    50    1236  0     
1 15 50 40 66 70 40 37093 4 24 18 5 0 11 6 8 0 28 23 10 1 20 8 28 1 4.0
2 12 52 40 69 82 40 15462 5 10 9 4 0 22 18 14 0 8 6 6 0 8 6 4 1 21 18 4 1 5.0
3 71 50 40 11 25 40 185 1 9 7 5 0 6.0
4 9 59 40 16 69 40 9148 3 26 21 12 0 8 7 11 0 11 8 7 1 5.0
5 23 55 40 9 76 40 1545 2 30 17 4 0 35 15 10 0 6.0
6 36 27 40 57 80 40 14911 4 23 18 8 0 23 20 5 0 20 6 3 0 33 6 6 0 5.0
7 9 43 40 9 20 40 18967 3 18 13 5 0 11 8 4 0 40 25 2 0 4.0
8 61 54 40 60 19 40 3621 3 10 7 3 0 13 9 6 0 18 10 16 0 5.0
9 42 74 40 62 80 40 323 1 9 6 5 0 5.0
10 21 43 40 69 34 40 20578 5 53 20 5 0 8 7 5 0 16 14 14 0 15 15 5 0 13 13 5 0 5.0
11 10 55 40 65 83 40 10092 2 33 23 10 0 8 6 2 0 5.0
12 32 22 40 58 26 40 24275 5 10 10 9 0 14 14 14 0 14 13 5 1 16 6 7 1 8 6 7 1 4.0
13 48 26 40 13 73 40 45000 4 10 8 7 0 10 10 5 0 32 19 30 0 13 8 4 1 4.0
14 64 50 40 21 80 40 45000 5 11 9 4 0 8 8 8 0 33 24 6 0 9 9 9 0 26 14 22 1 4.0
15 40 26 40 64 80 40 150 1 10 8 6 1 6.0
16 15 58 40 71 21 40 1293 4 9 8 5 0 8 6 4 0 15 11 9 0 9 8 5 0 6.0
17 40 35 40 9 70 40 6899 2 13 10 13 0 10 10 10 0 4.0
18 36 83 40 14 30 40 4681 4 22 13 15 0 10 6 7 0 26 15 13 0 17 14 18 1 6.0
19 64 44 40 64 24 40 45000 5 10 8 8 0 23 23 14 0 28 13 13 0 14 8 3 0 24 12 4 0 4.0
20 47 20 40 12 22 40 2801 3 10 8 5 0 20 6 6 1 16 8 16 1 6.0
21 21 44 40 60 67 40 293 1 35 6 6 0 6.0
22 21 55 40 60 31 40 45000 4 8 6 4 0 8 6 3 0 40 15 4 0 22 19 24 1 4.0
23 49 24 40 24 26 40 94 2 8 6 6 0 8 6 1 1 6.0
24 23 42 40 21 74 40 955 5 8 6 8 0 22 15 3 0 9 7 4 0 8 8 8 1 31 11 5 1 6.0
25 48 23 40 60 26 40 45000 3 18 15 10 0 15 9 6 0 12 8 4 1 4.0
26 42 70 40 10 19 40 1188 3 15 8 4 0 8 8 8 0 15 8 6 1 6.0
27 68 56 40 64 71 40 1487 1 17 11 6 0 5.0
28 63 47 40 62 70 40 6278 4 19 11 13 0 10 8 5 0 10 8 1 0 20 15 8 1 5.0
29 47 80 40 67 72 40 16578 5 17 10 6 0 27 17 17 0 18 18 4 1 8 6 4 1 8 8 8 1 5.0
30 12 46 40 56 72 40 833 1 8 8 10 0 5.0
31 45 33 40 64 26 40 28413 4 25 17 15 0 10 8 7 0 9 7 5 0 11 11 13 0 4.0
32 40 20 40 22 25 40 3294 4 20 15 13 0 17 17 23 0 10 8 5 0 10 8 1 0 6.0
33 25 59 40 68 76 40 23649 1 26 18 26 0 5.0
34 8 48 40 20 83 40 1057 2 10 8 3 0 9 9 3 0 4.0
35 44 74 40 63 34 40 11338 3 23 13 7 0 10 7 6 0 33 25 12 0 6.0
36 25 52 40 10 67 40 3014 5 11 9 7 0 8 6 3 0 32 8 3 1 26 18 9 1 15 11 3 1 6.0
37 23 46 40 56 67 40 45000 4 51 23 10 0 10 8 6 0 9 8 7 1 11 9 13 1 4.0
38 62 47 40 20 21 40 125 1 12 9 2 1 6.0
39 49 32 40 69 66 40 13057 5 9 7 7 0 8 6 5 0 9 8 5 0 15 8 30 0 8 6 3 1 4.0
40 57 52 40 13 32 40 2140 5 10 6 4 0 15 15 5 0 13 8 8 0 13 8 13 0 10 10 3 1 6.0
41 61 49 40 17 73 40 23749 4 10 7 4 0 33 18 3 0 27 25 10 0 12 12 10 1 4.0
42 63 43 40 56 23 40 6765 4 16 16 9 0 11 7 4 0 27 6 4 1 21 16 13 1 6.0
43 36 25 40 25 72 40 23904 3 15 10 2 0 29 25 20 0 14 8 6 0 5.0
44 64 48 40 58 24 40 19518 4 10 10 5 0 17 14 13 0 35 6 6 0 25 20 10 1 5.0
45 14 54 40 12 66 40 5060 2 33 13 22 0 8 8 5 0 6.0
46 57 59 40 17 29 40 45000 1 53 25 10 1 4.0
47 39 83 40 13 23 40 629 1 11 10 5 0 5.0
48 33 21 40 65 25 40 11229 4 15 8 4 0 23 20 10 0 11 7 5 0 25 15 20 1 6.0
49 35 83 40 67 18 40 2521 1 26 6 7 1 4.0
50 9 57 40 16 19 40 1510 5 18 10 15 0 15 13 25 0 10 9 7 1 14 12 4 1 9 8 11 1 6.0
51 32 80 40 17 21 40 3493 1 23 18 6 0 5.0
52 47 82 40 16 72 40 11944 1 20 10 25 0 4.0
53 41 79 40 11 21 40 4775 3 9 7 2 0 7 7 8 0 11 8 13 1 4.0
54 10 54 40 10 78 40 934 2 8 6 6 0 8 8 10 1 5.0
55 39 31 40 66 81 40 11878 4 11 11 11 0 12 10 7 0 20 15 10 0 17 8 8 0 5.0
56 66 53 40 65 24 40 3069 2 15 10 15 0 8 6 3 0 5.0
57 71 54 40 24 34 40 2716 1 16 9 6 0 4.0
58 46 66 40 67 21 40 29563 3 17 8 17 0 18 10 19 0 8 8 3 1 4.0
59 71 48 40 25 83 40 8135 4 15 10 10 0 8 8 5 1 8 8 18 1 23 23 10 1 5.0
60 38 25 40 62 18 40 1857 5 15 10 8 0 8 6 3 0 10 8 3 0 10 8 8 1 18 13 5 1 6.0
61 33 24 40 64 70 40 13839 2 39 6 27 0 10 6 2 1 5.0
62 39 73 40 24 82 40 296 1 12 8 1 1 4.0
63 38 33 40 23 68 40 8040 5 14 13 11 0 15 15 15 0 10 10 8 0 8 6 2 1 8 8 6 1 5.0
64 48 67 40 72 68 40 45000 5 27 19 15 0 15 10 3 0 8 6 3 0 20 8 2 0 18 18 13 1 4.0
65 39 66 40 13 67 40 3819 2 20 16 5 0 16 16 18 0 6.0
66 35 68 40 68 74 40 671 2 9 9 3 0 11 11 11 1 6.0
67 32 70 40 9 78 40 7096 3 10 6 3 0 21 13 10 0 10 10 10 0 5.0
68 69 50 40 66 28 40 6417 4 9 9 9 0 34 24 2 0 18 15 10 0 32 25 7 0 6.0
69 61 52 40 25 33 40 93 1 8 6 4 0 6.0
70 59 47 40 67 77 40 1220 1 9 8 5 0 4.0
71 38 67 40 22 68 40 461 2 11 11 9 0 10 6 2 0 6.0
72 60 55 40 68 22 40 3991 4 10 8 5 0 10 8 1 0 13 12 5 0 23 6 6 0 5.0
73 40 76 40 19 18 40 22834 4 8 6 1 0 25 20 10 0 12 8 4 0 14 7 3 0 4.0
74 38 20 40 14 26 40 30359 4 36 11 2 0 10 6 5 0 22 17 12 0 24 20 25 0 5.0
75 37 83 40 24 25 40 817 1 15 10 2 0 4.0
