7     75    45000 60    25    30   
0     40    50    0     40    50    1236  0     
1 24 45 40 13 33 40 34130 3 27 20 6 0 12 7 9 0 31 25 11 0 4.0
2 40 79 40 69 26 40 11201 2 22 8 30 0 11 10 4 0 5.0
3 45 25 40 10 68 40 4758 3 25 20 15 0 9 7 6 0 9 6 4 1 6.0
4 14 42 40 12 81 40 2162 1 23 20 4 0 5.0
5 14 48 40 72 33 40 1992 2 10 7 5 0 29 24 13 0 6.0
6 42 34 40 22 76 40 2999 2 8 7 12 0 12 8 8 0 5.0
7 49 67 40 20 34 40 45000 3 34 18 4 0 39 17 11 0 25 20 8 1 4.0
8 35 32 40 23 72 40 3151 1 25 22 6 0 5.0
9 32 80 40 23 23 40 474 1 22 6 3 1 5.0
10 44 74 40 17 67 40 2496 1 36 6 6 0 5.0
11 16 46 40 11 33 40 2773 2 20 14 6 0 12 9 4 0 5.0
12 49 26 40 68 69 40 9820 1 45 25 2 0 4.0
13 42 35 40 64 80 40 4623 2 11 7 3 0 14 10 6 1 4.0
14 34 29 40 63 26 40 45000 3 20 11 17 0 10 6 6 0 59 22 6 0 4.0
15 40 73 40 11 83 40 1996 3 9 7 5 0 17 16 16 0 17 17 6 0 6.0
16 69 59 40 60 28 40 6218 2 15 15 6 0 37 25 11 0 6.0
17 36 71 40 67 71 40 3380 2 9 6 2 0 11 11 10 0 4.0
18 16 51 40 65 68 40 1496 2 15 15 15 1 16 14 5 1 6.0
19 35 66 40 14 26 40 6761 3 17 6 7 0 9 7 8 0 11 9 8 1 4.0
20 44 81 40 69 67 40 642 1 11 11 6 0 6.0
21 60 48 40 21 30 40 5120 1 35 21 30 1 6.0
22 57 58 40 24 35 40 10022 3 14 9 4 0 12 10 4 0 9 9 9 0 4.0
23 21 57 40 21 21 40 1839 2 37 25 6 0 10 10 10 0 6.0
24 43 19 40 15 29 40 2970 3 29 15 25 0 11 9 6 0 10 8 6 1 6.0
25 43 34 40 19 18 40 3376 1 9 6 4 0 4.0
26 43 18 40 64 35 40 1728 2 17 12 10 0 10 9 5 1 6.0
27 42 68 40 69 24 40 4622 2 14 11 14 0 11 11 11 0 5.0
28 60 42 40 12 21 40 14620 3 25 15 16 0 11 7 7 0 29 16 14 1 5.0
29 38 29 40 12 72 40 10391 2 19 16 20 0 11 8 8 1 5.0
30 32 25 40 10 26 40 13022 1 25 25 16 1 5.0
31 37 21 40 73 79 40 28375 3 31 15 15 0 16 9 3 0 27 13 4 0 4.0
32 60 43 40 16 23 40 499 2 11 9 6 0 22 7 7 1 6.0
33 45 27 40 57 79 40 5667 1 18 9 18 0 5.0
34 38 73 40 68 78 40 3623 2 39 6 6 0 9 7 4 0 4.0
35 68 58 40 73 73 40 2943 2 9 6 3 0 45 17 4 0 6.0
36 49 29 40 70 83 40 6699 2 25 21 26 0 9 7 6 1 6.0
37 71 53 40 56 30 40 4257 2 9 6 1 0 9 7 9 0 4.0
38 12 42 40 24 83 40 709 1 24 17 3 0 6.0
39 63 46 40 62 33 40 2641 2 10 8 4 0 9 8 9 1 4.0
40 8 54 40 69 33 40 3480 2 35 12 6 1 20 17 11 1 6.0
41 56 54 40 24 75 40 2757 1 17 10 7 0 4.0
42 69 53 40 61 76 40 1572 3 13 9 4 0 16 9 4 0 9 9 9 1 6.0
43 64 47 40 67 72 40 9594 3 17 9 6 0 18 12 7 0 21 12 15 1 5.0
44 10 55 40 15 68 40 1242 2 11 8 6 0 11 9 1 1 5.0
45 56 45 40 18 81 40 7220 3 22 16 8 0 18 11 7 0 30 18 18 0 6.0
46 10 49 40 25 25 40 23312 3 20 20 4 0 9 6 4 0 9 8 8 1 4.0
47 69 58 40 58 26 40 10809 2 9 9 11 0 28 18 17 0 5.0
48 21 44 40 13 21 40 534 1 11 8 7 0 6.0
49 45 26 40 16 83 40 5624 2 10 7 6 0 12 12 14 1 4.0
50 40 66 40 64 67 40 818 1 22 17 14 1 6.0
51 9 44 40 13 73 40 13435 2 19 19 25 0 11 8 6 1 5.0
52 16 55 40 66 80 40 41124 3 11 9 1 0 29 20 29 0 11 9 3 0 4.0
53 58 55 40 64 19 40 7901 2 10 10 3 0 25 14 7 0 4.0
54 65 44 40 59 72 40 12323 2 11 7 7 0 36 25 13 0 5.0
55 12 43 40 61 74 40 3496 3 12 10 7 0 9 6 3 0 35 8 3 1 5.0
56 21 50 40 67 32 40 7435 1 29 20 10 0 5.0
57 47 27 40 56 19 40 45000 2 16 12 3 0 56 25 11 0 4.0
58 48 78 40 67 28 40 3074 1 11 8 7 1 4.0
59 64 58 40 65 28 40 2580 3 10 8 7 0 12 10 15 1 13 10 2 1 5.0
60 40 78 40 73 28 40 741 3 10 7 7 0 9 6 6 0 10 9 6 1 6.0
61 32 81 40 10 81 40 10782 3 17 9 30 0 9 6 3 0 11 6 4 0 5.0
62 58 50 40 8 18 40 5345 1 17 17 6 0 4.0
63 45 20 40 11 30 40 1082 1 14 8 8 1 5.0
64 12 48 40 57 68 40 24539 2 14 8 14 0 11 11 3 1 4.0
65 39 66 40 25 32 40 189 1 11 7 4 0 6.0
66 72 59 40 14 72 40 920 1 36 20 3 0 6.0
67 17 52 40 67 25 40 18346 2 30 25 11 0 13 13 11 1 5.0
68 36 77 40 22 66 40 2181 2 18 18 10 0 12 8 4 0 6.0
69 20 49 40 17 20 40 348 1 30 6 4 1 6.0
70 60 50 40 73 77 40 21143 2 23 17 15 0 17 11 2 1 4.0
71 38 66 40 17 74 40 7236 2 33 25 22 0 15 9 6 0 6.0
72 38 26 40 63 72 40 11777 3 11 11 6 0 18 16 14 0 39 6 6 1 5.0
73 40 68 40 57 27 40 45000 2 28 22 11 0 36 14 25 0 4.0
74 32 73 40 20 78 40 29998 3 9 9 6 0 59 25 11 0 12 11 5 1 5.0
75 11 43 40 13 74 40 18702 2 16 9 4 0 26 22 11 0 4.0
