7     75    45000 60    25    30   
0     40    50    0     40    50    1236  0     
1 72 56 40 18 19 40 2299 1 15 13 6 0 4.0
2 39 28 40 63 69 40 1735 2 11 6 2 1 11 10 11 1 5.0
3 48 71 40 56 69 40 407 1 9 9 6 0 6.0
4 34 30 40 9 75 40 45000 3 18 18 18 0 11 10 16 0 9 6 2 1 4.0
5 37 21 40 24 71 40 786 1 16 16 10 0 6.0
6 65 55 40 66 25 40 23650 2 38 25 27 0 18 18 6 0 6.0
7 41 83 40 9 66 40 9832 3 32 20 9 0 26 20 6 0 26 22 6 1 6.0
8 42 20 40 70 21 40 1539 3 20 20 6 0 13 8 5 0 9 9 6 0 6.0
9 37 27 40 24 30 40 11126 2 12 11 30 1 12 9 3 1 4.0
10 35 34 40 62 68 40 45000 2 24 17 30 0 58 25 3 0 4.0
11 35 71 40 67 26 40 472 2 11 11 1 0 9 6 4 1 5.0
12 64 55 40 69 25 40 3040 1 12 12 12 1 4.0
13 46 27 40 61 26 40 8108 3 26 18 3 0 12 12 9 0 12 8 3 1 4.0
14 12 48 40 66 33 40 7205 2 11 6 3 0 18 18 23 1 6.0
15 44 34 40 62 31 40 17517 3 26 25 16 0 36 25 16 0 9 9 3 1 6.0
16 62 56 40 72 71 40 2314 2 13 8 9 0 9 9 9 1 5.0
17 40 76 40 22 73 40 962 1 12 12 12 0 6.0
18 40 78 40 19 26 40 8243 3 35 23 5 0 29 25 4 0 23 19 4 1 6.0
19 72 53 40 12 80 40 45000 2 12 12 12 0 22 22 24 0 4.0
20 40 81 40 8 26 40 416 1 10 7 5 0 5.0
21 14 47 40 25 67 40 4665 3 21 5 6 0 32 7 9 0 11 8 12 0 5.0
22 40 28 40 57 72 40 74 1 11 7 2 1 6.0
23 15 57 40 8 21 40 1103 3 13 13 13 0 10 8 7 0 15 10 15 0 6.0
24 32 27 40 12 22 40 901 2 9 8 5 0 12 10 7 0 6.0
25 73 57 40 56 23 40 673 1 10 10 2 1 4.0
26 32 81 40 25 29 40 5908 2 23 18 6 0 14 9 7 0 5.0
27 32 76 40 11 67 40 1200 1 11 8 11 1 5.0
28 16 43 40 21 22 40 16001 1 14 13 15 0 4.0
29 19 42 40 72 35 40 4692 3 13 11 10 0 14 13 14 0 12 12 12 0 6.0
30 40 74 40 66 78 40 10756 1 30 25 13 0 5.0
31 37 75 40 68 68 40 11952 3 11 9 7 0 10 6 6 0 18 18 12 1 4.0
32 13 52 40 21 72 40 28832 3 20 16 12 0 60 25 9 0 10 8 9 0 5.0
33 60 54 40 66 73 40 10335 2 23 15 13 0 15 15 23 0 5.0
34 59 52 40 59 23 40 2574 2 9 6 6 0 31 25 2 1 5.0
35 18 46 40 60 80 40 2818 3 32 12 4 0 8 6 6 0 13 10 7 0 5.0
36 61 57 40 10 32 40 5927 2 30 10 30 0 28 9 4 0 6.0
37 61 44 40 16 19 40 573 1 12 9 4 0 5.0
38 19 59 40 11 70 40 1841 2 9 7 7 0 12 9 6 0 5.0
39 36 80 40 71 72 40 1495 2 12 8 8 0 9 9 9 0 6.0
40 61 53 40 62 72 40 1290 2 12 9 6 0 9 6 1 1 4.0
41 63 57 40 73 19 40 3719 3 29 23 5 0 15 15 6 0 20 20 6 0 6.0
42 46 28 40 65 83 40 2126 1 29 6 6 1 4.0
43 43 79 40 19 78 40 45000 1 21 21 27 1 4.0
44 49 25 40 16 71 40 2784 3 22 12 9 0 11 9 3 0 12 12 15 1 6.0
45 12 44 40 12 29 40 427 2 11 10 9 0 9 8 12 1 6.0
46 19 49 40 72 70 40 12004 2 10 9 8 0 15 15 13 0 4.0
47 43 74 40 66 19 40 2006 2 16 10 3 0 18 18 6 1 6.0
48 38 34 40 8 28 40 5532 3 18 12 18 0 13 9 2 0 9 9 9 1 5.0
49 42 69 40 12 26 40 15121 3 11 9 5 0 9 6 8 1 58 6 12 1 4.0
50 35 30 40 56 79 40 12974 3 9 9 9 0 44 25 12 0 16 11 1 0 6.0
51 57 46 40 58 82 40 15080 3 21 16 12 0 35 23 12 0 22 22 7 0 6.0
52 47 77 40 12 19 40 39653 3 25 20 9 0 18 18 18 0 27 13 11 1 4.0
53 73 43 40 68 67 40 2135 1 18 12 11 0 6.0
54 45 67 40 16 69 40 13800 2 43 11 8 0 18 18 3 0 4.0
55 14 56 40 69 23 40 1698 1 12 11 3 0 4.0
56 17 59 40 69 73 40 10704 2 9 9 9 0 41 20 9 1 5.0
57 48 32 40 64 27 40 17024 2 17 15 9 0 23 23 19 0 5.0
58 35 26 40 15 77 40 4957 2 9 9 18 0 13 9 5 0 4.0
59 66 50 40 62 19 40 1535 2 11 8 5 0 25 9 15 0 6.0
60 16 50 40 71 81 40 4070 2 19 15 7 0 15 12 10 0 5.0
61 10 51 40 23 69 40 45000 2 11 10 9 0 29 23 12 0 4.0
62 16 51 40 22 30 40 10524 2 18 18 18 0 15 15 15 0 5.0
63 14 55 40 15 69 40 3001 1 20 20 6 1 5.0
64 35 31 40 19 33 40 45000 3 27 25 30 0 9 9 9 1 26 12 23 1 4.0
65 58 49 40 67 21 40 13886 3 19 13 22 0 30 25 4 0 10 7 2 0 5.0
66 23 57 40 21 26 40 19853 1 60 25 7 0 4.0
67 68 46 40 13 79 40 45000 2 19 11 26 0 12 9 15 0 4.0
68 45 73 40 24 26 40 2338 3 9 6 5 0 11 6 2 0 13 11 9 1 5.0
69 40 72 40 22 77 40 5491 2 13 13 8 0 15 12 10 0 5.0
70 68 45 40 65 22 40 11649 1 23 23 12 0 4.0
71 24 56 40 25 76 40 213 1 9 6 6 1 6.0
72 38 33 40 22 25 40 13801 2 19 19 21 0 11 6 2 1 4.0
73 71 42 40 71 76 40 1499 1 18 8 6 1 5.0
74 39 71 40 56 34 40 4127 1 20 16 12 0 5.0
75 13 50 40 10 73 40 487 2 15 7 4 0 11 6 15 1 6.0
