7     75    45000 60    25    30   
0     40    50    0     40    50    1236  0     
1 15 50 40 66 70 40 10892 2 27 20 6 0 12 7 9 1 4.0
2 12 52 40 69 82 40 27503 2 31 25 11 0 23 8 30 1 5.0
3 71 50 40 11 25 40 259 1 11 10 4 0 6.0
4 9 59 40 16 69 40 9512 3 25 20 15 0 9 7 6 0 9 6 4 0 5.0
5 23 55 40 9 76 40 488 1 23 20 5 0 6.0
6 36 27 40 57 80 40 19572 2 10 7 5 0 29 24 13 0 5.0
7 9 43 40 9 20 40 25149 3 8 7 12 0 12 8 8 0 34 19 5 1 4.0
8 61 54 40 60 19 40 14076 3 39 17 11 0 25 20 8 0 25 23 6 1 5.0
9 42 74 40 62 80 40 495 1 23 6 3 1 5.0
10 21 43 40 69 34 40 2565 1 37 6 6 1 5.0
11 10 55 40 65 83 40 2206 1 20 14 6 1 5.0
12 32 22 40 58 26 40 13185 3 12 9 5 0 45 25 2 0 11 7 3 1 4.0
13 48 26 40 13 73 40 19769 2 14 10 6 0 20 11 17 1 4.0
14 64 50 40 21 80 40 45000 3 10 6 6 0 59 23 6 0 9 7 5 0 4.0
15 40 26 40 64 80 40 1357 1 17 16 16 0 6.0
16 15 58 40 71 21 40 1664 2 17 17 6 0 15 15 6 1 6.0
17 40 35 40 9 70 40 26372 2 37 25 11 0 9 6 2 0 4.0
18 36 83 40 14 30 40 1526 2 11 11 10 0 15 15 15 0 6.0
19 64 44 40 64 24 40 7865 3 16 14 5 0 17 6 7 1 9 7 8 1 4.0
20 47 20 40 12 22 40 21392 3 11 9 8 0 11 11 6 1 36 21 30 1 6.0
21 21 44 40 60 67 40 256 2 14 9 4 0 12 10 5 0 6.0
22 21 55 40 60 31 40 42585 3 9 9 9 0 37 25 6 0 10 10 10 0 4.0
23 49 24 40 24 26 40 3221 2 29 15 25 0 11 9 6 1 6.0
24 23 42 40 21 74 40 680 3 10 8 6 0 9 6 4 0 17 12 10 1 6.0
25 48 23 40 60 26 40 7033 1 10 9 5 0 4.0
26 42 70 40 10 19 40 2420 2 14 11 14 0 11 11 11 0 6.0
27 68 56 40 64 71 40 8668 2 25 15 16 0 11 7 7 0 5.0
28 63 47 40 62 70 40 14895 3 29 16 14 0 19 16 20 0 11 8 8 1 5.0
29 47 80 40 67 72 40 27007 3 25 25 16 0 32 15 15 0 16 9 3 1 5.0
30 12 46 40 56 72 40 1828 1 27 13 4 0 5.0
31 45 33 40 64 26 40 1913 1 11 9 6 0 4.0
32 40 20 40 22 25 40 1208 2 23 7 7 0 18 9 18 0 6.0
33 25 59 40 68 76 40 3218 2 39 6 6 0 9 7 4 0 5.0
34 8 48 40 20 83 40 354 1 9 6 3 0 4.0
35 44 74 40 63 34 40 15961 2 45 17 5 0 25 21 26 0 6.0
36 25 52 40 10 67 40 181 1 9 7 6 0 6.0
37 23 46 40 56 67 40 370 1 9 6 1 1 4.0
38 62 47 40 20 21 40 329 1 9 7 9 0 6.0
39 49 32 40 69 66 40 6200 3 24 17 3 0 10 8 5 1 9 8 9 1 4.0
40 57 52 40 13 32 40 1401 1 35 12 6 0 6.0
41 61 49 40 17 73 40 8664 1 20 17 11 1 4.0
42 63 43 40 56 23 40 1470 2 17 10 7 0 13 9 4 1 6.0
43 36 25 40 25 72 40 2016 2 16 9 4 0 9 9 9 1 5.0
44 64 48 40 58 24 40 12466 3 17 9 6 0 19 12 7 0 21 12 15 1 5.0
45 14 54 40 12 66 40 274 1 11 8 6 1 6.0
46 57 59 40 17 29 40 28409 2 11 9 1 0 22 16 8 1 4.0
47 39 83 40 13 23 40 1672 1 19 11 7 0 5.0
48 33 21 40 65 25 40 11299 3 30 19 19 0 20 20 5 0 9 6 4 0 6.0
49 35 83 40 67 18 40 3387 2 9 8 8 0 9 9 11 0 4.0
50 9 57 40 16 19 40 1508 2 28 19 17 0 11 8 7 1 6.0
51 32 80 40 17 21 40 591 1 10 7 6 0 5.0
52 47 82 40 16 72 40 17892 2 12 12 14 0 23 17 14 1 4.0
53 41 79 40 11 21 40 27732 3 19 19 25 0 11 8 6 0 11 9 1 0 4.0
54 10 54 40 10 78 40 17235 2 29 20 29 0 11 9 3 0 5.0
55 39 31 40 66 81 40 6242 3 10 10 3 0 25 14 7 0 11 7 7 1 5.0
56 66 53 40 65 24 40 16491 2 37 25 13 0 12 10 7 0 5.0
57 71 54 40 24 34 40 3225 2 9 6 3 0 36 8 3 1 4.0
58 46 66 40 67 21 40 45000 3 29 20 10 0 16 12 3 0 56 25 11 1 4.0
59 71 48 40 25 83 40 2930 3 11 8 7 0 10 8 7 0 12 10 15 0 5.0
60 38 25 40 62 18 40 153 1 14 10 2 0 6.0
61 33 24 40 64 70 40 1750 2 10 7 7 0 9 6 6 0 5.0
62 39 73 40 24 82 40 15812 2 10 9 6 0 17 9 30 1 4.0
63 38 33 40 23 68 40 2689 3 9 6 3 0 11 6 5 0 17 17 6 1 5.0
64 48 67 40 72 68 40 31313 2 14 8 8 0 14 8 14 1 4.0
65 39 66 40 13 67 40 460 2 11 11 3 0 11 7 5 1 6.0
66 35 68 40 68 74 40 946 1 37 20 3 0 6.0
67 32 70 40 9 78 40 24765 3 30 25 11 0 14 14 11 0 18 18 10 0 5.0
68 69 50 40 66 28 40 231 1 12 8 4 0 6.0
69 61 52 40 25 33 40 436 1 30 6 5 0 6.0
70 59 47 40 67 77 40 21143 2 23 17 15 0 17 11 2 1 4.0
71 38 67 40 22 68 40 7241 1 33 25 23 0 6.0
72 60 55 40 68 22 40 11070 3 15 9 6 0 11 11 6 0 19 16 14 0 5.0
73 40 76 40 19 18 40 45000 3 39 6 6 0 28 23 11 0 37 14 25 0 4.0
74 38 20 40 14 26 40 29998 3 9 9 6 0 59 25 11 0 12 11 5 0 5.0
75 37 83 40 24 25 40 18702 2 16 9 4 0 26 22 11 0 4.0
