7     75    45000 60    25    30   
0     40    50    0     40    50    1236  0     
1 24 48 40 26 45 40 2299 1 15 13 6 0 4.0
2 47 69 40 38 30 40 1735 2 11 6 2 1 11 10 11 1 5.0
3 19 47 40 42 26 40 407 1 9 9 6 0 6.0
4 42 79 40 35 70 40 45000 3 18 18 18 0 11 10 16 0 9 6 2 1 4.0
5 67 49 40 25 52 40 786 1 16 16 10 0 6.0
6 43 27 40 40 26 40 23650 2 38 25 27 0 18 18 6 0 6.0
7 56 57 40 25 51 40 9832 3 32 20 9 0 26 20 6 0 26 22 6 1 6.0
8 60 49 40 65 46 40 1539 3 20 20 6 0 13 8 5 0 9 9 6 0 6.0
9 35 20 40 43 22 40 11126 2 12 11 30 1 12 9 3 1 4.0
10 37 75 40 60 56 40 45000 2 24 17 30 0 58 25 3 0 4.0
11 17 47 40 34 28 40 472 2 11 11 1 0 9 6 4 1 5.0
12 61 44 40 63 50 40 3040 1 12 12 12 1 4.0
13 40 30 40 55 50 40 8108 3 26 18 3 0 12 12 9 0 12 8 3 1 4.0
14 63 51 40 43 31 40 7205 2 11 6 3 0 18 18 23 1 6.0
15 17 49 40 41 70 40 17517 3 26 25 16 0 36 25 16 0 9 9 3 1 6.0
16 34 73 40 40 22 40 2314 2 13 8 9 0 9 9 9 1 5.0
17 58 56 40 20 47 40 962 1 12 12 12 0 6.0
18 40 32 40 40 81 40 8243 3 35 23 5 0 29 25 4 0 23 19 4 1 6.0
19 35 79 40 59 47 40 45000 2 12 12 12 0 22 22 24 0 4.0
20 39 80 40 45 30 40 416 1 10 7 5 0 5.0
21 45 82 40 64 46 40 4665 3 21 5 6 0 32 7 9 0 11 8 12 0 5.0
22 67 55 40 66 57 40 74 1 11 7 2 1 6.0
23 47 77 40 37 82 40 1103 3 13 13 13 0 10 8 7 0 15 10 15 0 6.0
24 63 54 40 19 52 40 901 2 9 8 5 0 12 10 7 0 6.0
25 62 46 40 14 57 40 673 1 10 10 2 1 4.0
26 36 29 40 43 26 40 5908 2 23 18 6 0 14 9 7 0 5.0
27 60 45 40 41 75 40 1200 1 11 8 11 1 5.0
28 23 50 40 46 81 40 16001 1 14 13 15 0 4.0
29 65 44 40 35 25 40 4692 3 13 11 10 0 14 13 14 0 12 12 12 0 6.0
30 19 46 40 27 51 40 10756 1 30 25 13 0 5.0
31 42 80 40 36 79 40 11952 3 11 9 7 0 10 6 6 0 18 18 12 1 4.0
32 39 82 40 46 27 40 28832 3 20 16 12 0 60 25 9 0 10 8 9 0 5.0
33 34 74 40 62 51 40 10335 2 23 15 13 0 15 15 23 0 5.0
34 56 51 40 34 30 40 2574 2 9 6 6 0 31 25 2 1 5.0
35 41 76 40 58 54 40 2818 3 32 12 4 0 8 6 6 0 13 10 7 0 5.0
36 46 25 40 34 26 40 5927 2 30 10 30 0 28 9 4 0 6.0
37 59 44 40 43 69 40 573 1 12 9 4 0 5.0
38 64 53 40 27 57 40 1841 2 9 7 7 0 12 9 6 0 5.0
39 38 76 40 26 54 40 1495 2 12 8 8 0 9 9 9 0 6.0
40 38 70 40 38 24 40 1290 2 12 9 6 0 9 6 1 1 4.0
41 18 49 40 44 19 40 3719 3 29 23 5 0 15 15 6 0 20 20 6 0 6.0
42 39 81 40 55 47 40 2126 1 29 6 6 1 4.0
43 21 54 40 40 28 40 45000 1 21 21 27 1 4.0
44 34 69 40 47 74 40 2784 3 22 12 9 0 11 9 3 0 12 12 15 1 6.0
45 65 45 40 47 70 40 427 2 11 10 9 0 9 8 12 1 6.0
46 61 53 40 58 44 40 12004 2 10 9 8 0 15 15 13 0 4.0
47 41 26 40 18 51 40 2006 2 16 10 3 0 18 18 6 1 6.0
48 40 27 40 65 57 40 5532 3 18 12 18 0 13 9 2 0 9 9 9 1 5.0
49 17 48 40 41 69 40 15121 3 11 9 5 0 9 6 8 1 58 6 12 1 4.0
50 37 29 40 46 26 40 12974 3 9 9 9 0 44 25 12 0 16 11 1 0 6.0
51 16 55 40 36 27 40 15080 3 21 16 12 0 35 23 12 0 22 22 7 0 6.0
52 35 21 40 42 72 40 39653 3 25 20 9 0 18 18 18 0 27 13 11 1 4.0
53 38 81 40 24 54 40 2135 1 18 12 11 0 6.0
54 46 69 40 39 75 40 13800 2 43 11 8 0 18 18 3 0 4.0
55 23 45 40 57 47 40 1698 1 12 11 3 0 4.0
56 19 57 40 46 77 40 10704 2 9 9 9 0 41 20 9 1 5.0
57 40 21 40 16 44 40 17024 2 17 15 9 0 23 23 19 0 5.0
58 60 51 40 45 70 40 4957 2 9 9 18 0 13 9 5 0 4.0
59 56 53 40 39 26 40 1535 2 11 8 5 0 25 9 15 0 6.0
60 37 19 40 39 27 40 4070 2 19 15 7 0 15 12 10 0 5.0
61 39 72 40 21 51 40 45000 2 11 10 9 0 29 23 12 0 4.0
62 14 46 40 54 51 40 10524 2 18 18 18 0 15 15 15 0 5.0
63 34 21 40 54 44 40 3001 1 20 20 6 1 5.0
64 20 50 40 17 52 40 45000 3 27 25 30 0 9 9 9 1 26 12 23 1 4.0
65 27 56 40 21 50 40 13886 3 19 13 22 0 30 25 4 0 10 7 2 0 5.0
66 44 69 40 40 74 40 19853 1 60 25 7 0 4.0
67 43 71 40 56 50 40 45000 2 19 11 26 0 12 9 15 0 4.0
68 26 47 40 54 47 40 2338 3 9 6 5 0 11 6 2 0 13 11 9 1 5.0
69 59 57 40 54 49 40 5491 2 13 13 8 0 15 12 10 0 5.0
70 39 21 40 43 20 40 11649 1 23 23 12 0 4.0
71 19 56 40 45 27 40 213 1 9 6 6 1 6.0
72 56 55 40 24 49 40 13801 2 19 19 21 0 11 6 2 1 4.0
73 24 52 40 24 51 40 1499 1 18 8 6 1 5.0
74 17 44 40 19 50 40 4127 1 20 16 12 0 5.0
75 45 74 40 41 31 40 487 2 15 7 4 0 11 6 15 1 6.0
