7     75    45000 60    25    30   
0     40    50    0     40    50    1236  0     
1 72 56 40 18 19 40 5081 1 16 13 10 0 4.0
2 39 28 40 63 69 40 4202 2 12 9 6 1 22 13 6 1 5.0
3 48 71 40 56 69 40 136 1 13 8 3 0 6.0
4 34 30 40 9 75 40 14898 3 12 9 9 0 11 11 22 0 10 8 8 1 4.0
5 37 21 40 24 71 40 82 1 14 7 2 0 6.0
6 65 55 40 66 25 40 4299 2 21 15 14 0 13 13 13 0 6.0
7 41 83 40 9 66 40 11925 3 43 8 5 0 13 13 9 0 21 16 17 1 5.0
8 42 20 40 70 21 40 7501 3 26 9 16 0 16 14 14 0 11 9 8 0 5.0
9 37 27 40 24 30 40 5825 2 14 7 1 1 22 16 9 1 5.0
10 35 34 40 62 68 40 45000 2 16 12 16 0 23 18 30 0 4.0
11 35 71 40 67 26 40 14207 2 13 11 2 0 21 13 21 1 4.0
12 64 55 40 69 25 40 1146 1 25 23 6 1 6.0
13 46 27 40 61 26 40 24956 3 16 13 3 0 25 21 6 0 11 8 3 1 4.0
14 12 48 40 66 33 40 18095 2 27 17 10 0 25 19 25 1 5.0
15 44 34 40 62 31 40 2954 3 19 13 6 0 13 13 13 0 11 8 11 1 6.0
16 62 56 40 72 71 40 15051 2 16 16 6 0 14 10 9 1 4.0
17 40 76 40 22 73 40 267 1 12 9 11 0 6.0
18 40 78 40 19 26 40 14283 3 25 21 4 0 13 9 6 0 26 23 7 1 5.0
19 72 53 40 12 80 40 45000 2 13 10 8 0 60 9 9 0 4.0
20 40 81 40 8 26 40 2328 1 19 11 8 0 5.0
21 14 47 40 25 67 40 14999 3 10 10 10 0 40 22 22 0 16 10 22 0 6.0
22 40 28 40 57 72 40 125 1 10 7 1 1 5.0
23 15 57 40 8 21 40 13395 3 11 8 8 0 18 15 4 0 41 25 4 0 4.0
24 32 27 40 12 22 40 3117 2 18 13 4 0 19 13 13 0 6.0
25 73 57 40 56 23 40 126 1 10 7 1 1 5.0
26 32 81 40 25 29 40 16880 2 26 25 26 0 28 22 6 0 6.0
27 32 76 40 11 67 40 1193 1 12 11 12 1 6.0
28 16 43 40 21 22 40 12652 1 60 14 6 0 4.0
29 19 42 40 72 35 40 4393 3 19 13 6 0 26 9 16 0 13 9 9 0 6.0
30 40 74 40 66 78 40 1004 1 18 14 11 0 6.0
31 37 75 40 68 68 40 45000 3 57 9 5 0 13 9 1 0 17 15 13 1 4.0
32 13 52 40 21 72 40 4848 3 25 18 1 0 38 9 9 0 26 25 25 0 6.0
33 60 54 40 66 73 40 1446 2 21 9 3 0 11 11 17 0 6.0
34 59 52 40 59 23 40 8065 2 15 14 4 0 13 10 7 1 4.0
35 18 46 40 60 80 40 10325 3 10 10 10 0 41 22 22 0 14 14 15 0 6.0
36 61 57 40 10 32 40 3577 2 35 20 7 0 11 8 11 0 6.0
37 61 44 40 16 19 40 719 1 10 8 4 0 4.0
38 19 59 40 11 70 40 2496 2 10 7 2 0 20 20 7 0 6.0
39 36 80 40 71 72 40 4334 2 13 10 1 0 17 16 13 0 5.0
40 61 53 40 62 72 40 33359 2 56 25 9 0 22 13 8 1 4.0
41 63 57 40 73 19 40 4605 3 16 16 1 0 24 24 6 0 10 7 2 0 5.0
42 46 28 40 65 83 40 376 1 11 8 5 1 6.0
43 43 79 40 19 78 40 5330 1 16 13 3 1 4.0
44 49 25 40 16 71 40 9967 3 23 11 3 0 14 12 12 0 19 19 3 1 4.0
45 12 44 40 12 29 40 1140 2 10 8 2 0 10 9 10 1 5.0
46 19 49 40 72 70 40 6408 2 17 11 8 0 19 13 6 0 4.0
47 43 74 40 66 19 40 5205 2 18 17 6 0 21 21 5 1 5.0
48 38 34 40 8 28 40 7589 3 10 8 10 0 21 14 8 0 21 20 4 1 5.0
49 42 69 40 12 26 40 14684 3 10 7 5 0 14 11 10 1 13 11 6 1 4.0
50 35 30 40 56 79 40 13661 3 23 16 18 0 10 7 7 0 30 22 7 0 5.0
51 57 46 40 58 82 40 8215 3 45 25 3 0 40 11 8 0 15 10 14 0 5.0
52 47 77 40 12 19 40 4419 3 10 8 8 0 19 13 7 0 15 13 14 1 5.0
53 73 43 40 68 67 40 1077 1 11 8 6 0 5.0
54 45 67 40 16 69 40 9296 2 25 25 24 0 18 11 6 0 6.0
55 14 56 40 69 23 40 4679 1 13 7 17 0 4.0
56 17 59 40 69 73 40 34844 2 10 7 8 0 60 19 9 1 4.0
57 48 32 40 64 27 40 6232 2 25 25 30 0 19 19 9 0 6.0
58 35 26 40 15 77 40 9331 2 10 7 1 0 25 13 19 0 5.0
59 66 50 40 62 19 40 8613 2 20 13 11 0 21 16 8 0 5.0
60 16 50 40 71 81 40 13106 2 13 13 19 0 22 19 13 0 5.0
61 10 51 40 23 69 40 3572 2 10 10 3 0 12 8 5 0 4.0
62 16 51 40 22 30 40 21645 2 13 11 11 0 31 25 19 0 5.0
63 14 55 40 15 69 40 2948 1 16 13 10 1 5.0
64 35 31 40 19 33 40 6216 3 14 10 4 0 11 9 8 1 16 11 1 1 4.0
65 58 49 40 67 21 40 2684 3 19 13 9 0 23 19 3 0 10 8 10 0 6.0
66 23 57 40 21 26 40 2898 1 25 25 2 0 4.0
67 68 46 40 13 79 40 4164 2 13 10 3 0 16 10 18 0 5.0
68 45 73 40 24 26 40 6782 3 12 11 9 0 22 21 20 0 23 19 19 1 6.0
69 40 72 40 22 77 40 12666 2 21 16 17 0 38 7 10 0 5.0
70 68 45 40 65 22 40 41717 1 33 11 30 0 4.0
71 24 56 40 25 76 40 684 1 12 11 18 1 6.0
72 38 33 40 22 25 40 844 2 13 8 7 0 23 16 4 1 6.0
73 71 42 40 71 76 40 17138 1 38 14 8 1 4.0
74 39 71 40 56 34 40 32 1 10 7 1 0 6.0
75 13 50 40 10 73 40 14616 2 26 13 13 0 13 13 13 1 4.0
