7     75    45000 60    25    30   
0     40    50    0     40    50    1236  0     
1 72 56 40 18 19 40 8832 1 27 20 6 0 4.0
2 39 28 40 63 69 40 18174 2 12 7 9 1 31 25 11 1 5.0
3 48 71 40 56 69 40 3245 1 23 8 30 0 6.0
4 34 30 40 9 75 40 9776 3 11 10 4 0 25 20 15 0 9 7 6 1 5.0
5 37 21 40 24 71 40 46 1 9 6 4 0 6.0
6 65 55 40 66 25 40 5519 2 23 20 5 0 10 7 5 0 5.0
7 41 83 40 9 66 40 45000 3 29 24 13 0 8 7 12 0 12 8 8 1 4.0
8 42 20 40 70 21 40 14045 3 34 19 5 0 40 17 11 0 25 20 8 0 5.0
9 37 27 40 24 30 40 4624 2 25 23 6 1 23 6 3 1 5.0
10 35 34 40 62 68 40 5800 2 37 6 6 0 20 14 6 0 5.0
11 35 71 40 67 26 40 3663 2 12 9 5 0 45 25 2 1 5.0
12 64 55 40 69 25 40 1008 1 11 7 3 1 4.0
13 46 27 40 61 26 40 22273 3 14 10 6 0 20 11 18 0 10 6 6 1 4.0
14 12 48 40 66 33 40 45000 2 59 23 6 0 9 7 5 1 4.0
15 44 34 40 62 31 40 2398 3 18 16 16 0 17 17 6 0 15 15 6 1 6.0
16 62 56 40 72 71 40 5548 2 37 25 11 0 9 6 2 1 6.0
17 40 76 40 22 73 40 3103 1 11 11 10 0 4.0
18 40 78 40 19 26 40 1748 3 15 15 15 0 16 14 5 0 18 6 7 1 6.0
19 72 53 40 12 80 40 4360 2 9 7 8 0 11 9 8 0 4.0
20 40 81 40 8 26 40 642 1 11 11 6 0 6.0
21 14 47 40 25 67 40 5773 3 36 22 30 0 14 9 4 0 12 10 5 0 6.0
22 40 28 40 57 72 40 4265 1 9 9 9 1 4.0
23 15 57 40 8 21 40 4893 3 37 25 6 0 10 10 10 0 29 15 25 0 6.0
24 32 27 40 12 22 40 267 2 11 9 6 0 10 8 6 0 6.0
25 73 57 40 56 23 40 3376 1 9 6 4 1 4.0
26 32 81 40 25 29 40 1728 2 17 12 10 0 10 9 5 0 6.0
27 32 76 40 11 67 40 2858 1 14 11 14 1 5.0
28 16 43 40 21 22 40 1493 1 11 11 11 0 5.0
29 19 42 40 72 35 40 19966 3 25 15 16 0 11 7 7 0 29 16 14 0 5.0
30 40 74 40 66 78 40 7917 1 19 16 20 0 5.0
31 37 75 40 68 68 40 45000 3 11 8 8 0 25 25 16 0 32 15 15 1 4.0
32 13 52 40 21 72 40 726 3 16 9 3 0 27 13 4 0 11 9 6 0 6.0
33 60 54 40 66 73 40 7858 2 23 7 7 0 18 9 18 0 5.0
34 59 52 40 59 23 40 3623 2 39 6 6 0 9 7 4 1 4.0
35 18 46 40 60 80 40 17205 3 9 6 3 0 45 17 5 0 25 22 27 0 6.0
36 61 57 40 10 32 40 206 2 9 7 6 0 9 6 1 0 6.0
37 61 44 40 16 19 40 3887 1 9 7 9 0 4.0
38 19 59 40 11 70 40 941 2 24 17 3 0 10 8 5 0 6.0
39 36 80 40 71 72 40 8644 2 9 8 9 0 35 12 6 0 4.0
40 61 53 40 62 72 40 2741 2 20 17 11 0 17 10 7 1 6.0
41 63 57 40 73 19 40 4107 3 13 9 4 0 16 9 4 0 9 9 9 0 4.0
42 46 28 40 65 83 40 814 1 17 9 6 1 6.0
43 43 79 40 19 78 40 2466 1 19 12 7 1 5.0
44 49 25 40 16 71 40 8729 3 21 12 15 0 11 8 6 0 11 9 1 1 5.0
45 12 44 40 12 29 40 2219 2 22 16 8 0 19 11 7 1 6.0
46 19 49 40 72 70 40 45000 2 30 19 19 0 20 20 5 0 4.0
47 43 74 40 66 19 40 905 2 9 6 4 0 9 8 8 1 5.0
48 38 34 40 8 28 40 9138 3 9 9 11 0 28 19 17 0 11 8 7 1 6.0
49 42 69 40 12 26 40 18263 3 10 7 6 0 12 12 14 1 23 17 14 1 4.0
50 35 30 40 56 79 40 1507 3 19 19 25 0 11 8 6 0 11 9 1 0 6.0
51 57 46 40 58 82 40 24495 3 29 20 29 0 11 9 3 0 10 10 3 0 5.0
52 47 77 40 12 19 40 35864 3 25 14 7 0 11 7 7 0 37 25 13 1 4.0
53 73 43 40 68 67 40 2413 1 12 10 7 0 4.0
54 45 67 40 16 69 40 1033 2 9 6 3 0 36 8 3 0 5.0
55 14 56 40 69 23 40 11007 1 29 20 10 0 5.0
56 17 59 40 69 73 40 20832 2 16 12 3 0 57 25 11 1 5.0
57 48 32 40 64 27 40 3697 2 11 8 7 0 10 8 7 0 4.0
58 35 26 40 15 77 40 10380 2 12 10 15 0 14 10 2 0 4.0
59 66 50 40 62 19 40 801 2 10 7 7 0 9 6 6 0 5.0
60 16 50 40 71 81 40 2807 2 10 9 6 0 17 9 30 0 6.0
61 10 51 40 23 69 40 1058 2 9 6 3 0 11 6 5 0 5.0
62 16 51 40 22 30 40 8106 2 17 17 6 0 14 8 8 0 4.0
63 14 55 40 15 69 40 1894 1 14 8 14 1 5.0
64 35 31 40 19 33 40 37718 3 11 11 3 0 11 7 5 1 37 20 3 1 4.0
65 58 49 40 67 21 40 8564 3 31 25 11 0 14 14 11 0 18 18 10 0 6.0
66 23 57 40 21 26 40 164 1 12 8 4 0 6.0
67 68 46 40 13 79 40 12958 2 31 6 5 0 23 18 15 0 5.0
68 45 73 40 24 26 40 12133 3 17 11 2 0 33 25 23 0 15 9 6 1 6.0
69 40 72 40 22 77 40 2411 2 11 11 6 0 19 16 14 0 6.0
70 68 45 40 65 22 40 4758 1 39 6 6 0 4.0
71 24 56 40 25 76 40 2703 1 28 23 11 1 6.0
72 38 33 40 22 25 40 25680 2 37 14 25 0 9 9 6 1 5.0
73 71 42 40 71 76 40 45000 1 59 25 11 1 4.0
74 39 71 40 56 34 40 1140 1 12 11 5 0 5.0
75 13 50 40 10 73 40 18702 2 16 9 4 0 26 22 11 1 4.0
