7     75    45000 60    25    30   
0     40    50    0     40    50    1236  0     
1 57 19 40 39 26 40 45000 3 10 10 10 0 23 18 8 1 44 6 26 1 4.0
2 58 36 40 48 60 40 1525 5 16 9 9 0 12 7 3 0 11 6 1 0 8 5 5 0 10 10 8 0 6.0
3 25 80 40 12 31 40 496 2 16 11 6 0 8 5 5 1 6.0
4 13 69 40 61 47 40 9939 4 18 13 14 0 9 5 3 0 8 7 3 1 10 10 10 1 4.0
5 26 63 40 51 57 40 4758 2 18 18 18 0 18 7 2 0 6.0
6 13 43 40 55 29 40 22390 5 10 10 14 0 11 10 6 0 8 5 1 0 10 8 6 1 15 15 15 1 4.0
7 70 70 40 14 79 40 32717 5 8 7 5 0 10 10 12 0 12 10 10 0 52 25 1 1 15 15 15 1 4.0
8 52 58 40 37 49 40 1428 3 46 12 6 0 11 8 1 0 14 12 9 1 6.0
9 30 64 40 70 15 40 617 2 8 8 2 0 9 5 4 1 5.0
10 59 34 40 10 30 40 1830 1 34 5 5 0 4.0
11 32 73 40 15 45 40 3695 4 34 17 4 0 11 5 2 0 10 9 3 0 13 7 5 1 5.0
12 39 52 40 63 84 40 18594 1 31 25 20 1 5.0
13 55 52 40 49 77 40 4221 4 9 5 9 0 12 4 13 0 25 5 5 0 8 8 2 0 4.0
14 26 36 40 61 84 40 9072 5 10 8 3 0 12 12 10 0 22 22 22 0 9 6 3 0 27 20 5 0 6.0
15 69 65 40 54 26 40 19254 4 8 8 8 0 12 7 7 0 27 23 9 0 18 14 27 0 5.0
16 43 69 40 16 19 40 1164 1 9 8 9 0 5.0
17 46 77 40 23 30 40 3039 3 10 7 4 0 30 14 21 0 8 5 1 1 6.0
18 58 79 40 43 76 40 16323 5 19 7 11 0 28 17 10 0 30 20 20 0 28 25 8 0 30 25 4 0 6.0
19 34 54 40 32 43 40 10836 1 25 18 17 1 5.0
20 32 29 40 57 18 40 6825 4 30 9 10 0 17 12 11 0 8 5 5 0 10 8 10 0 5.0
21 16 52 40 50 38 40 32018 4 24 10 2 0 18 15 15 0 30 14 10 0 10 8 2 1 4.0
22 17 17 40 19 30 40 310 1 8 6 2 0 4.0
23 45 41 40 51 51 40 11882 4 32 22 18 0 12 10 8 0 8 5 3 1 10 10 10 1 6.0
24 25 35 40 68 85 40 288 1 10 9 6 0 6.0
25 16 23 40 57 15 40 45000 4 46 20 5 0 10 8 15 0 18 18 5 0 29 21 11 0 4.0
26 56 36 40 43 32 40 5662 5 11 7 7 0 22 7 5 0 16 11 1 0 8 8 13 0 18 10 15 1 5.0
27 28 16 40 61 62 40 732 1 8 8 8 0 5.0
28 47 19 40 14 52 40 441 1 10 10 5 1 6.0
29 11 72 40 57 52 40 4987 4 9 7 7 0 30 7 7 0 10 10 10 0 9 6 8 0 5.0
30 47 46 40 15 39 40 21503 3 16 12 2 0 14 11 6 0 17 10 30 0 4.0
31 13 84 40 10 68 40 21805 4 26 6 6 0 8 8 5 0 26 25 3 0 25 9 10 1 4.0
32 31 63 40 12 44 40 4938 5 10 5 2 0 17 17 6 0 17 6 1 0 34 6 4 1 20 15 2 1 5.0
33 41 75 40 38 83 40 2079 4 12 12 8 0 8 8 5 0 17 11 11 1 10 8 4 1 6.0
34 63 56 40 49 50 40 293 1 10 5 2 1 4.0
35 25 52 40 54 76 40 7612 5 15 11 6 0 8 8 6 0 12 9 1 0 15 11 25 0 8 5 2 1 5.0
36 67 85 40 47 33 40 2612 2 10 10 7 0 17 17 2 1 5.0
37 51 82 40 33 51 40 45000 5 8 7 6 0 18 10 12 0 10 10 5 0 8 5 3 0 21 16 14 0 4.0
38 67 62 40 15 22 40 633 1 8 8 13 0 6.0
39 63 71 40 44 76 40 4547 2 9 7 6 0 10 10 13 1 4.0
40 62 52 40 59 25 40 45000 4 17 12 11 0 20 20 16 1 10 8 5 1 21 7 12 1 4.0
41 61 65 40 42 17 40 5104 5 9 9 1 0 25 6 6 0 20 15 10 0 27 8 25 1 16 12 6 1 6.0
42 62 71 40 12 70 40 77 2 9 6 1 0 9 5 2 0 6.0
43 21 34 40 40 63 40 9560 1 18 12 27 1 5.0
44 42 64 40 46 36 40 30017 3 32 25 30 0 8 6 3 1 13 8 6 1 5.0
45 59 67 40 20 51 40 1942 4 8 6 4 0 9 9 9 0 8 6 8 0 10 8 7 0 6.0
46 45 63 40 34 65 40 45000 4 28 24 19 0 8 5 5 0 21 16 5 0 13 7 4 1 4.0
47 16 28 40 55 54 40 45000 5 9 5 2 0 10 10 17 0 15 15 17 0 9 5 1 0 8 6 6 1 4.0
48 49 35 40 53 60 40 3755 4 22 13 4 0 10 10 10 0 25 8 7 0 11 8 14 0 6.0
49 69 81 40 19 79 40 6978 3 14 11 11 0 15 13 6 1 13 13 5 1 5.0
50 55 17 40 60 81 40 4646 3 20 12 11 0 10 10 1 0 20 17 4 0 5.0
51 46 29 40 21 16 40 2352 4 16 11 6 0 10 7 1 0 19 7 11 1 8 5 3 1 6.0
52 14 26 40 53 49 40 42534 5 8 8 6 0 20 12 30 1 13 12 11 1 7 6 6 1 10 10 7 1 4.0
53 51 38 40 27 73 40 1896 2 10 10 10 0 10 9 5 1 5.0
54 41 17 40 17 27 40 895 3 8 6 2 0 12 7 29 0 10 10 10 0 6.0
55 53 24 40 32 15 40 30938 1 49 20 7 0 4.0
56 11 41 40 14 21 40 1686 1 15 6 13 0 5.0
57 37 26 40 24 56 40 1747 2 21 13 7 0 16 6 23 1 6.0
58 51 70 40 50 54 40 45000 4 12 12 9 0 15 15 6 0 11 8 3 0 20 17 17 1 4.0
59 48 83 40 70 43 40 3441 2 14 14 5 0 8 8 5 0 4.0
60 68 36 40 51 34 40 82 2 10 10 1 0 8 6 3 0 6.0
61 45 54 40 47 22 40 45000 2 19 19 30 0 21 17 6 0 4.0
62 62 72 40 41 81 40 7333 4 9 6 6 0 15 5 11 0 15 10 4 0 11 11 7 0 4.0
63 31 71 40 67 81 40 5945 3 25 15 12 0 8 8 8 0 8 8 10 0 5.0
64 47 45 40 22 81 40 9621 4 14 11 6 0 22 22 17 0 8 6 4 0 8 6 2 1 6.0
65 38 37 40 32 30 40 11351 5 18 10 5 0 28 23 4 0 10 8 5 0 12 8 3 0 20 8 13 1 5.0
66 19 53 40 56 24 40 1484 1 23 16 5 0 6.0
67 35 28 40 12 52 40 12855 2 22 17 22 0 9 6 9 0 5.0
68 59 80 40 69 67 40 22604 4 11 11 9 0 8 5 1 0 18 15 9 0 22 22 10 0 4.0
69 35 49 40 40 70 40 3034 3 15 10 14 0 22 17 12 0 13 12 9 1 6.0
70 48 79 40 39 65 40 6483 4 12 9 4 0 11 9 7 0 15 15 18 1 10 10 10 1 5.0
71 26 46 40 13 73 40 2976 1 22 17 7 0 5.0
72 36 82 40 53 50 40 8549 3 12 8 2 0 9 6 5 0 17 12 7 1 4.0
73 18 77 40 16 30 40 3004 2 10 8 15 0 8 8 10 0 5.0
74 36 69 40 67 61 40 209 1 25 10 4 0 6.0
75 48 22 40 43 35 40 5016 1 39 6 26 0 6.0
