7     75    45000 60    25    30   
0     40    50    0     40    50    1236  0     
1 24 45 40 13 33 40 8792 3 20 9 15 0 9 7 14 0 9 6 3 0 4.0
2 40 79 40 69 26 40 3617 2 20 20 22 0 15 6 2 0 6.0
3 45 25 40 10 68 40 3490 3 11 11 8 0 22 11 11 0 17 17 17 1 6.0
4 14 42 40 12 81 40 32598 1 26 20 10 0 4.0
5 14 48 40 72 33 40 357 2 9 7 2 0 28 17 3 0 6.0
6 42 34 40 22 76 40 17722 2 9 7 2 0 33 25 30 0 6.0
7 49 67 40 20 34 40 6038 3 11 11 11 0 11 11 9 0 20 13 4 1 5.0
8 35 32 40 23 72 40 459 1 12 8 2 0 4.0
9 32 80 40 23 23 40 1603 1 11 11 8 1 5.0
10 44 74 40 17 67 40 4264 1 11 11 10 0 4.0
11 16 46 40 11 33 40 2946 2 15 11 7 0 15 15 4 0 5.0
12 49 26 40 68 69 40 593 1 15 8 4 0 5.0
13 42 35 40 64 80 40 23029 2 25 20 8 0 20 19 10 1 4.0
14 34 29 40 63 26 40 4997 3 17 17 17 0 15 10 7 0 9 8 6 0 6.0
15 40 73 40 11 83 40 5694 3 10 7 2 0 10 10 6 0 27 21 8 0 5.0
16 69 59 40 60 28 40 4314 2 11 8 6 0 19 7 11 0 4.0
17 36 71 40 67 71 40 7200 2 17 15 10 0 28 25 3 0 5.0
18 16 51 40 65 68 40 912 2 17 9 6 1 11 9 6 1 6.0
19 35 66 40 14 26 40 20800 3 9 6 5 0 17 17 17 0 26 20 2 1 4.0
20 44 81 40 69 67 40 622 1 13 8 3 0 5.0
21 60 48 40 21 30 40 2315 1 34 17 3 1 5.0
22 57 58 40 24 35 40 45000 3 24 11 8 0 27 19 11 0 46 25 30 0 5.0
23 21 57 40 21 21 40 7615 2 11 11 11 0 13 10 11 0 4.0
24 43 19 40 15 29 40 19374 3 17 12 12 0 39 6 6 0 20 11 30 1 5.0
25 43 34 40 19 18 40 1412 1 9 6 5 0 4.0
26 43 18 40 64 35 40 856 2 11 6 3 0 39 14 8 1 6.0
27 42 68 40 69 24 40 8463 2 20 16 8 0 29 15 25 0 6.0
28 60 42 40 12 21 40 45000 3 12 8 3 0 11 7 3 0 31 17 30 1 4.0
29 38 29 40 12 72 40 6762 2 59 22 6 0 34 25 6 1 6.0
30 32 25 40 10 26 40 511 1 9 7 17 1 6.0
31 37 21 40 73 79 40 28522 3 31 18 6 0 27 11 11 0 23 12 4 0 4.0
32 60 43 40 16 23 40 4548 2 12 12 12 0 28 19 4 1 5.0
33 45 27 40 57 79 40 3054 1 28 7 8 0 5.0
34 38 73 40 68 78 40 8816 2 11 11 11 0 17 8 8 0 4.0
35 68 58 40 73 73 40 4716 2 26 15 10 0 22 11 14 0 6.0
36 49 29 40 70 83 40 1024 2 14 14 3 0 24 7 8 1 6.0
37 71 53 40 56 30 40 2221 2 26 19 6 0 10 6 4 0 6.0
38 12 42 40 24 83 40 1826 1 17 12 12 0 6.0
39 63 46 40 62 33 40 9675 2 11 11 7 0 26 12 22 1 5.0
40 8 54 40 69 33 40 3493 2 19 6 7 1 17 17 6 1 5.0
41 56 54 40 24 75 40 4059 1 17 17 11 0 5.0
42 69 53 40 61 76 40 4650 3 14 10 1 0 16 16 30 0 22 17 28 1 6.0
43 64 47 40 67 72 40 33299 3 28 7 7 0 11 9 2 0 24 16 12 1 4.0
44 10 55 40 15 68 40 5609 2 15 9 9 0 21 20 13 1 6.0
45 56 45 40 18 81 40 10009 3 9 7 7 0 21 19 6 0 17 6 10 0 4.0
46 10 49 40 25 25 40 38670 3 11 8 3 0 11 11 8 0 22 17 28 1 4.0
47 69 58 40 58 26 40 1659 2 10 10 7 0 14 13 8 0 6.0
48 21 44 40 13 21 40 2293 1 25 25 10 0 6.0
49 45 26 40 16 83 40 2784 2 9 6 1 0 13 11 8 1 4.0
50 40 66 40 64 67 40 876 1 15 15 3 1 5.0
51 9 44 40 13 73 40 1111 2 13 10 8 0 10 7 2 1 5.0
52 16 55 40 66 80 40 43050 3 23 23 11 0 18 17 19 0 25 20 8 0 4.0
53 58 55 40 64 19 40 8435 2 15 13 12 0 16 9 13 0 4.0
54 65 44 40 59 72 40 146 2 10 9 5 0 9 9 7 0 6.0
55 12 43 40 61 74 40 22773 3 18 12 21 0 9 6 1 0 48 25 6 1 5.0
56 21 50 40 67 32 40 319 1 13 8 4 0 6.0
57 47 27 40 56 19 40 2134 2 14 6 6 0 22 16 11 0 6.0
58 48 78 40 67 28 40 2937 1 17 9 9 1 4.0
59 64 58 40 65 28 40 4692 3 20 14 6 0 17 16 9 1 28 20 6 1 6.0
60 40 78 40 73 28 40 17919 3 17 11 30 0 15 14 6 0 11 11 11 1 4.0
61 32 81 40 10 81 40 11848 3 14 14 14 0 11 11 8 0 14 11 4 0 4.0
62 58 50 40 8 18 40 4210 1 17 17 17 0 6.0
63 45 20 40 11 30 40 725 1 9 9 6 1 5.0
64 12 48 40 57 68 40 13184 2 12 9 9 0 25 20 8 1 4.0
65 39 66 40 25 32 40 980 1 11 8 6 0 5.0
66 72 59 40 14 72 40 642 1 10 9 7 0 5.0
67 17 52 40 67 25 40 11436 2 9 9 9 0 24 20 4 1 4.0
68 36 77 40 22 66 40 10972 2 20 20 10 0 20 15 8 0 5.0
69 20 49 40 17 20 40 185 1 13 8 2 1 5.0
70 60 50 40 73 77 40 7614 2 11 9 3 0 38 7 4 1 4.0
71 38 66 40 17 74 40 4199 2 32 10 10 0 14 12 4 0 5.0
72 38 26 40 63 72 40 2328 3 19 13 14 0 11 10 8 0 22 16 17 1 6.0
73 40 68 40 57 27 40 11759 2 9 6 5 0 17 17 21 0 5.0
74 32 73 40 20 78 40 17136 3 11 11 16 0 19 9 30 0 21 20 30 1 6.0
75 11 43 40 13 74 40 6763 2 16 10 6 0 10 8 7 0 4.0
