7     75    45000 60    25    30   
0     40    50    0     40    50    1236  0     
1 35 72 40 45 77 40 6664 2 16 13 10 0 12 9 6 1 4.0
2 36 74 40 20 49 40 3605 2 22 13 6 0 13 8 3 1 5.0
3 60 54 40 23 56 40 423 1 12 9 9 0 6.0
4 64 51 40 14 52 40 12193 3 11 11 22 0 10 8 8 0 14 7 2 0 4.0
5 47 80 40 45 76 40 1851 1 21 15 14 0 6.0
6 61 49 40 56 51 40 2549 2 13 13 13 0 43 8 5 0 6.0
7 41 73 40 59 53 40 14621 3 13 13 9 0 21 16 17 0 26 9 16 1 5.0
8 20 57 40 46 75 40 3936 3 16 14 14 0 11 9 8 0 14 7 1 1 5.0
9 58 52 40 57 50 40 5650 1 22 16 9 1 5.0
10 56 55 40 41 75 40 15945 1 16 12 16 1 4.0
11 45 81 40 44 25 40 29316 1 23 18 30 1 4.0
12 22 50 40 37 77 40 3145 3 13 11 2 0 21 13 21 0 25 23 6 1 6.0
13 47 22 40 40 21 40 22546 2 16 13 3 0 24 21 6 1 4.0
14 42 32 40 39 70 40 18385 3 11 8 3 0 27 17 10 0 25 19 25 0 5.0
15 26 44 40 40 31 40 942 1 19 13 6 0 6.0
16 38 21 40 58 57 40 17037 2 13 13 13 0 11 8 11 1 4.0
17 47 24 40 63 48 40 628 2 16 16 6 0 14 10 9 0 6.0
18 25 48 40 43 27 40 6549 2 12 9 11 0 24 21 4 0 5.0
19 40 26 40 36 27 40 45000 3 13 9 6 0 26 23 7 1 13 10 8 1 4.0
20 21 45 40 35 74 40 10487 3 60 9 9 0 19 11 8 1 10 10 10 1 5.0
21 39 24 40 34 32 40 14371 2 40 22 22 0 16 10 22 0 6.0
22 20 51 40 46 70 40 3302 3 10 7 1 0 11 8 8 0 18 15 4 0 5.0
23 36 30 40 44 19 40 11464 2 41 25 4 0 18 13 4 1 4.0
24 46 30 40 45 75 40 15170 3 19 13 13 0 10 7 1 0 26 25 26 1 6.0
25 16 56 40 23 55 40 6659 1 28 22 6 0 5.0
26 25 56 40 37 28 40 5429 2 12 11 12 0 60 14 6 0 6.0
27 60 55 40 60 46 40 3936 2 19 13 6 0 26 9 16 0 6.0
28 42 20 40 42 25 40 15928 3 13 9 9 0 18 14 11 0 56 9 5 1 4.0
29 39 73 40 42 69 40 2716 3 13 9 1 0 17 15 13 0 25 18 1 1 6.0
30 46 78 40 60 49 40 1115 1 38 9 9 0 6.0
31 26 49 40 65 46 40 45000 1 26 25 25 0 4.0
32 40 80 40 64 54 40 643 2 21 9 3 0 11 11 17 0 6.0
33 37 75 40 64 53 40 965 2 15 14 4 0 13 10 7 0 6.0
34 67 49 40 23 47 40 4608 1 10 10 10 0 4.0
35 25 49 40 37 76 40 9891 2 41 22 22 0 14 14 15 0 6.0
36 60 50 40 45 20 40 2987 1 35 20 7 0 6.0
37 22 53 40 35 21 40 2174 1 11 8 11 1 4.0
38 20 55 40 63 56 40 272 1 10 8 4 0 6.0
39 41 21 40 36 75 40 3629 3 10 7 2 0 20 20 7 1 13 10 1 1 5.0
40 47 19 40 14 54 40 7923 1 17 16 13 0 4.0
41 34 70 40 39 74 40 15064 1 56 25 9 1 5.0
42 39 32 40 24 50 40 2177 2 22 13 8 0 16 16 1 1 6.0
43 44 26 40 60 47 40 30717 2 24 24 6 0 10 7 2 1 4.0
44 58 48 40 45 72 40 4710 3 11 8 5 0 16 13 3 0 23 11 3 1 4.0
45 39 28 40 24 47 40 2168 1 14 12 12 1 5.0
46 21 57 40 15 44 40 2675 2 19 19 3 0 10 8 2 1 4.0
47 66 49 40 35 75 40 1159 1 10 9 10 0 5.0
48 47 71 40 38 72 40 7561 3 17 11 8 0 19 13 6 0 18 17 6 0 5.0
49 55 55 40 15 52 40 16057 2 21 21 5 0 10 8 10 0 4.0
50 35 25 40 38 74 40 4694 2 21 14 8 0 21 20 4 1 5.0
51 40 19 40 57 56 40 320 1 10 7 5 0 5.0
52 34 19 40 54 51 40 2078 2 14 11 10 0 13 11 6 1 5.0
53 41 26 40 45 30 40 23622 3 23 16 18 0 10 7 7 0 29 22 7 0 5.0
54 20 56 40 65 44 40 3960 2 45 25 3 0 40 11 8 0 6.0
55 67 56 40 57 57 40 13518 3 15 10 14 0 10 8 8 0 19 13 7 1 4.0
56 14 49 40 59 49 40 10492 2 15 13 14 0 11 8 6 0 4.0
57 21 50 40 17 55 40 4586 2 25 25 24 0 18 11 6 1 6.0
58 62 45 40 54 57 40 18478 3 13 7 17 0 10 7 8 0 60 19 9 1 5.0
59 67 50 40 36 81 40 34259 3 25 25 30 0 19 19 9 0 10 7 1 0 5.0
60 18 47 40 43 74 40 9361 1 25 13 19 0 5.0
61 64 45 40 42 81 40 25410 2 20 13 11 0 21 16 8 0 4.0
62 47 79 40 20 44 40 11481 2 13 13 19 0 22 19 13 1 5.0
63 46 79 40 60 53 40 3335 3 10 10 3 0 12 8 5 0 13 11 11 1 5.0
64 44 72 40 18 50 40 45000 2 31 25 19 0 16 13 10 1 4.0
65 15 51 40 40 22 40 837 2 14 10 4 0 11 9 8 1 6.0
66 61 51 40 46 19 40 408 1 16 11 1 0 4.0
67 59 46 40 18 48 40 5519 3 19 13 9 0 23 19 3 0 10 8 10 0 5.0
68 62 57 40 36 70 40 453 1 25 25 2 0 6.0
69 27 54 40 35 79 40 590 1 13 10 3 0 5.0
70 39 79 40 46 27 40 15583 2 16 10 18 0 12 11 9 1 4.0
71 46 31 40 19 55 40 2659 1 22 21 20 0 6.0
72 14 46 40 60 51 40 6400 3 23 19 19 0 21 16 17 0 38 7 10 0 6.0
73 21 56 40 40 28 40 45000 3 33 11 30 0 12 11 18 0 13 8 7 0 4.0
74 39 29 40 45 21 40 2675 3 23 16 4 0 38 14 8 0 10 7 1 0 6.0
75 39 77 40 14 47 40 14616 2 26 13 13 0 13 13 13 0 4.0
