7     75    45000 60    25    30   
0     40    50    0     40    50    1236  0     
1 34 30 40 17 49 40 8792 3 20 9 15 0 9 7 14 0 9 6 3 0 4.0
2 60 56 40 64 54 40 3617 2 20 20 22 0 15 6 2 0 6.0
3 54 54 40 40 31 40 3490 3 11 11 8 0 22 11 11 0 17 17 17 1 6.0
4 40 21 40 21 47 40 32598 1 26 20 10 0 4.0
5 46 24 40 67 56 40 357 2 9 7 2 0 28 17 3 0 6.0
6 35 69 40 44 25 40 17722 2 9 7 2 0 33 25 30 0 6.0
7 66 44 40 25 53 40 6038 3 11 11 11 0 11 11 9 0 20 13 4 1 5.0
8 35 23 40 66 49 40 459 1 12 8 2 0 4.0
9 47 71 40 35 72 40 1603 1 11 11 8 1 5.0
10 26 56 40 40 27 40 4264 1 11 11 10 0 4.0
11 66 50 40 22 48 40 2946 2 15 11 7 0 15 15 4 0 5.0
12 40 32 40 54 50 40 593 1 15 8 4 0 5.0
13 57 47 40 21 51 40 23029 2 25 20 8 0 20 19 10 1 4.0
14 36 22 40 25 51 40 4997 3 17 17 17 0 15 10 7 0 9 8 6 0 6.0
15 42 77 40 36 71 40 5694 3 10 7 2 0 10 10 6 0 27 21 8 0 5.0
16 41 28 40 15 53 40 4314 2 11 8 6 0 19 7 11 0 4.0
17 38 74 40 43 75 40 7200 2 17 15 10 0 28 25 3 0 5.0
18 41 22 40 39 25 40 912 2 17 9 6 1 11 9 6 1 6.0
19 14 51 40 42 69 40 20800 3 9 6 5 0 17 17 17 0 26 20 2 1 4.0
20 41 78 40 23 47 40 622 1 13 8 3 0 5.0
21 40 77 40 54 48 40 2315 1 34 17 3 1 5.0
22 24 48 40 60 57 40 45000 3 24 11 8 0 27 19 11 0 46 25 30 0 5.0
23 54 49 40 21 46 40 7615 2 11 11 11 0 13 10 11 0 4.0
24 63 47 40 41 29 40 19374 3 17 12 12 0 39 6 6 0 20 11 30 1 5.0
25 55 47 40 35 19 40 1412 1 9 6 5 0 4.0
26 35 24 40 42 32 40 856 2 11 6 3 0 39 14 8 1 6.0
27 15 56 40 46 82 40 8463 2 20 16 8 0 29 15 25 0 6.0
28 22 46 40 46 71 40 45000 3 12 8 3 0 11 7 3 0 31 17 30 1 4.0
29 44 80 40 67 48 40 6762 2 59 22 6 0 34 25 6 1 6.0
30 47 24 40 19 53 40 511 1 9 7 17 1 6.0
31 40 72 40 55 46 40 28522 3 31 18 6 0 27 11 11 0 23 12 4 0 4.0
32 24 50 40 39 32 40 4548 2 12 12 12 0 28 19 4 1 5.0
33 39 69 40 24 45 40 3054 1 28 7 8 0 5.0
34 67 46 40 14 52 40 8816 2 11 11 11 0 17 8 8 0 4.0
35 27 46 40 54 52 40 4716 2 26 15 10 0 22 11 14 0 6.0
36 35 25 40 36 81 40 1024 2 14 14 3 0 24 7 8 1 6.0
37 64 52 40 22 57 40 2221 2 26 19 6 0 10 6 4 0 6.0
38 59 56 40 35 29 40 1826 1 17 12 12 0 6.0
39 43 72 40 34 72 40 9675 2 11 11 7 0 26 12 22 1 5.0
40 46 27 40 64 44 40 3493 2 19 6 7 1 17 17 6 1 5.0
41 37 28 40 38 77 40 4059 1 17 17 11 0 5.0
42 34 71 40 18 45 40 4650 3 14 10 1 0 16 16 30 0 22 17 28 1 6.0
43 38 31 40 39 75 40 33299 3 28 7 7 0 11 9 2 0 24 16 12 1 4.0
44 39 82 40 19 52 40 5609 2 15 9 9 0 21 20 13 1 6.0
45 35 20 40 17 54 40 10009 3 9 7 7 0 21 19 6 0 17 6 10 0 4.0
46 35 79 40 23 46 40 38670 3 11 8 3 0 11 11 8 0 22 17 28 1 4.0
47 16 45 40 45 82 40 1659 2 10 10 7 0 14 13 8 0 6.0
48 19 51 40 38 21 40 2293 1 25 25 10 0 6.0
49 56 54 40 39 26 40 2784 2 9 6 1 0 13 11 8 1 4.0
50 46 26 40 60 46 40 876 1 15 15 3 1 5.0
51 25 46 40 24 53 40 1111 2 13 10 8 0 10 7 2 1 5.0
52 63 45 40 47 30 40 43050 3 23 23 11 0 18 17 19 0 25 20 8 0 4.0
53 42 76 40 47 76 40 8435 2 15 13 12 0 16 9 13 0 4.0
54 44 69 40 58 50 40 146 2 10 9 5 0 9 9 7 0 6.0
55 55 50 40 60 50 40 22773 3 18 12 21 0 9 6 1 0 48 25 6 1 5.0
56 63 57 40 37 81 40 319 1 13 8 4 0 6.0
57 59 44 40 41 20 40 2134 2 14 6 6 0 22 16 11 0 6.0
58 42 27 40 26 49 40 2937 1 17 9 9 1 4.0
59 17 50 40 16 56 40 4692 3 20 14 6 0 17 16 9 1 28 20 6 1 6.0
60 42 80 40 62 49 40 17919 3 17 11 30 0 15 14 6 0 11 11 11 1 4.0
61 40 78 40 26 50 40 11848 3 14 14 14 0 11 11 8 0 14 11 4 0 4.0
62 44 23 40 16 53 40 4210 1 17 17 17 0 6.0
63 40 29 40 40 25 40 725 1 9 9 6 1 5.0
64 42 74 40 46 80 40 13184 2 12 9 9 0 25 20 8 1 4.0
65 66 52 40 67 52 40 980 1 11 8 6 0 5.0
66 25 48 40 17 56 40 642 1 10 9 7 0 5.0
67 40 23 40 67 57 40 11436 2 9 9 9 0 24 20 4 1 4.0
68 38 82 40 42 79 40 10972 2 20 20 10 0 20 15 8 0 5.0
69 14 56 40 17 44 40 185 1 13 8 2 1 5.0
70 47 23 40 45 25 40 7614 2 11 9 3 0 38 7 4 1 4.0
71 59 46 40 42 72 40 4199 2 32 10 10 0 14 12 4 0 5.0
72 41 71 40 56 50 40 2328 3 19 13 14 0 11 10 8 0 22 16 17 1 6.0
73 62 48 40 37 69 40 11759 2 9 6 5 0 17 17 21 0 5.0
74 47 75 40 56 47 40 17136 3 11 11 16 0 19 9 30 0 21 20 30 1 6.0
75 42 25 40 56 46 40 6763 2 16 10 6 0 10 8 7 0 4.0
