7     75    45000 60    25    30   
0     40    50    0     40    50    1236  0     
1 72 56 40 18 19 40 45000 3 10 10 10 0 23 18 8 1 44 6 26 1 4.0
2 39 28 40 63 69 40 1525 5 16 9 9 0 12 7 3 0 11 6 1 0 8 5 5 0 10 10 8 0 6.0
3 48 71 40 56 69 40 496 2 16 11 6 0 8 5 5 1 6.0
4 34 30 40 9 75 40 9939 4 18 13 14 0 9 5 3 0 8 7 3 1 10 10 10 1 4.0
5 37 21 40 24 71 40 4758 2 18 18 18 0 18 7 2 0 6.0
6 65 55 40 66 25 40 22390 5 10 10 14 0 11 10 6 0 8 5 1 0 10 8 6 1 15 15 15 1 4.0
7 41 83 40 9 66 40 32717 5 8 7 5 0 10 10 12 0 12 10 10 0 52 25 1 1 15 15 15 1 4.0
8 42 20 40 70 21 40 1428 3 46 12 6 0 11 8 1 0 14 12 9 1 6.0
9 37 27 40 24 30 40 617 2 8 8 2 0 9 5 4 1 5.0
10 35 34 40 62 68 40 1830 1 34 5 5 0 4.0
11 35 71 40 67 26 40 3695 4 34 17 4 0 11 5 2 0 10 9 3 0 13 7 5 1 5.0
12 64 55 40 69 25 40 18594 1 31 25 20 1 5.0
13 46 27 40 61 26 40 4221 4 9 5 9 0 12 4 13 0 25 5 5 0 8 8 2 0 4.0
14 12 48 40 66 33 40 9072 5 10 8 3 0 12 12 10 0 22 22 22 0 9 6 3 0 27 20 5 0 6.0
15 44 34 40 62 31 40 19254 4 8 8 8 0 12 7 7 0 27 23 9 0 18 14 27 0 5.0
16 62 56 40 72 71 40 1164 1 9 8 9 0 5.0
17 40 76 40 22 73 40 3039 3 10 7 4 0 30 14 21 0 8 5 1 1 6.0
18 40 78 40 19 26 40 16323 5 19 7 11 0 28 17 10 0 30 20 20 0 28 25 8 0 30 25 4 0 6.0
19 72 53 40 12 80 40 10836 1 25 18 17 1 5.0
20 40 81 40 8 26 40 6825 4 30 9 10 0 17 12 11 0 8 5 5 0 10 8 10 0 5.0
21 14 47 40 25 67 40 32018 4 24 10 2 0 18 15 15 0 30 14 10 0 10 8 2 1 4.0
22 40 28 40 57 72 40 310 1 8 6 2 0 4.0
23 15 57 40 8 21 40 11882 4 32 22 18 0 12 10 8 0 8 5 3 1 10 10 10 1 6.0
24 32 27 40 12 22 40 288 1 10 9 6 0 6.0
25 73 57 40 56 23 40 45000 4 46 20 5 0 10 8 15 0 18 18 5 0 29 21 11 0 4.0
26 32 81 40 25 29 40 5662 5 11 7 7 0 22 7 5 0 16 11 1 0 8 8 13 0 18 10 15 1 5.0
27 32 76 40 11 67 40 732 1 8 8 8 0 5.0
28 16 43 40 21 22 40 441 1 10 10 5 1 6.0
29 19 42 40 72 35 40 4987 4 9 7 7 0 30 7 7 0 10 10 10 0 9 6 8 0 5.0
30 40 74 40 66 78 40 21503 3 16 12 2 0 14 11 6 0 17 10 30 0 4.0
31 37 75 40 68 68 40 21805 4 26 6 6 0 8 8 5 0 26 25 3 0 25 9 10 1 4.0
32 13 52 40 21 72 40 4938 5 10 5 2 0 17 17 6 0 17 6 1 0 34 6 4 1 20 15 2 1 5.0
33 60 54 40 66 73 40 2079 4 12 12 8 0 8 8 5 0 17 11 11 1 10 8 4 1 6.0
34 59 52 40 59 23 40 293 1 10 5 2 1 4.0
35 18 46 40 60 80 40 7612 5 15 11 6 0 8 8 6 0 12 9 1 0 15 11 25 0 8 5 2 1 5.0
36 61 57 40 10 32 40 2612 2 10 10 7 0 17 17 2 1 5.0
37 61 44 40 16 19 40 45000 5 8 7 6 0 18 10 12 0 10 10 5 0 8 5 3 0 21 16 14 0 4.0
38 19 59 40 11 70 40 633 1 8 8 13 0 6.0
39 36 80 40 71 72 40 4547 2 9 7 6 0 10 10 13 1 4.0
40 61 53 40 62 72 40 45000 4 17 12 11 0 20 20 16 1 10 8 5 1 21 7 12 1 4.0
41 63 57 40 73 19 40 5104 5 9 9 1 0 25 6 6 0 20 15 10 0 27 8 25 1 16 12 6 1 6.0
42 46 28 40 65 83 40 77 2 9 6 1 0 9 5 2 0 6.0
43 43 79 40 19 78 40 9560 1 18 12 27 1 5.0
44 49 25 40 16 71 40 30017 3 32 25 30 0 8 6 3 1 13 8 6 1 5.0
45 12 44 40 12 29 40 1942 4 8 6 4 0 9 9 9 0 8 6 8 0 10 8 7 0 6.0
46 19 49 40 72 70 40 45000 4 28 24 19 0 8 5 5 0 21 16 5 0 13 7 4 1 4.0
47 43 74 40 66 19 40 45000 5 9 5 2 0 10 10 17 0 15 15 17 0 9 5 1 0 8 6 6 1 4.0
48 38 34 40 8 28 40 3755 4 22 13 4 0 10 10 10 0 25 8 7 0 11 8 14 0 6.0
49 42 69 40 12 26 40 6978 3 14 11 11 0 15 13 6 1 13 13 5 1 5.0
50 35 30 40 56 79 40 4646 3 20 12 11 0 10 10 1 0 20 17 4 0 5.0
51 57 46 40 58 82 40 2352 4 16 11 6 0 10 7 1 0 19 7 11 1 8 5 3 1 6.0
52 47 77 40 12 19 40 42534 5 8 8 6 0 20 12 30 1 13 12 11 1 7 6 6 1 10 10 7 1 4.0
53 73 43 40 68 67 40 1896 2 10 10 10 0 10 9 5 1 5.0
54 45 67 40 16 69 40 895 3 8 6 2 0 12 7 29 0 10 10 10 0 6.0
55 14 56 40 69 23 40 30938 1 49 20 7 0 4.0
56 17 59 40 69 73 40 1686 1 15 6 13 0 5.0
57 48 32 40 64 27 40 1747 2 21 13 7 0 16 6 23 1 6.0
58 35 26 40 15 77 40 45000 4 12 12 9 0 15 15 6 0 11 8 3 0 20 17 17 1 4.0
59 66 50 40 62 19 40 3441 2 14 14 5 0 8 8 5 0 4.0
60 16 50 40 71 81 40 82 2 10 10 1 0 8 6 3 0 6.0
61 10 51 40 23 69 40 45000 2 19 19 30 0 21 17 6 0 4.0
62 16 51 40 22 30 40 7333 4 9 6 6 0 15 5 11 0 15 10 4 0 11 11 7 0 4.0
63 14 55 40 15 69 40 5945 3 25 15 12 0 8 8 8 0 8 8 10 0 5.0
64 35 31 40 19 33 40 9621 4 14 11 6 0 22 22 17 0 8 6 4 0 8 6 2 1 6.0
65 58 49 40 67 21 40 11351 5 18 10 5 0 28 23 4 0 10 8 5 0 12 8 3 0 20 8 13 1 5.0
66 23 57 40 21 26 40 1484 1 23 16 5 0 6.0
67 68 46 40 13 79 40 12855 2 22 17 22 0 9 6 9 0 5.0
68 45 73 40 24 26 40 22604 4 11 11 9 0 8 5 1 0 18 15 9 0 22 22 10 0 4.0
69 40 72 40 22 77 40 3034 3 15 10 14 0 22 17 12 0 13 12 9 1 6.0
70 68 45 40 65 22 40 6483 4 12 9 4 0 11 9 7 0 15 15 18 1 10 10 10 1 5.0
71 24 56 40 25 76 40 2976 1 22 17 7 0 5.0
72 38 33 40 22 25 40 8549 3 12 8 2 0 9 6 5 0 17 12 7 1 4.0
73 71 42 40 71 76 40 3004 2 10 8 15 0 8 8 10 0 5.0
74 39 71 40 56 34 40 209 1 25 10 4 0 6.0
75 13 50 40 10 73 40 5016 1 39 6 26 0 6.0
