7     75    45000 60    25    30   
0     40    50    0     40    50    1236  0     
1 24 45 40 13 33 40 38074 5 24 18 5 0 11 6 8 0 28 23 10 0 20 8 28 0 10 9 4 1 4.0
2 40 79 40 69 26 40 10856 1 22 18 14 1 5.0
3 45 25 40 10 68 40 1171 3 8 6 6 0 8 6 4 0 21 18 4 0 6.0
4 14 42 40 12 81 40 8070 2 9 7 5 0 26 21 12 0 5.0
5 14 48 40 72 33 40 2508 5 8 7 11 0 11 8 7 0 30 17 4 0 35 15 10 0 23 18 8 0 6.0
6 42 34 40 22 76 40 11183 5 23 20 5 0 20 6 3 0 33 6 6 0 18 13 5 0 11 8 4 1 5.0
7 49 67 40 20 34 40 31191 4 40 25 2 0 10 7 3 0 13 9 6 1 18 10 16 1 4.0
8 35 32 40 23 72 40 258 1 9 6 5 0 5.0
9 32 80 40 23 23 40 6678 2 53 20 5 0 8 7 5 1 5.0
10 44 74 40 17 67 40 8205 2 16 14 14 0 15 15 5 0 5.0
11 16 46 40 11 33 40 12383 4 13 13 5 0 33 23 10 0 8 6 2 1 10 10 9 1 5.0
12 49 26 40 68 69 40 11976 1 14 14 14 0 4.0
13 42 35 40 64 80 40 6829 2 14 13 5 0 16 6 7 1 4.0
14 34 29 40 63 26 40 45000 4 8 6 7 0 10 8 7 0 10 10 5 0 32 19 30 0 4.0
15 40 73 40 11 83 40 413 3 13 8 4 0 11 9 4 0 8 8 8 1 6.0
16 69 59 40 60 28 40 2564 1 33 24 6 1 6.0
17 36 71 40 67 71 40 24562 4 9 9 9 0 26 14 22 0 10 8 6 0 9 8 5 1 4.0
18 16 51 40 65 68 40 64 1 8 6 4 0 6.0
19 35 66 40 14 26 40 15255 4 15 11 9 0 9 8 5 0 13 10 13 1 10 10 10 1 4.0
20 44 81 40 69 67 40 8646 3 22 13 15 0 10 6 7 0 26 15 13 0 6.0
21 60 48 40 21 30 40 1143 2 17 14 18 0 10 8 8 0 6.0
22 57 58 40 24 35 40 45000 5 23 23 14 0 28 13 13 0 14 8 3 0 24 12 4 0 10 8 5 1 4.0
23 21 57 40 21 21 40 202 1 20 6 6 0 6.0
24 43 19 40 15 29 40 1502 5 16 8 16 0 35 6 6 0 8 6 4 0 8 6 3 0 40 15 4 0 6.0
25 43 34 40 19 18 40 45000 2 22 19 24 0 8 6 6 0 4.0
26 43 18 40 64 35 40 1517 5 8 6 1 0 8 6 8 0 22 15 3 0 9 7 4 0 8 8 8 0 6.0
27 42 68 40 69 24 40 8058 5 31 11 5 0 18 15 10 0 15 9 6 0 12 8 4 1 15 8 4 1 5.0
28 60 42 40 12 21 40 5688 4 8 8 8 0 15 8 6 0 17 11 6 1 19 11 13 1 5.0
29 38 29 40 12 72 40 4411 3 10 8 5 0 10 8 1 0 20 15 8 0 5.0
30 32 25 40 10 26 40 1328 1 17 10 6 0 5.0
31 37 21 40 73 79 40 33630 5 27 17 17 0 18 18 4 0 8 6 4 0 8 8 8 1 8 8 10 1 4.0
32 60 43 40 16 23 40 1904 1 25 17 15 0 6.0
33 45 27 40 57 79 40 25256 5 10 8 7 0 9 7 5 0 11 11 13 0 20 15 13 0 17 17 23 0 5.0
34 38 73 40 68 78 40 1050 2 10 8 5 0 10 8 1 0 4.0
35 68 58 40 73 73 40 13851 5 26 18 26 0 10 8 3 0 9 9 3 0 23 13 7 1 10 7 6 1 6.0
36 49 29 40 70 83 40 4728 1 33 25 12 1 6.0
37 71 53 40 56 30 40 5738 2 11 9 7 1 8 6 3 1 4.0
38 12 42 40 24 83 40 3172 3 32 8 3 0 26 18 9 0 15 11 3 1 6.0
39 63 46 40 62 33 40 37577 4 50 23 10 0 10 8 6 0 9 8 7 1 11 9 13 1 4.0
40 8 54 40 69 33 40 120 1 12 9 2 0 6.0
41 56 54 40 24 75 40 10751 4 9 7 7 0 8 6 5 0 9 8 5 0 15 8 30 1 4.0
42 69 53 40 61 76 40 3275 5 8 6 3 0 10 6 4 0 15 15 5 0 13 8 8 0 13 8 13 1 6.0
43 64 47 40 67 72 40 16303 5 10 10 3 0 10 7 4 0 33 18 3 0 27 25 10 0 12 12 10 1 5.0
44 10 55 40 15 68 40 6457 3 16 16 9 0 11 7 4 0 27 6 4 1 5.0
45 56 45 40 18 81 40 10548 5 21 16 13 0 15 10 2 0 29 25 20 1 14 8 6 1 10 10 5 1 6.0
46 10 49 40 25 25 40 45000 5 17 14 13 0 35 6 6 0 25 20 10 0 33 13 22 1 8 8 5 1 4.0
47 69 58 40 58 26 40 22015 5 53 25 10 0 11 10 5 0 15 8 4 1 23 20 10 1 11 7 5 1 5.0
48 21 44 40 13 21 40 7442 2 25 15 20 0 26 6 7 0 6.0
49 45 26 40 16 83 40 17489 2 18 10 15 0 15 13 25 0 4.0
50 40 66 40 64 67 40 98 1 10 9 7 0 6.0
51 9 44 40 13 73 40 2059 2 14 12 4 0 9 8 11 0 5.0
52 16 55 40 66 80 40 18178 3 23 18 6 0 20 10 25 0 9 7 2 0 4.0
53 58 55 40 64 19 40 4413 2 7 7 8 0 11 8 13 0 4.0
54 65 44 40 59 72 40 6141 5 8 6 6 0 8 8 10 0 11 11 11 1 12 10 7 1 20 15 10 1 5.0
55 12 43 40 61 74 40 6608 3 17 8 8 0 15 10 15 0 8 6 3 0 5.0
56 21 50 40 67 32 40 4071 2 16 9 6 1 17 8 17 1 5.0
57 47 27 40 56 19 40 17076 4 18 10 19 0 8 8 3 0 15 10 10 0 8 8 5 1 4.0
58 48 78 40 67 28 40 32148 2 8 8 18 0 23 23 10 1 4.0
59 64 58 40 65 28 40 2190 4 15 10 8 0 8 6 3 0 10 8 3 0 10 8 8 1 5.0
60 40 78 40 73 28 40 4215 4 18 13 5 0 39 6 27 0 10 6 2 0 12 8 1 1 6.0
61 32 81 40 10 81 40 13484 4 14 13 11 0 15 15 15 0 10 10 8 0 8 6 2 0 5.0
62 58 50 40 8 18 40 24902 2 8 8 6 0 27 19 15 0 4.0
63 45 20 40 11 30 40 544 1 15 10 3 0 5.0
64 12 48 40 57 68 40 45000 5 8 6 3 0 20 8 2 0 18 18 13 0 20 16 5 0 16 16 18 0 4.0
65 39 66 40 25 32 40 1079 3 9 9 3 0 11 11 11 0 10 6 3 1 6.0
66 72 59 40 14 72 40 1163 1 21 13 10 0 6.0
67 17 52 40 67 25 40 6100 3 10 10 10 0 9 9 9 0 34 24 2 1 5.0
68 36 77 40 22 66 40 1625 1 18 15 10 0 6.0
69 20 49 40 17 20 40 2710 1 32 25 7 0 6.0
70 60 50 40 73 77 40 7323 5 8 6 4 0 9 8 5 0 11 11 9 0 10 6 2 1 10 8 5 1 4.0
71 38 66 40 17 74 40 31 1 10 8 1 0 6.0
72 38 26 40 63 72 40 13455 5 13 12 5 0 23 6 6 0 8 6 1 0 25 20 10 0 12 8 4 1 5.0
73 40 68 40 57 27 40 4331 2 14 7 3 0 36 11 2 1 4.0
74 32 73 40 20 78 40 28991 3 10 6 5 0 22 17 12 0 24 20 25 0 5.0
75 11 43 40 13 74 40 817 1 15 10 2 0 4.0
