7     75    45000 60    25    30   
0     40    50    0     40    50    1236  0     
1 24 45 40 13 33 40 9043 5 14 11 9 0 10 8 5 0 19 11 5 0 11 7 3 0 10 8 8 1 4.0
2 40 79 40 69 26 40 3377 1 10 10 19 1 5.0
3 45 25 40 10 68 40 1477 3 9 7 7 0 12 6 2 0 18 13 12 0 6.0
4 14 42 40 12 81 40 8251 2 11 11 11 0 37 7 4 0 4.0
5 14 48 40 72 33 40 4156 5 11 11 8 0 18 14 15 0 23 8 14 0 14 12 12 0 10 8 7 0 6.0
6 42 34 40 22 76 40 8706 5 12 6 1 0 19 14 8 0 14 10 14 0 20 15 30 0 11 10 2 1 6.0
7 49 67 40 20 34 40 10810 4 18 11 18 0 22 20 5 0 14 11 3 1 21 18 5 1 5.0
8 35 32 40 23 72 40 123 1 9 7 2 0 5.0
9 32 80 40 23 23 40 19349 2 23 15 9 0 22 16 22 1 5.0
10 44 74 40 17 67 40 11476 2 16 11 5 0 11 11 11 0 4.0
11 16 46 40 11 33 40 7704 4 10 7 10 0 14 14 5 0 12 9 8 1 10 8 9 1 4.0
12 49 26 40 68 69 40 502 1 21 18 4 0 6.0
13 42 35 40 64 80 40 19777 2 11 8 5 0 23 20 6 1 4.0
14 34 29 40 63 26 40 6608 4 11 9 7 0 55 8 8 0 17 9 7 0 9 9 9 0 5.0
15 40 73 40 11 83 40 9587 3 35 19 19 0 14 9 19 0 9 6 1 1 6.0
16 69 59 40 60 28 40 2638 1 10 7 7 1 4.0
17 36 71 40 67 71 40 1347 4 15 13 4 0 35 25 3 0 15 11 4 0 16 11 11 1 6.0
18 16 51 40 65 68 40 110 1 9 6 1 0 5.0
19 35 66 40 14 26 40 45000 4 23 23 23 0 24 19 5 0 10 9 10 1 55 12 5 1 4.0
20 44 81 40 69 67 40 5792 3 16 11 5 0 23 8 14 0 11 8 8 0 5.0
21 60 48 40 21 30 40 2002 2 15 12 9 0 49 8 4 0 6.0
22 57 58 40 24 35 40 27295 5 11 8 1 0 15 13 11 0 22 15 1 0 33 8 8 0 22 22 22 1 5.0
23 21 57 40 21 21 40 656 1 18 8 2 0 4.0
24 43 19 40 15 29 40 11858 5 10 9 15 0 13 12 3 0 11 9 6 0 9 9 9 0 35 19 19 0 6.0
25 43 34 40 19 18 40 8885 2 12 12 13 0 30 17 6 0 5.0
26 43 18 40 64 35 40 2262 5 9 7 9 0 9 7 4 0 9 6 2 0 17 17 6 0 11 9 1 0 6.0
27 42 68 40 69 24 40 11012 5 15 14 11 0 48 22 8 0 19 11 7 0 14 14 1 1 21 21 5 1 6.0
28 60 42 40 12 21 40 3489 4 9 6 2 0 10 7 4 0 14 11 3 1 20 9 3 1 4.0
29 38 29 40 12 72 40 1465 3 12 10 10 0 16 16 3 0 9 7 2 0 6.0
30 32 25 40 10 26 40 235 1 9 8 9 0 6.0
31 37 21 40 73 79 40 45000 5 15 9 7 0 16 11 5 0 15 15 5 0 18 18 4 1 9 7 9 1 4.0
32 60 43 40 16 23 40 371 1 18 12 7 0 6.0
33 45 27 40 57 79 40 4007 5 18 17 4 0 9 6 4 0 12 10 9 0 11 10 5 0 20 14 15 0 6.0
34 38 73 40 68 78 40 15152 2 9 6 6 0 26 19 6 0 4.0
35 68 58 40 73 73 40 3136 5 39 24 2 0 35 10 7 0 13 9 12 0 9 7 7 1 16 11 6 1 6.0
36 49 29 40 70 83 40 1046 1 13 11 12 1 6.0
37 71 53 40 56 30 40 23617 2 10 7 5 1 22 22 21 1 4.0
38 12 42 40 24 83 40 1798 3 15 10 5 0 11 6 15 0 9 6 7 1 6.0
39 63 46 40 62 33 40 25531 4 54 16 8 0 22 22 26 0 16 16 8 1 9 6 1 1 5.0
40 8 54 40 69 33 40 8676 1 22 11 16 0 4.0
41 56 54 40 24 75 40 10434 4 17 11 9 0 18 14 7 0 11 11 16 0 19 16 11 1 5.0
42 69 53 40 61 76 40 10528 5 9 9 3 0 10 7 4 0 11 9 9 0 27 22 16 0 14 11 9 1 6.0
43 64 47 40 67 72 40 26907 5 12 9 4 0 9 8 7 0 14 9 1 0 16 11 8 0 20 17 2 1 4.0
44 10 55 40 15 68 40 4477 3 9 7 9 0 22 22 2 0 11 9 2 1 4.0
45 56 45 40 18 81 40 19480 5 14 9 16 0 10 9 8 0 19 18 17 1 20 17 17 1 18 14 15 1 5.0
46 10 49 40 25 25 40 28260 5 33 6 9 0 29 10 30 0 10 9 15 0 11 7 6 1 20 14 3 1 4.0
47 69 58 40 58 26 40 9537 5 33 12 7 0 9 6 1 0 22 11 11 1 11 11 11 1 13 9 5 1 5.0
48 21 44 40 13 21 40 8276 2 19 11 11 0 18 15 11 0 5.0
49 45 26 40 16 83 40 18723 2 14 14 8 0 16 11 11 0 4.0
50 40 66 40 64 67 40 3048 1 14 11 17 0 5.0
51 9 44 40 13 73 40 1220 2 11 8 7 0 12 12 5 0 5.0
52 16 55 40 66 80 40 14289 3 33 11 9 0 49 18 10 0 20 20 11 0 5.0
53 58 55 40 64 19 40 2248 2 11 8 4 0 15 10 5 0 5.0
54 65 44 40 59 72 40 1391 5 12 6 3 0 12 11 2 0 12 10 9 1 11 7 7 1 9 6 6 1 6.0
55 12 43 40 61 74 40 11464 3 10 8 7 0 27 18 5 0 16 10 5 0 4.0
56 21 50 40 67 32 40 35166 2 10 10 8 1 22 20 23 1 4.0
57 47 27 40 56 19 40 3075 4 14 9 3 0 15 6 14 0 39 25 9 0 9 7 7 1 6.0
58 48 78 40 67 28 40 874 2 10 6 3 0 9 9 5 1 5.0
59 64 58 40 65 28 40 9917 4 10 8 5 0 16 11 7 0 31 8 8 0 22 18 7 1 5.0
60 40 78 40 73 28 40 2665 4 10 9 8 0 14 9 5 0 10 6 2 0 12 12 2 1 5.0
61 32 81 40 10 81 40 45000 4 24 19 8 0 22 19 8 0 14 10 3 0 33 22 4 0 4.0
62 58 50 40 8 18 40 4003 2 11 11 11 0 17 11 9 0 5.0
63 45 20 40 11 30 40 397 1 10 7 4 0 5.0
64 12 48 40 57 68 40 45000 5 11 11 11 0 21 21 5 0 9 6 1 0 14 14 7 0 27 24 19 0 4.0
65 39 66 40 25 32 40 7424 3 19 8 19 0 27 18 16 0 21 9 7 1 6.0
66 72 59 40 14 72 40 1632 1 22 16 2 0 4.0
67 17 52 40 67 25 40 4248 3 29 6 4 0 16 9 16 0 16 7 3 1 5.0
68 36 77 40 22 66 40 98 1 9 6 5 0 6.0
69 20 49 40 17 20 40 6536 1 12 12 30 0 5.0
70 60 50 40 73 77 40 45000 5 11 11 11 0 27 14 27 0 26 14 8 0 9 7 5 1 13 8 7 1 4.0
71 38 66 40 17 74 40 290 1 12 12 7 0 6.0
72 38 26 40 63 72 40 2585 5 17 12 15 0 10 8 3 0 10 7 10 0 22 17 5 0 12 8 9 1 6.0
73 40 68 40 57 27 40 17380 2 11 9 4 0 20 14 14 1 4.0
74 32 73 40 20 78 40 2428 3 16 11 16 0 22 21 4 0 10 10 6 0 6.0
75 11 43 40 13 74 40 7795 1 37 19 5 0 4.0
