7     75    45000 60    25    30   
0     40    50    0     40    50    1236  0     
1 24 45 40 13 33 40 45000 3 11 11 11 0 26 20 9 0 50 7 30 0 4.0
2 40 79 40 69 26 40 1293 2 18 10 10 0 13 8 4 0 6.0
3 45 25 40 10 68 40 669 3 13 7 2 0 9 6 6 0 12 11 9 1 6.0
4 14 42 40 12 81 40 3282 1 18 12 7 0 4.0
5 14 48 40 72 33 40 4195 2 9 6 6 0 21 15 16 0 6.0
6 42 34 40 22 76 40 1489 2 10 6 3 0 9 8 3 0 4.0
7 49 67 40 20 34 40 43642 3 11 11 11 0 20 20 20 0 20 8 3 1 4.0
8 35 32 40 23 72 40 670 1 12 12 16 0 6.0
9 32 80 40 23 23 40 2018 1 12 12 7 1 5.0
10 44 74 40 17 67 40 116 1 9 6 1 0 4.0
11 16 46 40 11 33 40 6582 2 11 9 7 0 17 17 17 0 5.0
12 49 26 40 68 69 40 518 1 9 8 6 0 5.0
13 42 35 40 64 80 40 8788 2 12 12 14 0 14 11 11 1 4.0
14 34 29 40 63 26 40 7522 3 59 25 2 0 17 17 17 0 52 13 7 0 6.0
15 40 73 40 11 83 40 4030 3 13 9 1 0 16 14 11 0 9 9 3 0 5.0
16 69 59 40 60 28 40 2889 2 10 6 4 0 38 6 6 0 5.0
17 36 71 40 67 71 40 1335 2 38 20 5 0 12 6 3 0 6.0
18 16 51 40 65 68 40 639 2 11 10 3 1 15 8 6 1 6.0
19 35 66 40 14 26 40 29690 3 35 25 22 0 11 6 10 0 14 5 15 1 5.0
20 44 81 40 69 67 40 1157 1 28 6 6 0 5.0
21 60 48 40 21 30 40 875 1 9 9 3 1 4.0
22 57 58 40 24 35 40 45000 3 12 9 4 0 13 13 11 0 25 25 25 0 4.0
23 21 57 40 21 21 40 3522 2 10 7 4 0 31 22 6 0 6.0
24 43 19 40 15 29 40 5414 3 9 9 9 0 14 8 8 0 31 25 11 1 6.0
25 43 34 40 19 18 40 35299 1 21 16 30 0 4.0
26 43 18 40 64 35 40 1771 2 11 9 11 0 12 8 5 1 5.0
27 42 68 40 69 24 40 18186 2 33 16 24 0 9 6 1 0 5.0
28 60 42 40 12 21 40 21563 3 21 8 12 0 31 19 11 0 33 22 22 1 6.0
29 38 29 40 12 72 40 16559 2 31 25 9 0 33 25 5 1 5.0
30 32 25 40 10 26 40 35704 1 28 20 19 1 4.0
31 37 21 40 73 79 40 31537 3 33 11 12 0 19 13 13 0 9 6 6 0 4.0
32 60 43 40 16 23 40 3222 2 12 9 12 0 27 11 3 1 5.0
33 45 27 40 57 79 40 3122 1 20 17 17 0 6.0
34 38 73 40 68 78 40 17880 2 33 16 11 0 11 9 3 0 4.0
35 68 58 40 73 73 40 24263 2 9 7 2 0 36 25 20 0 5.0
36 49 29 40 70 83 40 2962 2 13 11 9 0 9 6 3 1 5.0
37 71 53 40 56 30 40 14963 2 11 11 11 0 11 10 7 0 4.0
38 12 42 40 24 83 40 5225 1 52 22 6 0 6.0
39 63 46 40 62 33 40 11731 2 11 9 17 0 21 21 6 1 4.0
40 8 54 40 69 33 40 45000 2 32 23 12 1 13 8 8 1 4.0
41 56 54 40 24 75 40 581 1 25 8 6 0 6.0
42 69 53 40 61 76 40 2823 3 18 13 1 0 9 9 14 0 21 11 17 1 6.0
43 64 47 40 67 72 40 3539 3 9 9 9 0 11 11 6 0 11 8 8 1 5.0
44 10 55 40 15 68 40 4173 2 33 8 8 0 11 11 11 1 5.0
45 56 45 40 18 81 40 2659 3 10 7 9 0 18 13 2 0 16 13 7 0 6.0
46 10 49 40 25 25 40 29554 3 20 11 30 0 29 7 7 0 9 9 6 1 4.0
47 69 58 40 58 26 40 43052 2 29 25 3 0 28 11 11 0 4.0
48 21 44 40 13 21 40 156 1 11 6 3 0 6.0
49 45 26 40 16 83 40 5794 2 20 20 7 0 20 7 2 1 5.0
50 40 66 40 64 67 40 1206 1 38 7 4 1 5.0
51 9 44 40 13 73 40 2396 2 22 17 3 0 14 13 9 1 6.0
52 16 55 40 66 80 40 15160 3 9 9 6 0 19 12 12 0 12 9 4 0 4.0
53 58 55 40 64 19 40 2126 2 11 6 3 0 17 12 7 0 5.0
54 65 44 40 59 72 40 215 2 9 9 7 0 14 10 2 0 6.0
55 12 43 40 61 74 40 31254 3 17 12 28 0 9 6 3 0 12 11 8 1 4.0
56 21 50 40 67 32 40 1561 1 19 19 3 0 5.0
57 47 27 40 56 19 40 1520 2 9 8 7 0 20 11 14 0 6.0
58 48 78 40 67 28 40 4490 1 11 11 6 1 4.0
59 64 58 40 65 28 40 21104 3 9 6 4 0 23 18 16 1 9 9 14 1 4.0
60 40 78 40 73 28 40 1838 3 10 8 7 0 11 11 14 0 19 14 12 1 6.0
61 32 81 40 10 81 40 45000 3 22 22 18 0 11 9 6 0 23 8 14 0 4.0
62 58 50 40 8 18 40 342 1 11 11 1 0 4.0
63 45 20 40 11 30 40 1443 1 28 7 7 1 5.0
64 12 48 40 57 68 40 12154 2 22 17 11 0 31 9 28 1 6.0
65 39 66 40 25 32 40 3207 1 18 14 7 0 5.0
66 72 59 40 14 72 40 113 1 10 7 2 0 6.0
67 17 52 40 67 25 40 13303 2 11 6 3 0 21 14 30 1 5.0
68 36 77 40 22 66 40 45000 2 34 25 30 0 9 6 4 0 4.0
69 20 49 40 17 20 40 359 1 15 9 7 1 6.0
70 60 50 40 73 77 40 1381 2 9 7 5 0 10 10 10 1 5.0
71 38 66 40 17 74 40 1545 2 9 7 9 0 11 9 8 0 5.0
72 38 26 40 63 72 40 45000 3 31 25 21 0 9 6 6 0 24 18 6 1 4.0
73 40 68 40 57 27 40 999 2 15 8 4 0 11 6 2 0 5.0
74 32 73 40 20 78 40 1745 3 11 11 20 0 17 17 20 0 11 6 2 1 6.0
75 11 43 40 13 74 40 1518 2 9 7 7 0 25 14 4 0 6.0
