7     75    45000 60    25    30   
0     40    50    0     40    50    1236  0     
1 72 56 40 18 19 40 2767 3 13 11 5 0 9 5 1 1 9 8 9 1 4.0
2 39 28 40 63 69 40 7881 5 8 8 5 0 15 15 15 0 9 8 14 0 8 5 1 0 13 13 8 0 5.0
3 48 71 40 56 69 40 15751 2 32 24 23 0 15 15 5 1 6.0
4 34 30 40 9 75 40 45000 4 27 17 7 0 22 17 5 0 22 18 5 1 17 17 5 1 4.0
5 37 21 40 24 71 40 179 2 11 6 4 0 8 8 5 0 6.0
6 65 55 40 66 25 40 10306 5 10 9 25 0 10 8 2 0 20 14 26 0 49 23 2 1 9 9 1 1 6.0
7 41 83 40 9 66 40 2156 5 8 5 3 0 10 10 10 0 22 15 2 0 10 10 8 1 10 6 2 1 6.0
8 42 20 40 70 21 40 5137 3 9 5 2 0 15 15 20 0 22 22 14 1 6.0
9 37 27 40 24 30 40 24405 2 31 23 13 0 8 8 2 1 4.0
10 35 34 40 62 68 40 2139 1 11 7 8 0 4.0
11 35 71 40 67 26 40 8020 4 8 7 8 0 10 10 10 0 30 20 4 0 25 25 3 1 5.0
12 64 55 40 69 25 40 1689 1 20 16 3 1 4.0
13 46 27 40 61 26 40 21796 4 10 10 10 0 18 18 20 0 8 6 4 0 18 4 5 0 4.0
14 12 48 40 66 33 40 3350 5 27 6 8 0 9 6 10 0 9 6 1 0 11 11 11 0 8 7 6 0 6.0
15 44 34 40 62 31 40 1349 4 12 8 12 0 7 6 4 0 10 8 6 0 8 8 2 0 6.0
16 62 56 40 72 71 40 2085 1 20 15 5 0 5.0
17 40 76 40 22 73 40 1592 3 12 8 6 0 9 7 9 0 12 11 13 1 6.0
18 40 78 40 19 26 40 9600 5 11 9 8 0 12 11 12 0 10 10 10 0 26 22 11 0 9 8 6 0 6.0
19 72 53 40 12 80 40 1803 1 8 5 5 1 4.0
20 40 81 40 8 26 40 14797 4 15 15 10 0 17 13 10 0 52 21 7 0 8 6 7 0 5.0
21 14 47 40 25 67 40 8584 4 20 12 11 0 12 12 20 0 8 5 5 0 26 21 2 1 5.0
22 40 28 40 57 72 40 392 1 27 10 3 0 6.0
23 15 57 40 8 21 40 1467 4 6 5 5 0 11 8 6 0 26 8 26 1 24 8 3 1 6.0
24 32 27 40 12 22 40 180 1 10 8 3 0 6.0
25 73 57 40 56 23 40 5111 4 8 6 6 0 10 7 5 0 10 7 7 0 8 7 7 0 4.0
26 32 81 40 25 29 40 8083 5 10 8 5 0 8 5 1 0 25 20 4 0 12 12 5 0 17 17 5 1 5.0
27 32 76 40 11 67 40 775 1 25 5 5 0 5.0
28 16 43 40 21 22 40 43677 1 18 18 23 1 4.0
29 19 42 40 72 35 40 2704 4 18 10 8 0 9 8 2 0 10 10 12 0 9 8 7 0 6.0
30 40 74 40 66 78 40 2771 3 8 6 10 0 8 8 7 0 12 12 11 0 5.0
31 37 75 40 68 68 40 8892 4 14 8 2 0 15 15 5 0 15 10 15 0 11 7 1 1 4.0
32 13 52 40 21 72 40 6533 5 8 8 8 0 9 8 4 0 8 5 7 0 50 5 10 1 8 8 8 1 5.0
33 60 54 40 66 73 40 19147 4 37 25 10 0 14 9 1 0 18 14 10 1 30 20 10 1 5.0
34 59 52 40 59 23 40 2975 1 19 19 6 1 5.0
35 18 46 40 60 80 40 12220 5 21 17 8 0 15 15 15 0 23 11 9 0 15 10 9 0 37 9 6 1 5.0
36 61 57 40 10 32 40 373 2 15 15 2 0 10 9 2 1 6.0
37 61 44 40 16 19 40 18389 5 8 8 8 0 35 17 8 0 14 12 8 0 20 20 16 0 8 7 15 0 5.0
38 19 59 40 11 70 40 595 1 11 8 4 0 5.0
39 36 80 40 71 72 40 2013 2 9 7 4 0 21 7 12 1 6.0
40 61 53 40 62 72 40 14273 4 16 12 6 0 13 10 8 1 9 8 8 1 25 20 10 1 4.0
41 63 57 40 73 19 40 12035 5 15 15 15 0 12 12 12 0 17 17 5 0 23 23 30 1 8 8 8 1 6.0
42 46 28 40 65 83 40 15410 2 22 10 20 0 16 11 18 0 4.0
43 43 79 40 19 78 40 8307 1 26 25 3 1 4.0
44 49 25 40 16 71 40 6373 3 8 6 2 0 52 25 6 1 16 9 22 1 6.0
45 12 44 40 12 29 40 411 4 10 7 12 0 8 5 4 0 9 5 2 0 11 9 7 0 6.0
46 19 49 40 72 70 40 20046 4 11 11 7 0 13 10 8 0 20 20 10 0 8 5 5 1 4.0
47 43 74 40 66 19 40 6284 5 16 16 18 0 9 5 2 0 15 6 5 0 17 13 10 0 13 6 3 1 6.0
48 38 34 40 8 28 40 16665 4 9 5 12 0 15 15 15 0 36 25 11 0 10 8 10 0 5.0
49 42 69 40 12 26 40 7606 3 9 5 3 0 8 8 2 1 12 12 16 1 4.0
50 35 30 40 56 79 40 2095 3 9 6 2 0 10 10 10 0 13 10 9 0 6.0
51 57 46 40 58 82 40 5006 4 19 14 15 0 20 12 5 0 10 8 1 1 10 8 5 1 6.0
52 47 77 40 12 19 40 8856 5 10 9 12 0 9 8 4 1 12 5 4 1 10 10 11 1 11 7 6 1 4.0
53 73 43 40 68 67 40 917 2 12 10 7 0 9 5 4 1 6.0
54 45 67 40 16 69 40 45000 3 25 12 27 0 21 10 5 0 28 24 19 0 4.0
55 14 56 40 69 23 40 2084 1 9 6 9 0 4.0
56 17 59 40 69 73 40 462 1 10 7 5 0 5.0
57 48 32 40 64 27 40 7656 2 30 21 8 0 8 8 8 1 5.0
58 35 26 40 15 77 40 21564 4 41 25 3 0 8 5 1 0 22 18 13 0 13 8 6 1 4.0
59 66 50 40 62 19 40 4699 2 46 8 30 0 16 8 5 0 6.0
60 16 50 40 71 81 40 3813 2 16 10 10 0 23 17 5 0 5.0
61 10 51 40 23 69 40 45000 2 12 9 2 0 23 12 12 0 4.0
62 16 51 40 22 30 40 8971 4 26 18 10 0 8 8 8 0 40 8 8 0 8 6 2 0 5.0
63 14 55 40 15 69 40 11382 3 8 8 3 0 15 8 6 0 26 15 21 0 5.0
64 35 31 40 19 33 40 14095 4 8 8 5 0 20 15 2 0 15 15 5 0 19 6 5 1 4.0
65 58 49 40 67 21 40 26972 5 8 5 13 0 15 8 6 0 23 13 30 0 13 12 9 0 20 14 18 1 5.0
66 23 57 40 21 26 40 303 1 8 5 4 0 4.0
67 68 46 40 13 79 40 23942 2 35 10 10 0 12 7 3 0 4.0
68 45 73 40 24 26 40 13206 4 11 7 7 0 20 15 2 0 49 25 2 0 35 17 10 0 5.0
69 40 72 40 22 77 40 7919 3 16 11 11 0 15 7 22 0 10 10 3 1 5.0
70 68 45 40 65 22 40 11299 4 16 10 6 0 9 9 9 0 17 16 14 1 11 10 6 1 4.0
71 24 56 40 25 76 40 966 1 30 7 7 0 6.0
72 38 33 40 22 25 40 14978 3 13 9 8 0 10 7 3 0 17 17 25 1 4.0
73 71 42 40 71 76 40 11743 2 22 17 12 0 20 19 6 0 5.0
74 39 71 40 56 34 40 258 1 15 8 2 0 5.0
75 13 50 40 10 73 40 1254 1 33 11 10 0 6.0
