7     75    45000 60    25    30   
0     40    50    0     40    50    1236  0     
1 10 16 40 50 18 40 19266 4 17 8 13 0 8 6 12 0 8 5 2 1 17 17 20 1 4.0
2 12 65 40 18 63 40 3862 5 13 5 1 0 10 9 7 0 20 10 10 0 15 15 15 1 23 17 9 1 6.0
3 45 24 40 15 53 40 20 1 8 6 1 0 6.0
4 69 59 40 52 21 40 45000 3 25 15 2 0 8 6 1 0 30 25 30 1 4.0
5 63 52 40 50 36 40 413 2 10 10 10 0 10 10 8 0 6.0
6 33 55 40 46 51 40 1477 4 18 12 3 0 11 7 1 0 10 10 7 0 9 9 8 0 6.0
7 21 27 40 33 31 40 2881 3 13 10 6 0 13 13 3 0 13 7 4 0 5.0
8 17 34 40 27 53 40 20539 3 22 17 7 0 18 16 9 0 15 15 15 0 4.0
9 26 44 40 57 49 40 1163 1 13 9 6 0 5.0
10 68 25 40 12 34 40 14316 5 8 7 5 0 8 6 1 0 9 8 5 0 24 18 7 0 10 7 5 0 4.0
11 39 57 40 66 36 40 3755 2 16 6 9 0 15 13 9 0 5.0
12 68 50 40 23 35 40 7142 5 25 25 2 0 15 8 5 0 10 8 5 1 8 5 4 1 15 15 15 1 5.0
13 31 60 40 27 26 40 9900 4 23 17 2 0 11 7 3 0 29 15 2 0 21 10 7 1 4.0
14 56 74 40 54 60 40 25076 5 25 17 10 0 41 22 27 0 10 10 10 0 11 9 10 0 15 10 10 1 6.0
15 34 28 40 65 74 40 917 1 34 5 5 1 5.0
16 48 75 40 37 58 40 17779 4 17 10 30 0 8 5 4 0 9 5 2 0 34 12 7 0 4.0
17 47 24 40 44 85 40 14245 2 18 14 7 0 26 13 22 0 5.0
18 20 22 40 26 81 40 10473 4 11 7 3 0 10 6 3 0 27 15 29 0 52 20 5 1 6.0
19 15 73 40 68 36 40 30446 5 29 25 5 0 8 6 15 0 27 16 5 0 24 9 9 0 20 11 3 0 4.0
20 57 64 40 65 59 40 6481 3 10 10 10 0 25 16 3 1 25 6 7 1 5.0
21 60 23 40 50 42 40 1335 1 10 10 10 0 5.0
22 35 49 40 43 74 40 9047 4 15 7 7 0 23 13 9 0 20 10 12 0 12 12 2 1 5.0
23 29 21 40 67 81 40 7507 2 21 6 7 0 23 16 5 1 4.0
24 33 46 40 25 30 40 13998 5 9 5 3 0 15 10 10 0 10 10 6 0 23 11 19 1 17 5 6 1 5.0
25 69 25 40 28 73 40 18152 3 15 15 5 0 15 15 10 0 12 8 1 1 4.0
26 69 39 40 36 69 40 2678 3 14 14 30 0 20 15 25 0 25 6 6 1 6.0
27 11 68 40 39 25 40 101 1 10 8 2 0 6.0
28 18 77 40 57 21 40 43967 4 21 14 11 0 13 8 8 0 18 17 11 0 8 6 6 1 4.0
29 52 25 40 24 44 40 5553 5 19 16 5 0 15 5 9 0 9 7 3 1 10 10 7 1 20 15 25 1 6.0
30 63 70 40 59 61 40 232 1 9 9 6 0 6.0
31 58 57 40 14 38 40 20430 4 12 11 7 0 22 22 8 0 8 5 1 0 11 9 7 0 4.0
32 47 71 40 46 42 40 5484 4 13 13 2 0 11 8 7 0 8 6 2 0 20 20 9 0 5.0
33 61 24 40 11 17 40 7479 1 16 15 16 0 5.0
34 69 33 40 29 56 40 15227 2 22 17 7 0 13 12 10 0 4.0
35 47 15 40 60 53 40 1232 3 14 8 11 0 9 8 4 0 8 8 6 0 6.0
36 59 71 40 10 40 40 4623 5 16 10 18 0 8 5 1 0 42 25 5 1 12 7 3 1 12 5 5 1 6.0
37 40 80 40 18 70 40 4478 4 20 14 10 0 15 8 8 0 17 12 5 1 15 14 8 1 6.0
38 10 50 40 28 60 40 1678 1 25 18 5 1 6.0
39 28 20 40 61 65 40 10687 5 15 10 30 0 13 12 5 0 10 9 9 0 12 12 12 0 10 10 7 1 5.0
40 60 41 40 26 62 40 10276 5 12 9 4 0 15 15 15 0 8 8 5 0 11 8 8 0 22 17 7 1 5.0
41 14 54 40 41 18 40 2975 4 9 7 5 0 9 8 6 0 8 8 8 0 21 17 3 1 5.0
42 53 20 40 43 60 40 1064 4 17 17 8 0 17 13 7 0 12 7 2 1 10 8 2 1 6.0
43 32 44 40 29 73 40 16774 3 33 6 4 0 28 8 8 0 12 11 4 0 4.0
44 50 25 40 35 59 40 5893 4 16 12 12 0 10 8 7 0 19 14 15 0 8 5 4 1 6.0
45 64 67 40 31 72 40 14150 2 15 15 18 0 10 10 14 0 4.0
46 53 34 40 32 27 40 12687 1 16 8 30 1 4.0
47 40 38 40 70 43 40 7480 1 18 18 30 0 6.0
48 18 42 40 46 23 40 1040 4 14 9 5 0 9 7 6 0 8 8 2 0 20 17 5 1 6.0
49 63 79 40 43 57 40 12045 1 24 12 18 1 4.0
50 36 53 40 26 48 40 1507 5 8 5 1 0 8 7 4 0 10 8 1 1 17 5 5 1 7 7 8 1 5.0
51 39 81 40 50 20 40 6226 1 21 21 15 0 5.0
52 16 65 40 32 52 40 12668 1 23 20 10 0 4.0
53 53 45 40 16 60 40 5677 3 10 8 13 0 17 11 7 0 9 6 9 1 4.0
54 60 40 40 67 51 40 203 2 10 8 1 0 11 11 11 1 6.0
55 62 50 40 60 48 40 17612 4 29 10 4 0 11 8 6 0 11 10 13 0 20 15 20 0 5.0
56 50 19 40 40 35 40 2498 2 21 20 6 0 15 7 7 0 6.0
57 14 36 40 34 71 40 1290 1 21 21 6 0 6.0
58 19 61 40 19 21 40 40802 3 29 18 29 0 8 5 8 0 24 9 17 1 4.0
59 57 67 40 37 27 40 3301 4 21 20 10 0 15 14 2 1 9 7 6 1 9 6 5 1 6.0
60 51 70 40 61 42 40 24395 5 20 18 5 0 20 14 18 0 20 20 6 0 29 7 7 1 18 14 2 1 4.0
61 35 20 40 34 49 40 23450 2 26 19 14 0 15 10 11 1 4.0
62 34 56 40 46 18 40 6555 1 25 18 17 1 6.0
63 56 40 40 65 15 40 14369 5 10 10 15 0 22 17 13 0 8 5 1 0 15 10 16 1 8 8 13 1 5.0
64 31 24 40 48 58 40 40752 5 9 6 2 0 13 8 9 0 29 7 7 0 29 22 20 0 8 6 3 1 4.0
65 54 33 40 46 54 40 1703 2 18 13 3 0 12 6 3 0 5.0
66 69 75 40 58 44 40 4062 2 13 10 4 0 17 17 12 1 5.0
67 52 55 40 70 39 40 8522 3 18 13 7 0 14 8 2 0 8 7 2 0 4.0
68 69 69 40 58 63 40 8337 4 22 17 7 0 14 14 4 0 15 5 15 0 8 7 6 0 5.0
69 59 78 40 10 23 40 1731 1 27 12 6 0 5.0
70 10 51 40 70 77 40 45000 1 21 19 24 0 4.0
71 46 72 40 13 69 40 1698 2 12 8 8 0 19 14 3 0 5.0
72 66 61 40 60 19 40 1137 4 15 15 15 0 13 10 6 0 9 9 7 0 8 8 5 0 6.0
73 58 67 40 62 32 40 13084 4 8 5 1 0 10 7 1 0 23 15 15 0 17 8 13 0 5.0
74 52 32 40 14 81 40 6303 4 8 5 1 0 22 17 7 0 16 13 18 0 13 8 8 0 6.0
75 51 44 40 31 71 40 4449 1 10 10 10 0 4.0
