7     75    45000 60    25    30   
0     40    50    0     40    50    1236  0     
1 57 19 40 39 26 40 2767 3 13 11 5 0 9 5 1 1 9 8 9 1 4.0
2 58 36 40 48 60 40 7881 5 8 8 5 0 15 15 15 0 9 8 14 0 8 5 1 0 13 13 8 0 5.0
3 25 80 40 12 31 40 15751 2 32 24 23 0 15 15 5 1 6.0
4 13 69 40 61 47 40 45000 4 27 17 7 0 22 17 5 0 22 18 5 1 17 17 5 1 4.0
5 26 63 40 51 57 40 179 2 11 6 4 0 8 8 5 0 6.0
6 13 43 40 55 29 40 10306 5 10 9 25 0 10 8 2 0 20 14 26 0 49 23 2 1 9 9 1 1 6.0
7 70 70 40 14 79 40 2156 5 8 5 3 0 10 10 10 0 22 15 2 0 10 10 8 1 10 6 2 1 6.0
8 52 58 40 37 49 40 5137 3 9 5 2 0 15 15 20 0 22 22 14 1 6.0
9 30 64 40 70 15 40 24405 2 31 23 13 0 8 8 2 1 4.0
10 59 34 40 10 30 40 2139 1 11 7 8 0 4.0
11 32 73 40 15 45 40 8020 4 8 7 8 0 10 10 10 0 30 20 4 0 25 25 3 1 5.0
12 39 52 40 63 84 40 1689 1 20 16 3 1 4.0
13 55 52 40 49 77 40 21796 4 10 10 10 0 18 18 20 0 8 6 4 0 18 4 5 0 4.0
14 26 36 40 61 84 40 3350 5 27 6 8 0 9 6 10 0 9 6 1 0 11 11 11 0 8 7 6 0 6.0
15 69 65 40 54 26 40 1349 4 12 8 12 0 7 6 4 0 10 8 6 0 8 8 2 0 6.0
16 43 69 40 16 19 40 2085 1 20 15 5 0 5.0
17 46 77 40 23 30 40 1592 3 12 8 6 0 9 7 9 0 12 11 13 1 6.0
18 58 79 40 43 76 40 9600 5 11 9 8 0 12 11 12 0 10 10 10 0 26 22 11 0 9 8 6 0 6.0
19 34 54 40 32 43 40 1803 1 8 5 5 1 4.0
20 32 29 40 57 18 40 14797 4 15 15 10 0 17 13 10 0 52 21 7 0 8 6 7 0 5.0
21 16 52 40 50 38 40 8584 4 20 12 11 0 12 12 20 0 8 5 5 0 26 21 2 1 5.0
22 17 17 40 19 30 40 392 1 27 10 3 0 6.0
23 45 41 40 51 51 40 1467 4 6 5 5 0 11 8 6 0 26 8 26 1 24 8 3 1 6.0
24 25 35 40 68 85 40 180 1 10 8 3 0 6.0
25 16 23 40 57 15 40 5111 4 8 6 6 0 10 7 5 0 10 7 7 0 8 7 7 0 4.0
26 56 36 40 43 32 40 8083 5 10 8 5 0 8 5 1 0 25 20 4 0 12 12 5 0 17 17 5 1 5.0
27 28 16 40 61 62 40 775 1 25 5 5 0 5.0
28 47 19 40 14 52 40 43677 1 18 18 23 1 4.0
29 11 72 40 57 52 40 2704 4 18 10 8 0 9 8 2 0 10 10 12 0 9 8 7 0 6.0
30 47 46 40 15 39 40 2771 3 8 6 10 0 8 8 7 0 12 12 11 0 5.0
31 13 84 40 10 68 40 8892 4 14 8 2 0 15 15 5 0 15 10 15 0 11 7 1 1 4.0
32 31 63 40 12 44 40 6533 5 8 8 8 0 9 8 4 0 8 5 7 0 50 5 10 1 8 8 8 1 5.0
33 41 75 40 38 83 40 19147 4 37 25 10 0 14 9 1 0 18 14 10 1 30 20 10 1 5.0
34 63 56 40 49 50 40 2975 1 19 19 6 1 5.0
35 25 52 40 54 76 40 12220 5 21 17 8 0 15 15 15 0 23 11 9 0 15 10 9 0 37 9 6 1 5.0
36 67 85 40 47 33 40 373 2 15 15 2 0 10 9 2 1 6.0
37 51 82 40 33 51 40 18389 5 8 8 8 0 35 17 8 0 14 12 8 0 20 20 16 0 8 7 15 0 5.0
38 67 62 40 15 22 40 595 1 11 8 4 0 5.0
39 63 71 40 44 76 40 2013 2 9 7 4 0 21 7 12 1 6.0
40 62 52 40 59 25 40 14273 4 16 12 6 0 13 10 8 1 9 8 8 1 25 20 10 1 4.0
41 61 65 40 42 17 40 12035 5 15 15 15 0 12 12 12 0 17 17 5 0 23 23 30 1 8 8 8 1 6.0
42 62 71 40 12 70 40 15410 2 22 10 20 0 16 11 18 0 4.0
43 21 34 40 40 63 40 8307 1 26 25 3 1 4.0
44 42 64 40 46 36 40 6373 3 8 6 2 0 52 25 6 1 16 9 22 1 6.0
45 59 67 40 20 51 40 411 4 10 7 12 0 8 5 4 0 9 5 2 0 11 9 7 0 6.0
46 45 63 40 34 65 40 20046 4 11 11 7 0 13 10 8 0 20 20 10 0 8 5 5 1 4.0
47 16 28 40 55 54 40 6284 5 16 16 18 0 9 5 2 0 15 6 5 0 17 13 10 0 13 6 3 1 6.0
48 49 35 40 53 60 40 16665 4 9 5 12 0 15 15 15 0 36 25 11 0 10 8 10 0 5.0
49 69 81 40 19 79 40 7606 3 9 5 3 0 8 8 2 1 12 12 16 1 4.0
50 55 17 40 60 81 40 2095 3 9 6 2 0 10 10 10 0 13 10 9 0 6.0
51 46 29 40 21 16 40 5006 4 19 14 15 0 20 12 5 0 10 8 1 1 10 8 5 1 6.0
52 14 26 40 53 49 40 8856 5 10 9 12 0 9 8 4 1 12 5 4 1 10 10 11 1 11 7 6 1 4.0
53 51 38 40 27 73 40 917 2 12 10 7 0 9 5 4 1 6.0
54 41 17 40 17 27 40 45000 3 25 12 27 0 21 10 5 0 28 24 19 0 4.0
55 53 24 40 32 15 40 2084 1 9 6 9 0 4.0
56 11 41 40 14 21 40 462 1 10 7 5 0 5.0
57 37 26 40 24 56 40 7656 2 30 21 8 0 8 8 8 1 5.0
58 51 70 40 50 54 40 21564 4 41 25 3 0 8 5 1 0 22 18 13 0 13 8 6 1 4.0
59 48 83 40 70 43 40 4699 2 46 8 30 0 16 8 5 0 6.0
60 68 36 40 51 34 40 3813 2 16 10 10 0 23 17 5 0 5.0
61 45 54 40 47 22 40 45000 2 12 9 2 0 23 12 12 0 4.0
62 62 72 40 41 81 40 8971 4 26 18 10 0 8 8 8 0 40 8 8 0 8 6 2 0 5.0
63 31 71 40 67 81 40 11382 3 8 8 3 0 15 8 6 0 26 15 21 0 5.0
64 47 45 40 22 81 40 14095 4 8 8 5 0 20 15 2 0 15 15 5 0 19 6 5 1 4.0
65 38 37 40 32 30 40 26972 5 8 5 13 0 15 8 6 0 23 13 30 0 13 12 9 0 20 14 18 1 5.0
66 19 53 40 56 24 40 303 1 8 5 4 0 4.0
67 35 28 40 12 52 40 23942 2 35 10 10 0 12 7 3 0 4.0
68 59 80 40 69 67 40 13206 4 11 7 7 0 20 15 2 0 49 25 2 0 35 17 10 0 5.0
69 35 49 40 40 70 40 7919 3 16 11 11 0 15 7 22 0 10 10 3 1 5.0
70 48 79 40 39 65 40 11299 4 16 10 6 0 9 9 9 0 17 16 14 1 11 10 6 1 4.0
71 26 46 40 13 73 40 966 1 30 7 7 0 6.0
72 36 82 40 53 50 40 14978 3 13 9 8 0 10 7 3 0 17 17 25 1 4.0
73 18 77 40 16 30 40 11743 2 22 17 12 0 20 19 6 0 5.0
74 36 69 40 67 61 40 258 1 15 8 2 0 5.0
75 48 22 40 43 35 40 1254 1 33 11 10 0 6.0
