7     75    45000 60    25    30   
0     40    50    0     40    50    1236  0     
1 21 15 40 43 21 40 4500 3 15 13 6 0 10 6 2 0 10 10 10 0 4.0
2 43 30 40 58 20 40 6981 2 9 9 6 0 17 17 17 0 5.0
3 54 80 40 65 53 40 3712 3 11 10 16 0 9 6 2 0 16 16 10 1 6.0
4 26 50 40 55 82 40 45000 1 38 25 27 0 4.0
5 14 54 40 50 52 40 2301 2 17 17 6 0 32 20 9 0 6.0
6 31 55 40 66 57 40 5482 2 26 20 6 0 26 21 6 0 6.0
7 43 32 40 10 42 40 2720 3 20 20 6 0 13 8 5 0 9 9 6 1 6.0
8 36 72 40 34 84 40 1730 1 12 11 29 0 6.0
9 53 78 40 26 18 40 841 1 12 9 3 1 4.0
10 65 45 40 10 81 40 42508 1 24 17 30 0 4.0
11 44 30 40 24 78 40 6131 2 57 25 3 0 10 10 1 0 5.0
12 30 85 40 62 84 40 285 1 9 6 3 0 4.0
13 26 76 40 64 21 40 8287 2 12 12 12 0 26 17 3 1 4.0
14 42 30 40 25 32 40 1678 3 12 12 9 0 12 8 3 0 11 6 3 0 6.0
15 58 42 40 64 54 40 21997 3 17 17 23 0 26 25 16 0 36 25 16 0 6.0
16 10 82 40 63 73 40 1638 2 9 9 3 0 13 8 9 0 5.0
17 69 81 40 49 43 40 1368 2 9 9 9 0 12 12 12 0 6.0
18 65 75 40 47 64 40 6582 2 35 23 5 1 29 25 4 1 6.0
19 65 35 40 34 66 40 45000 3 23 18 4 0 12 12 12 0 21 21 24 1 4.0
20 61 73 40 36 73 40 416 1 10 7 5 0 5.0
21 34 56 40 22 22 40 794 1 21 5 6 1 5.0
22 44 36 40 19 39 40 1477 3 31 7 9 0 10 8 12 0 10 7 2 0 6.0
23 20 71 40 21 76 40 607 2 13 13 13 0 10 8 7 0 6.0
24 62 21 40 12 69 40 2373 3 14 10 14 0 9 8 5 0 12 10 7 1 6.0
25 66 72 40 53 38 40 673 1 10 10 2 0 4.0
26 35 30 40 38 57 40 5666 2 23 17 6 0 14 9 7 1 5.0
27 35 71 40 46 47 40 4585 2 11 8 11 0 14 13 15 0 5.0
28 44 16 40 27 80 40 33444 3 13 11 10 0 14 13 14 0 12 12 12 1 4.0
29 36 22 40 65 55 40 8587 2 30 25 13 0 11 9 7 1 6.0
30 67 41 40 39 67 40 397 1 10 6 6 1 5.0
31 60 69 40 40 23 40 45000 3 17 17 12 0 20 16 12 0 60 25 9 0 4.0
32 50 19 40 20 30 40 7832 2 10 8 9 0 23 14 13 1 5.0
33 31 61 40 18 57 40 4823 1 14 14 23 0 5.0
34 41 31 40 29 84 40 2574 2 9 6 6 0 31 25 2 0 5.0
35 69 55 40 60 36 40 1880 2 32 12 4 0 8 6 6 0 5.0
36 16 71 40 40 33 40 5869 2 13 10 7 0 30 10 30 1 6.0
37 59 83 40 56 29 40 1433 2 28 9 3 0 12 9 3 0 5.0
38 26 28 40 43 49 40 746 1 9 7 7 0 5.0
39 51 19 40 66 36 40 1414 2 12 9 6 0 12 8 8 1 6.0
40 68 61 40 19 54 40 2530 2 9 9 9 1 12 9 6 1 4.0
41 22 56 40 34 41 40 28 1 9 6 1 0 6.0
42 27 21 40 40 15 40 14073 3 29 23 5 0 14 14 6 0 20 20 6 1 4.0
43 70 26 40 58 64 40 45000 3 29 6 6 0 21 21 27 0 21 12 9 1 4.0
44 62 28 40 45 60 40 1332 2 11 9 3 0 12 12 14 1 6.0
45 65 48 40 36 41 40 593 3 11 10 9 0 9 8 12 0 10 9 8 0 6.0
46 22 38 40 67 54 40 15683 3 14 14 13 0 16 10 3 0 17 17 6 1 4.0
47 10 50 40 15 29 40 3064 2 17 12 17 0 13 9 2 0 6.0
48 15 37 40 59 43 40 831 1 9 9 9 0 5.0
49 24 39 40 41 36 40 2614 2 10 9 5 0 9 6 8 1 4.0
50 12 31 40 60 51 40 3841 1 58 6 12 1 6.0
51 11 60 40 16 84 40 12033 2 9 9 9 0 43 25 12 1 6.0
52 24 74 40 69 27 40 38700 3 16 10 1 0 21 16 12 0 35 23 12 0 4.0
53 56 57 40 26 43 40 6927 2 22 22 7 0 24 20 9 0 6.0
54 54 21 40 38 82 40 25459 2 17 17 17 0 27 13 11 0 4.0
55 23 80 40 36 29 40 27222 3 17 12 10 0 43 10 8 0 17 17 3 1 4.0
56 46 22 40 32 31 40 475 1 12 10 3 0 5.0
57 55 39 40 65 84 40 10933 2 9 9 9 0 40 20 9 0 5.0
58 45 41 40 51 31 40 5197 1 17 14 9 1 4.0
59 59 62 40 51 37 40 4620 3 23 23 18 0 9 9 17 1 13 9 5 1 6.0
60 13 16 40 56 81 40 5564 3 10 8 5 0 24 9 14 0 18 14 7 1 5.0
61 70 16 40 23 17 40 45000 3 15 12 10 0 11 10 9 0 29 23 12 0 4.0
62 48 61 40 36 82 40 5616 1 17 17 17 0 5.0
63 60 37 40 56 40 40 3431 1 14 14 14 1 5.0
64 55 80 40 36 32 40 45000 2 20 20 6 0 27 25 30 1 4.0
65 55 79 40 34 50 40 1181 1 9 9 9 0 5.0
66 62 67 40 37 24 40 13568 1 26 12 23 0 4.0
67 25 65 40 33 83 40 45000 2 18 13 21 0 30 25 3 1 4.0
68 22 18 40 42 85 40 14731 2 10 7 2 0 60 25 7 0 5.0
69 14 51 40 19 29 40 9102 1 19 11 25 1 5.0
70 25 45 40 24 61 40 3270 2 12 9 14 0 9 6 5 1 4.0
71 58 36 40 11 61 40 932 2 11 6 2 0 13 11 9 0 6.0
72 28 75 40 68 45 40 16998 3 13 13 8 0 15 12 10 0 23 23 12 1 4.0
73 26 62 40 54 42 40 13716 2 9 6 6 0 19 19 21 0 5.0
74 62 55 40 21 22 40 5146 3 11 6 2 0 17 8 6 0 20 16 12 1 5.0
75 68 60 40 12 58 40 435 2 15 7 4 0 10 6 14 0 6.0
