7     75    45000 60    25    30   
0     40    50    0     40    50    1236  0     
1 35 72 40 45 77 40 2535 2 15 13 6 0 10 6 2 1 4.0
2 36 74 40 20 49 40 1921 2 10 10 10 0 9 9 6 1 5.0
3 60 54 40 23 56 40 4119 1 17 17 17 0 6.0
4 64 51 40 14 52 40 45000 3 11 10 16 0 9 6 2 0 16 16 10 0 4.0
5 47 80 40 45 76 40 7877 1 38 25 27 0 6.0
6 61 49 40 56 51 40 6423 2 17 17 6 0 32 20 9 0 6.0
7 41 73 40 59 53 40 7024 3 26 20 6 0 26 21 6 0 20 20 6 1 6.0
8 20 57 40 46 75 40 2244 3 13 8 5 0 9 9 6 0 12 11 30 1 6.0
9 58 52 40 57 50 40 841 1 12 9 3 1 4.0
10 56 55 40 41 75 40 42508 1 24 17 30 1 4.0
11 45 81 40 44 25 40 6096 1 58 25 3 1 5.0
12 22 50 40 37 77 40 3501 3 10 10 1 0 9 6 3 0 12 12 12 1 4.0
13 47 22 40 40 21 40 7115 2 26 17 3 0 12 12 9 1 4.0
14 42 32 40 39 70 40 6718 3 12 8 3 0 11 6 3 0 17 17 23 0 6.0
15 26 44 40 40 31 40 7275 1 26 25 16 0 6.0
16 38 21 40 58 57 40 20350 2 36 25 16 0 9 9 3 1 5.0
17 47 24 40 63 48 40 927 2 13 8 9 0 9 9 9 0 6.0
18 25 48 40 43 27 40 5468 2 12 12 12 0 35 23 5 0 6.0
19 40 26 40 36 27 40 45000 3 29 25 4 0 23 19 4 1 12 12 12 1 4.0
20 21 45 40 35 74 40 13755 3 21 21 24 0 10 7 5 1 21 5 6 1 5.0
21 39 24 40 34 32 40 3671 2 31 7 9 0 10 8 12 0 5.0
22 20 51 40 46 70 40 1401 3 10 7 2 0 13 13 13 0 10 8 7 0 6.0
23 36 30 40 44 19 40 575 2 15 10 15 0 9 8 5 1 6.0
24 46 30 40 45 75 40 2543 3 12 10 7 0 10 10 2 0 23 17 6 1 6.0
25 16 56 40 23 55 40 2966 1 14 9 7 0 4.0
26 25 56 40 37 28 40 6491 2 11 8 11 0 14 13 15 0 5.0
27 60 55 40 60 46 40 4933 2 13 11 10 0 14 13 14 0 5.0
28 42 20 40 42 25 40 45000 3 12 12 12 0 30 25 13 0 11 9 7 1 4.0
29 39 73 40 42 69 40 6305 3 10 6 6 0 17 17 12 0 20 16 12 1 6.0
30 46 78 40 60 49 40 14892 1 60 25 9 0 5.0
31 26 49 40 65 46 40 1742 1 10 8 9 0 4.0
32 40 80 40 64 54 40 15422 2 23 15 13 0 15 15 23 0 5.0
33 37 75 40 64 53 40 2005 2 9 6 6 0 31 25 2 0 5.0
34 67 49 40 23 47 40 2110 1 32 12 4 0 5.0
35 25 49 40 37 76 40 1235 2 8 6 6 0 13 10 7 0 5.0
36 60 50 40 45 20 40 5330 1 30 10 30 0 6.0
37 22 53 40 35 21 40 1003 1 28 9 3 1 5.0
38 20 55 40 63 56 40 548 1 12 9 3 0 5.0
39 41 21 40 36 75 40 1854 3 9 7 7 0 12 9 6 1 12 8 8 1 6.0
40 47 19 40 14 54 40 1340 1 9 9 9 0 4.0
41 34 70 40 39 74 40 340 1 12 9 6 1 6.0
42 39 32 40 24 50 40 6901 2 9 6 1 0 29 23 5 1 4.0
43 44 26 40 60 47 40 15975 2 15 15 6 0 20 20 6 1 4.0
44 58 48 40 45 72 40 8767 3 29 6 6 0 21 21 27 0 21 12 9 1 6.0
45 39 28 40 24 47 40 68 1 11 9 3 1 6.0
46 21 57 40 15 44 40 10374 2 12 12 15 0 11 10 9 1 4.0
47 66 49 40 35 75 40 715 1 9 8 12 0 6.0
48 47 71 40 38 72 40 4704 3 10 9 8 0 15 15 13 0 16 10 3 0 5.0
49 55 55 40 15 52 40 15414 2 17 17 6 0 17 12 17 0 4.0
50 35 25 40 38 74 40 886 2 13 9 2 0 9 9 9 1 6.0
51 40 19 40 57 56 40 397 1 10 9 5 0 6.0
52 34 19 40 54 51 40 12874 2 9 6 8 0 58 6 12 1 4.0
53 41 26 40 45 30 40 12661 3 9 9 9 0 44 25 12 0 16 10 1 0 6.0
54 20 56 40 65 44 40 39729 2 21 16 12 0 35 23 12 0 4.0
55 67 56 40 57 57 40 45000 3 22 22 7 0 24 20 9 0 17 17 17 1 4.0
56 14 49 40 59 49 40 7789 2 27 13 11 0 17 12 10 0 5.0
57 21 50 40 17 55 40 5939 2 43 10 8 0 17 17 3 1 5.0
58 62 45 40 54 57 40 20550 3 12 10 3 0 9 9 9 0 41 20 9 1 4.0
59 67 50 40 36 81 40 5521 3 17 15 9 0 23 23 19 0 9 9 17 0 6.0
60 18 47 40 43 74 40 627 1 13 9 5 0 5.0
61 64 45 40 42 81 40 45000 2 10 8 5 0 24 9 15 0 4.0
62 47 79 40 20 44 40 4338 2 19 15 7 0 15 12 10 1 5.0
63 46 79 40 60 53 40 17390 3 11 10 9 0 29 23 12 0 17 17 17 1 5.0
64 44 72 40 18 50 40 31127 2 15 15 15 0 20 20 6 1 4.0
65 15 51 40 40 22 40 33976 2 27 25 30 0 9 9 9 1 5.0
66 61 51 40 46 19 40 13568 1 26 12 23 0 4.0
67 59 46 40 18 48 40 45000 3 19 13 21 0 30 25 3 0 10 7 2 0 4.0
68 62 57 40 36 70 40 14537 1 60 25 7 0 5.0
69 27 54 40 35 79 40 9466 1 19 11 26 0 5.0
70 39 79 40 46 27 40 3468 2 12 9 15 0 9 6 5 1 4.0
71 46 31 40 19 55 40 87 1 11 6 2 0 6.0
72 14 46 40 60 51 40 7943 3 13 11 9 0 13 13 8 0 15 12 10 0 4.0
73 21 56 40 40 28 40 24730 3 23 23 12 0 9 6 6 0 19 19 21 0 5.0
74 39 29 40 45 21 40 5146 3 11 6 2 0 17 8 6 0 20 16 12 0 5.0
75 39 77 40 14 47 40 456 2 15 7 4 0 10 6 15 0 6.0
