7     75    45000 60    25    30   
0     40    50    0     40    50    1236  0     
1 57 19 40 39 26 40 6341 1 20 9 15 0 4.0
2 58 36 40 48 60 40 420 2 9 7 14 1 9 6 3 1 6.0
3 25 80 40 12 31 40 3758 1 20 20 23 0 6.0
4 13 69 40 61 47 40 24643 3 15 6 2 0 11 11 8 0 23 11 11 1 4.0
5 26 63 40 51 57 40 1128 1 17 17 17 0 6.0
6 13 43 40 55 29 40 3794 2 26 20 10 0 9 7 2 0 6.0
7 70 70 40 14 79 40 45000 3 27 16 3 0 9 7 2 0 33 25 30 1 5.0
8 52 58 40 37 49 40 8469 3 11 11 11 0 11 11 9 0 20 14 4 0 4.0
9 30 64 40 70 15 40 2161 2 12 9 2 1 11 11 9 1 5.0
10 59 34 40 10 30 40 8335 2 11 11 10 0 15 11 7 0 4.0
11 32 73 40 15 45 40 2151 2 15 15 4 0 15 8 5 1 5.0
12 39 52 40 63 84 40 5778 1 26 20 9 1 5.0
13 55 52 40 49 77 40 28825 3 20 19 10 0 17 17 17 0 15 10 7 1 4.0
14 26 36 40 61 84 40 489 2 9 9 6 0 10 7 2 1 6.0
15 69 65 40 54 26 40 6796 3 10 10 6 0 27 21 9 0 11 9 6 1 5.0
16 43 69 40 16 19 40 8694 2 19 7 11 0 17 15 10 1 4.0
17 46 77 40 23 30 40 3252 1 28 25 3 0 5.0
18 58 79 40 43 76 40 1075 3 17 9 6 0 11 9 6 0 9 6 5 1 6.0
19 34 54 40 32 43 40 20031 2 17 17 17 0 27 20 2 0 4.0
20 32 29 40 57 18 40 700 1 13 9 3 0 5.0
21 16 52 40 50 38 40 13359 3 34 17 3 0 24 11 8 0 28 20 11 0 5.0
22 17 17 40 19 30 40 45000 1 48 25 30 1 5.0
23 45 41 40 51 51 40 14764 3 11 11 11 0 13 10 11 0 18 12 12 0 4.0
24 25 35 40 68 85 40 14836 2 39 6 6 0 20 11 30 0 5.0
25 16 23 40 57 15 40 1412 1 9 6 5 1 4.0
26 56 36 40 43 32 40 982 2 11 6 3 0 40 14 9 0 6.0
27 28 16 40 61 62 40 1814 1 20 16 9 1 6.0
28 47 19 40 14 52 40 45000 1 29 15 25 0 4.0
29 11 72 40 57 52 40 8587 3 12 9 3 0 11 7 3 0 31 17 30 0 6.0
30 47 46 40 15 39 40 3954 1 60 23 6 0 6.0
31 13 84 40 10 68 40 35572 3 34 25 6 0 9 7 17 0 32 18 6 1 4.0
32 31 63 40 12 44 40 7193 3 27 11 11 0 23 12 4 0 12 12 12 0 5.0
33 41 75 40 38 83 40 7580 2 28 19 4 0 28 7 9 0 5.0
34 63 56 40 49 50 40 9869 2 11 11 11 0 17 9 9 1 4.0
35 25 52 40 54 76 40 5293 3 27 15 10 0 23 11 14 0 14 14 3 0 6.0
36 67 85 40 47 33 40 2284 2 24 7 8 0 26 19 6 0 6.0
37 51 82 40 33 51 40 166 1 10 6 4 0 6.0
38 67 62 40 15 22 40 2565 2 18 12 12 0 11 11 7 0 6.0
39 63 71 40 44 76 40 9613 2 26 12 22 0 19 6 7 0 5.0
40 62 52 40 59 25 40 6777 2 17 17 6 0 17 17 11 1 5.0
41 61 65 40 42 17 40 23964 3 14 10 1 0 16 16 30 0 23 17 28 0 5.0
42 62 71 40 12 70 40 349 1 28 7 7 1 6.0
43 21 34 40 40 63 40 1067 1 11 9 2 1 4.0
44 42 64 40 46 36 40 9480 3 24 16 12 0 15 9 9 0 21 20 13 1 6.0
45 59 67 40 20 51 40 7656 2 9 7 7 0 22 19 6 1 4.0
46 45 63 40 34 65 40 4351 2 17 6 10 0 11 9 3 0 4.0
47 16 28 40 55 54 40 9170 2 11 11 8 0 23 17 28 1 6.0
48 49 35 40 53 60 40 3151 3 10 10 7 0 14 13 9 0 25 25 10 1 6.0
49 69 81 40 19 79 40 4352 3 9 6 1 0 13 11 8 1 15 15 3 1 4.0
50 55 17 40 60 81 40 9084 3 13 10 8 0 10 7 2 0 23 23 11 0 5.0
51 46 29 40 21 16 40 12570 3 18 18 19 0 26 20 9 0 15 14 12 0 5.0
52 14 26 40 53 49 40 7956 3 16 9 13 0 10 9 5 0 9 9 7 1 4.0
53 51 38 40 27 73 40 9084 1 18 12 21 0 4.0
54 41 17 40 17 27 40 1043 2 9 6 1 0 48 25 6 0 6.0
55 53 24 40 32 15 40 865 1 14 8 4 0 5.0
56 11 41 40 14 21 40 3493 2 14 6 6 0 23 16 11 1 6.0
57 37 26 40 24 56 40 1491 2 17 9 9 0 20 14 6 0 6.0
58 51 70 40 50 54 40 12695 2 18 16 9 0 28 20 6 0 4.0
59 48 83 40 70 43 40 4305 2 17 11 30 0 15 14 6 0 6.0
60 68 36 40 51 34 40 8904 2 11 11 11 0 14 14 14 0 4.0
61 45 54 40 47 22 40 5089 2 11 11 9 0 14 11 5 0 4.0
62 62 72 40 41 81 40 4626 2 17 17 17 0 9 9 6 0 6.0
63 31 71 40 67 81 40 1450 1 12 9 9 1 5.0
64 47 45 40 22 81 40 15655 3 26 20 9 0 11 9 6 1 10 9 7 1 4.0
65 38 37 40 32 30 40 12335 3 9 9 9 0 24 20 4 0 20 20 10 0 5.0
66 19 53 40 56 24 40 2444 1 20 15 8 0 5.0
67 35 28 40 12 52 40 2249 2 14 8 2 0 11 9 3 0 4.0
68 59 80 40 69 67 40 9266 3 39 7 5 0 32 10 10 0 14 12 5 1 5.0
69 35 49 40 40 70 40 4100 2 19 14 14 0 11 10 8 0 5.0
70 48 79 40 39 65 40 33475 1 22 16 17 0 4.0
71 26 46 40 13 73 40 293 1 9 6 5 1 5.0
72 36 82 40 53 50 40 1972 2 18 18 21 0 11 11 16 1 6.0
73 18 77 40 16 30 40 9517 1 19 9 30 1 5.0
74 36 69 40 67 61 40 10979 1 21 20 30 0 6.0
75 48 22 40 43 35 40 7074 2 16 10 6 0 10 9 7 1 4.0
