7     75    45000 60    25    30   
0     40    50    0     40    50    1236  0     
1 21 15 40 43 21 40 38074 5 24 18 5 0 11 6 8 0 28 23 10 0 20 8 28 0 10 9 4 1 4.0
2 43 30 40 58 20 40 10856 1 22 18 14 1 5.0
3 54 80 40 65 53 40 1171 3 8 6 6 0 8 6 4 0 21 18 4 0 6.0
4 26 50 40 55 82 40 8070 2 9 7 5 0 26 21 12 0 5.0
5 14 54 40 50 52 40 2508 5 8 7 11 0 11 8 7 0 30 17 4 0 35 15 10 0 23 18 8 0 6.0
6 31 55 40 66 57 40 11183 5 23 20 5 0 20 6 3 0 33 6 6 0 18 13 5 0 11 8 4 1 5.0
7 43 32 40 10 42 40 31191 4 40 25 2 0 10 7 3 0 13 9 6 1 18 10 16 1 4.0
8 36 72 40 34 84 40 258 1 9 6 5 0 5.0
9 53 78 40 26 18 40 6678 2 53 20 5 0 8 7 5 1 5.0
10 65 45 40 10 81 40 8205 2 16 14 14 0 15 15 5 0 5.0
11 44 30 40 24 78 40 12383 4 13 13 5 0 33 23 10 0 8 6 2 1 10 10 9 1 5.0
12 30 85 40 62 84 40 11976 1 14 14 14 0 4.0
13 26 76 40 64 21 40 6829 2 14 13 5 0 16 6 7 1 4.0
14 42 30 40 25 32 40 45000 4 8 6 7 0 10 8 7 0 10 10 5 0 32 19 30 0 4.0
15 58 42 40 64 54 40 413 3 13 8 4 0 11 9 4 0 8 8 8 1 6.0
16 10 82 40 63 73 40 2564 1 33 24 6 1 6.0
17 69 81 40 49 43 40 24562 4 9 9 9 0 26 14 22 0 10 8 6 0 9 8 5 1 4.0
18 65 75 40 47 64 40 64 1 8 6 4 0 6.0
19 65 35 40 34 66 40 15255 4 15 11 9 0 9 8 5 0 13 10 13 1 10 10 10 1 4.0
20 61 73 40 36 73 40 8646 3 22 13 15 0 10 6 7 0 26 15 13 0 6.0
21 34 56 40 22 22 40 1143 2 17 14 18 0 10 8 8 0 6.0
22 44 36 40 19 39 40 45000 5 23 23 14 0 28 13 13 0 14 8 3 0 24 12 4 0 10 8 5 1 4.0
23 20 71 40 21 76 40 202 1 20 6 6 0 6.0
24 62 21 40 12 69 40 1502 5 16 8 16 0 35 6 6 0 8 6 4 0 8 6 3 0 40 15 4 0 6.0
25 66 72 40 53 38 40 45000 2 22 19 24 0 8 6 6 0 4.0
26 35 30 40 38 57 40 1517 5 8 6 1 0 8 6 8 0 22 15 3 0 9 7 4 0 8 8 8 0 6.0
27 35 71 40 46 47 40 8058 5 31 11 5 0 18 15 10 0 15 9 6 0 12 8 4 1 15 8 4 1 5.0
28 44 16 40 27 80 40 5688 4 8 8 8 0 15 8 6 0 17 11 6 1 19 11 13 1 5.0
29 36 22 40 65 55 40 4411 3 10 8 5 0 10 8 1 0 20 15 8 0 5.0
30 67 41 40 39 67 40 1328 1 17 10 6 0 5.0
31 60 69 40 40 23 40 33630 5 27 17 17 0 18 18 4 0 8 6 4 0 8 8 8 1 8 8 10 1 4.0
32 50 19 40 20 30 40 1904 1 25 17 15 0 6.0
33 31 61 40 18 57 40 25256 5 10 8 7 0 9 7 5 0 11 11 13 0 20 15 13 0 17 17 23 0 5.0
34 41 31 40 29 84 40 1050 2 10 8 5 0 10 8 1 0 4.0
35 69 55 40 60 36 40 13851 5 26 18 26 0 10 8 3 0 9 9 3 0 23 13 7 1 10 7 6 1 6.0
36 16 71 40 40 33 40 4728 1 33 25 12 1 6.0
37 59 83 40 56 29 40 5738 2 11 9 7 1 8 6 3 1 4.0
38 26 28 40 43 49 40 3172 3 32 8 3 0 26 18 9 0 15 11 3 1 6.0
39 51 19 40 66 36 40 37577 4 50 23 10 0 10 8 6 0 9 8 7 1 11 9 13 1 4.0
40 68 61 40 19 54 40 120 1 12 9 2 0 6.0
41 22 56 40 34 41 40 10751 4 9 7 7 0 8 6 5 0 9 8 5 0 15 8 30 1 4.0
42 27 21 40 40 15 40 3275 5 8 6 3 0 10 6 4 0 15 15 5 0 13 8 8 0 13 8 13 1 6.0
43 70 26 40 58 64 40 16303 5 10 10 3 0 10 7 4 0 33 18 3 0 27 25 10 0 12 12 10 1 5.0
44 62 28 40 45 60 40 6457 3 16 16 9 0 11 7 4 0 27 6 4 1 5.0
45 65 48 40 36 41 40 10548 5 21 16 13 0 15 10 2 0 29 25 20 1 14 8 6 1 10 10 5 1 6.0
46 22 38 40 67 54 40 45000 5 17 14 13 0 35 6 6 0 25 20 10 0 33 13 22 1 8 8 5 1 4.0
47 10 50 40 15 29 40 22015 5 53 25 10 0 11 10 5 0 15 8 4 1 23 20 10 1 11 7 5 1 5.0
48 15 37 40 59 43 40 7442 2 25 15 20 0 26 6 7 0 6.0
49 24 39 40 41 36 40 17489 2 18 10 15 0 15 13 25 0 4.0
50 12 31 40 60 51 40 98 1 10 9 7 0 6.0
51 11 60 40 16 84 40 2059 2 14 12 4 0 9 8 11 0 5.0
52 24 74 40 69 27 40 18178 3 23 18 6 0 20 10 25 0 9 7 2 0 4.0
53 56 57 40 26 43 40 4413 2 7 7 8 0 11 8 13 0 4.0
54 54 21 40 38 82 40 6141 5 8 6 6 0 8 8 10 0 11 11 11 1 12 10 7 1 20 15 10 1 5.0
55 23 80 40 36 29 40 6608 3 17 8 8 0 15 10 15 0 8 6 3 0 5.0
56 46 22 40 32 31 40 4071 2 16 9 6 1 17 8 17 1 5.0
57 55 39 40 65 84 40 17076 4 18 10 19 0 8 8 3 0 15 10 10 0 8 8 5 1 4.0
58 45 41 40 51 31 40 32148 2 8 8 18 0 23 23 10 1 4.0
59 59 62 40 51 37 40 2190 4 15 10 8 0 8 6 3 0 10 8 3 0 10 8 8 1 5.0
60 13 16 40 56 81 40 4215 4 18 13 5 0 39 6 27 0 10 6 2 0 12 8 1 1 6.0
61 70 16 40 23 17 40 13484 4 14 13 11 0 15 15 15 0 10 10 8 0 8 6 2 0 5.0
62 48 61 40 36 82 40 24902 2 8 8 6 0 27 19 15 0 4.0
63 60 37 40 56 40 40 544 1 15 10 3 0 5.0
64 55 80 40 36 32 40 45000 5 8 6 3 0 20 8 2 0 18 18 13 0 20 16 5 0 16 16 18 0 4.0
65 55 79 40 34 50 40 1079 3 9 9 3 0 11 11 11 0 10 6 3 1 6.0
66 62 67 40 37 24 40 1163 1 21 13 10 0 6.0
67 25 65 40 33 83 40 6100 3 10 10 10 0 9 9 9 0 34 24 2 1 5.0
68 22 18 40 42 85 40 1625 1 18 15 10 0 6.0
69 14 51 40 19 29 40 2710 1 32 25 7 0 6.0
70 25 45 40 24 61 40 7323 5 8 6 4 0 9 8 5 0 11 11 9 0 10 6 2 1 10 8 5 1 4.0
71 58 36 40 11 61 40 31 1 10 8 1 0 6.0
72 28 75 40 68 45 40 13455 5 13 12 5 0 23 6 6 0 8 6 1 0 25 20 10 0 12 8 4 1 5.0
73 26 62 40 54 42 40 4331 2 14 7 3 0 36 11 2 1 4.0
74 62 55 40 21 22 40 28991 3 10 6 5 0 22 17 12 0 24 20 25 0 5.0
75 68 60 40 12 58 40 817 1 15 10 2 0 4.0
