7     75    45000 60    25    30   
0     40    50    0     40    50    1236  0     
1 21 15 40 43 21 40 10142 3 16 12 10 0 12 9 6 0 22 12 6 0 4.0
2 43 30 40 58 20 40 2176 2 12 7 3 0 12 9 9 0 5.0
3 54 80 40 65 53 40 1488 3 11 11 22 0 10 8 7 0 14 7 2 1 6.0
4 26 50 40 55 82 40 15373 1 21 15 14 0 4.0
5 14 54 40 50 52 40 1431 2 12 12 12 0 42 8 5 0 6.0
6 31 55 40 66 57 40 4560 2 12 12 9 0 21 16 17 0 6.0
7 43 32 40 10 42 40 10087 3 26 9 16 0 16 14 14 0 11 9 7 1 5.0
8 36 72 40 34 84 40 96 1 14 7 1 0 5.0
9 53 78 40 26 18 40 5650 1 22 16 9 1 5.0
10 65 45 40 10 81 40 15945 1 16 12 16 0 4.0
11 44 30 40 24 78 40 28310 2 23 17 30 0 12 11 2 0 4.0
12 30 85 40 62 84 40 1904 1 21 13 21 0 6.0
13 26 76 40 64 21 40 24882 2 25 23 6 0 16 12 3 1 4.0
14 42 30 40 25 32 40 8537 3 24 21 6 0 11 7 2 0 27 17 10 0 5.0
15 58 42 40 64 54 40 9516 3 25 19 25 0 19 12 6 0 12 12 12 0 6.0
16 10 82 40 63 73 40 12828 2 11 7 11 0 16 16 6 0 4.0
17 69 81 40 49 43 40 550 2 14 10 9 0 12 9 11 0 6.0
18 65 75 40 47 64 40 5445 2 24 21 4 1 12 9 6 1 5.0
19 65 35 40 34 66 40 45000 3 26 22 7 0 12 10 7 0 60 9 9 1 4.0
20 61 73 40 36 73 40 2328 1 19 11 8 0 5.0
21 34 56 40 22 22 40 628 1 10 10 10 1 6.0
22 44 36 40 19 39 40 40880 3 40 22 22 0 16 10 22 0 10 7 1 0 5.0
23 20 71 40 21 76 40 3724 2 11 8 7 0 17 15 4 0 4.0
24 62 21 40 12 69 40 5677 3 40 25 4 0 17 12 4 0 19 12 12 1 6.0
25 66 72 40 53 38 40 126 1 10 7 1 0 5.0
26 35 30 40 38 57 40 16880 2 26 25 26 0 28 22 6 1 6.0
27 35 71 40 46 47 40 4989 2 12 11 12 0 60 14 6 0 6.0
28 44 16 40 27 80 40 15476 3 19 12 6 0 26 9 16 0 13 9 9 1 4.0
29 36 22 40 65 55 40 3595 2 17 14 11 0 56 9 5 1 6.0
30 67 41 40 39 67 40 39 1 12 9 1 1 6.0
31 60 69 40 40 23 40 45000 3 17 15 12 0 25 17 1 0 37 9 9 0 4.0
32 50 19 40 20 30 40 3922 2 25 25 25 0 21 9 2 1 6.0
33 31 61 40 18 57 40 1134 1 11 11 17 0 6.0
34 41 31 40 29 84 40 7742 2 15 14 4 0 12 10 7 0 4.0
35 69 55 40 60 36 40 8839 2 10 10 10 0 40 22 22 0 6.0
36 16 71 40 40 33 40 4779 2 14 14 15 0 35 20 7 1 6.0
37 59 83 40 56 29 40 2803 2 11 8 11 0 10 7 4 0 4.0
38 26 28 40 43 49 40 119 1 10 7 2 0 6.0
39 51 19 40 66 36 40 3452 2 20 20 7 0 12 10 1 1 5.0
40 68 61 40 19 54 40 35651 2 17 16 13 1 55 25 9 1 4.0
41 22 56 40 34 41 40 2209 1 22 12 7 0 5.0
42 27 21 40 40 15 40 3296 3 16 16 1 0 24 24 6 0 10 7 2 1 6.0
43 70 26 40 58 64 40 14880 3 11 8 5 0 16 12 3 0 22 11 3 1 4.0
44 62 28 40 45 60 40 8006 2 14 12 12 0 19 19 3 1 4.0
45 65 48 40 36 41 40 2728 3 10 7 2 0 10 9 10 0 17 11 8 0 5.0
46 22 38 40 67 54 40 11419 3 19 12 6 0 17 17 6 0 21 21 5 1 4.0
47 10 50 40 15 29 40 3553 2 10 7 10 0 21 14 7 0 5.0
48 15 37 40 59 43 40 2639 1 21 20 4 0 5.0
49 24 39 40 41 36 40 10099 2 10 7 5 0 14 11 10 1 4.0
50 12 31 40 60 51 40 922 1 12 11 6 1 5.0
51 11 60 40 16 84 40 6161 2 23 16 17 0 10 7 7 1 5.0
52 24 74 40 69 27 40 8871 3 29 22 7 0 45 25 2 0 40 11 8 0 5.0
53 56 57 40 26 43 40 5426 2 15 10 14 0 10 8 7 0 5.0
54 54 21 40 38 82 40 2440 2 19 13 7 0 15 12 14 0 6.0
55 23 80 40 36 29 40 45000 3 11 7 6 0 25 25 24 0 17 11 6 1 4.0
56 46 22 40 32 31 40 4599 1 12 7 17 0 4.0
57 55 39 40 65 84 40 3045 2 10 7 7 0 60 19 9 0 6.0
58 45 41 40 51 31 40 28014 1 25 25 30 1 5.0
59 59 62 40 51 37 40 14001 3 19 19 9 0 10 7 1 1 25 12 19 1 5.0
60 13 16 40 56 81 40 12225 3 20 12 11 0 21 16 8 0 12 12 19 1 5.0
61 70 16 40 23 17 40 26545 3 22 19 12 0 10 10 3 0 12 8 5 0 4.0
62 48 61 40 36 82 40 2089 1 13 11 11 0 5.0
63 60 37 40 56 40 40 20871 1 31 25 19 1 5.0
64 55 80 40 36 32 40 10741 2 16 13 10 0 14 10 4 1 4.0
65 55 79 40 34 50 40 490 1 11 9 8 0 6.0
66 62 67 40 37 24 40 408 1 16 11 1 0 4.0
67 25 65 40 33 83 40 3944 2 19 13 9 0 23 19 2 1 5.0
68 22 18 40 42 85 40 706 2 10 7 10 0 25 25 2 0 6.0
69 14 51 40 19 29 40 363 1 12 10 2 1 5.0
70 25 45 40 24 61 40 15583 2 16 10 18 0 12 11 9 1 4.0
71 58 36 40 11 61 40 4944 2 22 21 20 0 22 19 19 0 6.0
72 28 75 40 68 45 40 7366 3 21 16 17 0 37 7 10 0 33 11 30 1 6.0
73 26 62 40 54 42 40 11968 2 12 11 17 0 13 8 7 0 4.0
74 62 55 40 21 22 40 2594 3 22 16 4 0 37 14 8 0 10 7 1 1 6.0
75 68 60 40 12 58 40 13201 2 25 13 13 0 12 12 12 0 4.0
