7     75    45000 60    25    30   
0     40    50    0     40    50    1236  0     
1 15 50 40 66 70 40 6664 2 16 13 10 0 12 9 6 1 4.0
2 12 52 40 69 82 40 3605 2 22 13 6 0 13 8 3 1 5.0
3 71 50 40 11 25 40 423 1 12 9 9 0 6.0
4 9 59 40 16 69 40 12193 3 11 11 22 0 10 8 8 0 14 7 2 0 4.0
5 23 55 40 9 76 40 1851 1 21 15 14 0 6.0
6 36 27 40 57 80 40 2549 2 13 13 13 0 43 8 5 0 6.0
7 9 43 40 9 20 40 14621 3 13 13 9 0 21 16 17 0 26 9 16 1 5.0
8 61 54 40 60 19 40 3936 3 16 14 14 0 11 9 8 0 14 7 1 1 5.0
9 42 74 40 62 80 40 5650 1 22 16 9 1 5.0
10 21 43 40 69 34 40 15945 1 16 12 16 1 4.0
11 10 55 40 65 83 40 29316 1 23 18 30 1 4.0
12 32 22 40 58 26 40 3145 3 13 11 2 0 21 13 21 0 25 23 6 1 6.0
13 48 26 40 13 73 40 22546 2 16 13 3 0 24 21 6 1 4.0
14 64 50 40 21 80 40 18385 3 11 8 3 0 27 17 10 0 25 19 25 0 5.0
15 40 26 40 64 80 40 942 1 19 13 6 0 6.0
16 15 58 40 71 21 40 17037 2 13 13 13 0 11 8 11 1 4.0
17 40 35 40 9 70 40 628 2 16 16 6 0 14 10 9 0 6.0
18 36 83 40 14 30 40 6549 2 12 9 11 0 24 21 4 0 5.0
19 64 44 40 64 24 40 45000 3 13 9 6 0 26 23 7 1 13 10 8 1 4.0
20 47 20 40 12 22 40 10487 3 60 9 9 0 19 11 8 1 10 10 10 1 5.0
21 21 44 40 60 67 40 14371 2 40 22 22 0 16 10 22 0 6.0
22 21 55 40 60 31 40 3302 3 10 7 1 0 11 8 8 0 18 15 4 0 5.0
23 49 24 40 24 26 40 11464 2 41 25 4 0 18 13 4 1 4.0
24 23 42 40 21 74 40 15170 3 19 13 13 0 10 7 1 0 26 25 26 1 6.0
25 48 23 40 60 26 40 6659 1 28 22 6 0 5.0
26 42 70 40 10 19 40 5429 2 12 11 12 0 60 14 6 0 6.0
27 68 56 40 64 71 40 3936 2 19 13 6 0 26 9 16 0 6.0
28 63 47 40 62 70 40 15928 3 13 9 9 0 18 14 11 0 56 9 5 1 4.0
29 47 80 40 67 72 40 2716 3 13 9 1 0 17 15 13 0 25 18 1 1 6.0
30 12 46 40 56 72 40 1115 1 38 9 9 0 6.0
31 45 33 40 64 26 40 45000 1 26 25 25 0 4.0
32 40 20 40 22 25 40 643 2 21 9 3 0 11 11 17 0 6.0
33 25 59 40 68 76 40 965 2 15 14 4 0 13 10 7 0 6.0
34 8 48 40 20 83 40 4608 1 10 10 10 0 4.0
35 44 74 40 63 34 40 9891 2 41 22 22 0 14 14 15 0 6.0
36 25 52 40 10 67 40 2987 1 35 20 7 0 6.0
37 23 46 40 56 67 40 2174 1 11 8 11 1 4.0
38 62 47 40 20 21 40 272 1 10 8 4 0 6.0
39 49 32 40 69 66 40 3629 3 10 7 2 0 20 20 7 1 13 10 1 1 5.0
40 57 52 40 13 32 40 7923 1 17 16 13 0 4.0
41 61 49 40 17 73 40 15064 1 56 25 9 1 5.0
42 63 43 40 56 23 40 2177 2 22 13 8 0 16 16 1 1 6.0
43 36 25 40 25 72 40 30717 2 24 24 6 0 10 7 2 1 4.0
44 64 48 40 58 24 40 4710 3 11 8 5 0 16 13 3 0 23 11 3 1 4.0
45 14 54 40 12 66 40 2168 1 14 12 12 1 5.0
46 57 59 40 17 29 40 2675 2 19 19 3 0 10 8 2 1 4.0
47 39 83 40 13 23 40 1159 1 10 9 10 0 5.0
48 33 21 40 65 25 40 7561 3 17 11 8 0 19 13 6 0 18 17 6 0 5.0
49 35 83 40 67 18 40 16057 2 21 21 5 0 10 8 10 0 4.0
50 9 57 40 16 19 40 4694 2 21 14 8 0 21 20 4 1 5.0
51 32 80 40 17 21 40 320 1 10 7 5 0 5.0
52 47 82 40 16 72 40 2078 2 14 11 10 0 13 11 6 1 5.0
53 41 79 40 11 21 40 23622 3 23 16 18 0 10 7 7 0 29 22 7 0 5.0
54 10 54 40 10 78 40 3960 2 45 25 3 0 40 11 8 0 6.0
55 39 31 40 66 81 40 13518 3 15 10 14 0 10 8 8 0 19 13 7 1 4.0
56 66 53 40 65 24 40 10492 2 15 13 14 0 11 8 6 0 4.0
57 71 54 40 24 34 40 4586 2 25 25 24 0 18 11 6 1 6.0
58 46 66 40 67 21 40 18478 3 13 7 17 0 10 7 8 0 60 19 9 1 5.0
59 71 48 40 25 83 40 34259 3 25 25 30 0 19 19 9 0 10 7 1 0 5.0
60 38 25 40 62 18 40 9361 1 25 13 19 0 5.0
61 33 24 40 64 70 40 25410 2 20 13 11 0 21 16 8 0 4.0
62 39 73 40 24 82 40 11481 2 13 13 19 0 22 19 13 1 5.0
63 38 33 40 23 68 40 3335 3 10 10 3 0 12 8 5 0 13 11 11 1 5.0
64 48 67 40 72 68 40 45000 2 31 25 19 0 16 13 10 1 4.0
65 39 66 40 13 67 40 837 2 14 10 4 0 11 9 8 1 6.0
66 35 68 40 68 74 40 408 1 16 11 1 0 4.0
67 32 70 40 9 78 40 5519 3 19 13 9 0 23 19 3 0 10 8 10 0 5.0
68 69 50 40 66 28 40 453 1 25 25 2 0 6.0
69 61 52 40 25 33 40 590 1 13 10 3 0 5.0
70 59 47 40 67 77 40 15583 2 16 10 18 0 12 11 9 1 4.0
71 38 67 40 22 68 40 2659 1 22 21 20 0 6.0
72 60 55 40 68 22 40 6400 3 23 19 19 0 21 16 17 0 38 7 10 0 6.0
73 40 76 40 19 18 40 45000 3 33 11 30 0 12 11 18 0 13 8 7 0 4.0
74 38 20 40 14 26 40 2675 3 23 16 4 0 38 14 8 0 10 7 1 0 6.0
75 37 83 40 24 25 40 14616 2 26 13 13 0 13 13 13 0 4.0
