7     75    45000 60    25    30   
0     40    50    0     40    50    1236  0     
1 21 15 40 43 21 40 45000 5 10 10 10 0 23 18 8 0 44 6 26 0 16 9 9 0 12 7 3 1 4.0
2 43 30 40 58 20 40 38 1 11 6 1 1 6.0
3 54 80 40 65 53 40 812 3 8 5 5 0 10 10 8 0 16 11 6 0 6.0
4 26 50 40 55 82 40 7545 2 8 5 5 0 18 13 14 0 4.0
5 14 54 40 50 52 40 5777 5 9 5 3 0 8 7 3 0 10 10 10 0 18 18 18 0 18 7 2 0 6.0
6 31 55 40 66 57 40 22390 5 10 10 14 0 11 10 6 0 8 5 1 0 10 8 6 0 15 15 15 1 4.0
7 43 32 40 10 42 40 17704 4 8 7 5 0 10 10 12 0 12 10 10 1 52 25 1 1 4.0
8 36 72 40 34 84 40 981 1 15 15 15 0 6.0
9 53 78 40 26 18 40 6808 2 46 12 6 0 11 8 1 1 5.0
10 65 45 40 10 81 40 3532 2 14 12 9 0 8 8 2 0 4.0
11 44 30 40 24 78 40 4053 4 9 5 4 0 34 5 5 0 34 17 4 1 11 5 2 1 5.0
12 30 85 40 62 84 40 324 1 10 9 3 0 5.0
13 26 76 40 64 21 40 37793 2 13 7 5 0 31 25 20 1 4.0
14 42 30 40 25 32 40 1064 4 9 5 9 0 12 4 13 0 25 5 5 0 8 8 2 0 6.0
15 58 42 40 64 54 40 17592 3 10 8 3 0 12 12 10 0 22 22 22 1 5.0
16 10 82 40 63 73 40 291 1 9 6 3 1 5.0
17 69 81 40 49 43 40 3122 4 27 20 5 0 8 8 8 0 12 7 7 0 27 23 9 1 6.0
18 65 75 40 47 64 40 4141 1 18 14 27 0 6.0
19 65 35 40 34 66 40 13865 4 9 8 9 0 10 7 4 0 30 14 21 1 8 5 1 1 5.0
20 61 73 40 36 73 40 20925 3 19 7 11 0 28 17 10 0 30 20 20 0 5.0
21 34 56 40 22 22 40 30973 2 28 25 8 0 30 25 4 0 4.0
22 44 36 40 19 39 40 43954 5 25 18 17 0 30 9 10 0 17 12 11 0 8 5 5 0 10 8 10 1 4.0
23 20 71 40 21 76 40 387 1 24 10 2 0 6.0
24 62 21 40 12 69 40 11295 5 18 15 15 0 30 14 10 0 10 8 2 0 8 6 2 0 32 22 18 0 6.0
25 66 72 40 53 38 40 3782 2 12 10 8 0 8 5 3 0 4.0
26 35 30 40 38 57 40 10112 5 10 10 10 0 10 9 6 0 46 20 5 0 10 8 15 0 18 18 5 0 5.0
27 35 71 40 46 47 40 12884 5 29 21 11 0 11 7 7 0 22 7 5 0 16 11 1 1 8 8 13 1 5.0
28 44 16 40 27 80 40 3660 4 18 10 15 0 8 8 8 0 10 10 5 1 9 7 7 1 6.0
29 36 22 40 65 55 40 4329 3 30 7 7 0 10 10 10 0 9 6 8 0 5.0
30 67 41 40 39 67 40 1289 1 16 12 2 0 4.0
31 60 69 40 40 23 40 36888 5 14 11 6 0 17 10 30 0 26 6 6 0 8 8 5 1 26 25 3 1 4.0
32 50 19 40 20 30 40 3314 1 25 9 10 0 5.0
33 31 61 40 18 57 40 1811 5 10 5 2 0 17 17 6 0 17 6 1 0 34 6 4 0 20 15 2 0 6.0
34 41 31 40 29 84 40 4311 2 12 12 8 0 8 8 5 0 4.0
35 69 55 40 60 36 40 5155 5 17 11 11 0 10 8 4 0 10 5 2 0 15 11 6 1 8 8 6 1 5.0
36 16 71 40 40 33 40 221 1 12 9 1 1 5.0
37 59 83 40 56 29 40 29947 2 15 11 25 1 8 5 2 1 4.0
38 26 28 40 43 49 40 1229 3 10 10 7 0 17 17 2 0 8 7 6 1 6.0
39 51 19 40 66 36 40 20280 4 18 10 12 0 10 10 5 0 8 5 3 1 21 16 14 1 4.0
40 68 61 40 19 54 40 4977 1 8 8 13 0 4.0
41 22 56 40 34 41 40 5002 4 9 7 6 0 10 10 13 0 17 12 11 0 20 20 16 1 6.0
42 27 21 40 40 15 40 3276 5 10 8 5 0 21 7 12 0 9 9 1 0 25 6 6 0 20 15 10 1 6.0
43 70 26 40 58 64 40 20536 5 27 8 25 0 16 12 6 0 9 6 1 0 9 5 2 0 18 12 27 1 5.0
44 62 28 40 45 60 40 30017 3 32 25 30 0 8 6 3 0 13 8 6 1 5.0
45 65 48 40 36 41 40 15237 5 8 6 4 0 9 9 9 0 8 6 8 1 10 8 7 1 28 24 19 1 6.0
46 22 38 40 67 54 40 14014 5 8 5 5 0 21 16 5 0 13 7 4 0 9 5 2 1 10 10 17 1 4.0
47 10 50 40 15 29 40 45000 5 15 15 17 0 9 5 1 0 8 6 6 1 22 13 4 1 10 10 10 1 4.0
48 15 37 40 59 43 40 2069 2 25 8 7 0 11 8 14 0 6.0
49 24 39 40 41 36 40 5388 2 14 11 11 0 15 13 6 0 5.0
50 12 31 40 60 51 40 958 1 13 13 5 0 5.0
51 11 60 40 16 84 40 2379 2 20 12 11 0 10 10 1 0 6.0
52 24 74 40 69 27 40 10314 3 20 17 4 0 16 11 6 0 10 7 1 0 4.0
53 56 57 40 26 43 40 2069 2 19 7 11 0 8 5 3 0 5.0
54 54 21 40 38 82 40 2599 5 8 8 6 0 20 12 30 0 13 12 11 1 7 6 6 1 10 10 7 1 6.0
55 23 80 40 36 29 40 6972 3 10 10 10 0 10 9 5 0 8 6 2 0 4.0
56 46 22 40 32 31 40 4952 2 12 7 29 1 10 10 10 1 5.0
57 55 39 40 65 84 40 5092 4 48 20 7 0 15 6 13 0 21 13 7 0 16 6 23 1 6.0
58 45 41 40 51 31 40 16365 2 12 12 9 0 15 15 6 1 4.0
59 59 62 40 51 37 40 19436 4 11 8 3 0 20 17 17 0 14 14 5 0 8 8 5 1 4.0
60 13 16 40 56 81 40 4461 4 10 10 1 0 8 6 3 0 19 19 30 0 21 17 6 1 6.0
61 70 16 40 23 17 40 20048 4 9 6 6 0 15 5 11 0 15 10 4 0 11 11 7 0 4.0
62 48 61 40 36 82 40 14158 2 25 15 12 0 8 8 8 0 4.0
63 60 37 40 56 40 40 673 1 8 8 10 0 5.0
64 55 80 40 36 32 40 10538 5 14 11 6 0 22 22 17 0 8 6 4 0 8 6 2 0 18 10 5 0 6.0
65 55 79 40 34 50 40 5933 3 28 23 4 0 10 8 5 0 12 8 3 1 5.0
66 62 67 40 37 24 40 1677 1 20 8 13 0 6.0
67 25 65 40 33 83 40 15569 3 23 16 5 0 22 17 22 0 9 6 9 1 5.0
68 22 18 40 42 85 40 2931 1 11 11 9 0 4.0
69 14 51 40 19 29 40 15 1 8 5 1 0 6.0
70 25 45 40 24 61 40 16023 5 18 15 9 0 22 22 10 0 15 10 14 0 22 17 12 1 13 12 9 1 5.0
71 58 36 40 11 61 40 491 1 12 9 4 0 5.0
72 28 75 40 68 45 40 38687 5 11 9 7 0 15 15 18 0 10 10 10 0 22 17 7 0 12 8 2 1 4.0
73 26 62 40 54 42 40 2772 2 9 6 5 0 17 12 7 1 5.0
74 62 55 40 21 22 40 595 3 10 8 15 0 8 8 10 0 25 10 4 0 6.0
75 68 60 40 12 58 40 5016 1 39 6 26 0 6.0
