7     75    45000 60    25    30   
0     40    50    0     40    50    1236  0     
1 72 56 40 18 19 40 8723 1 11 11 11 0 4.0
2 39 28 40 63 69 40 8854 2 26 20 9 1 50 7 30 1 6.0
3 48 71 40 56 69 40 711 1 18 10 10 0 6.0
4 34 30 40 9 75 40 2071 3 14 8 4 0 13 7 2 0 9 6 6 1 4.0
5 37 21 40 24 71 40 929 1 12 11 9 0 6.0
6 65 55 40 66 25 40 7219 2 19 12 7 0 9 6 6 0 4.0
7 41 83 40 9 66 40 24181 3 21 15 16 0 10 6 3 0 9 8 3 1 4.0
8 42 20 40 70 21 40 2852 3 11 11 11 0 20 20 20 0 20 8 3 0 6.0
9 37 27 40 24 30 40 6632 2 12 12 16 1 12 12 7 1 5.0
10 35 34 40 62 68 40 1609 2 9 6 1 0 11 9 7 0 4.0
11 35 71 40 67 26 40 6332 2 17 17 17 0 10 8 6 1 5.0
12 64 55 40 69 25 40 2418 1 12 12 14 1 5.0
13 46 27 40 61 26 40 22638 3 14 11 11 0 59 25 2 0 17 17 17 1 4.0
14 12 48 40 66 33 40 3113 2 52 14 7 0 13 9 1 1 6.0
15 44 34 40 62 31 40 4291 3 16 14 11 0 9 9 3 0 10 6 5 1 5.0
16 62 56 40 72 71 40 9350 2 39 6 6 0 38 20 5 1 5.0
17 40 76 40 22 73 40 72 1 12 6 3 0 6.0
18 40 78 40 19 26 40 12886 3 11 10 3 0 15 8 6 0 35 25 23 1 6.0
19 72 53 40 12 80 40 2422 2 11 6 10 0 14 5 15 0 5.0
20 40 81 40 8 26 40 1157 1 28 6 6 0 5.0
21 14 47 40 25 67 40 10196 3 9 9 3 0 12 9 4 0 14 14 11 0 4.0
22 40 28 40 57 72 40 45000 1 25 25 25 1 4.0
23 15 57 40 8 21 40 4259 3 10 7 4 0 31 23 6 0 9 9 9 0 6.0
24 32 27 40 12 22 40 5025 2 14 8 8 0 31 25 11 0 6.0
25 73 57 40 56 23 40 35299 1 21 16 30 1 4.0
26 32 81 40 25 29 40 1907 2 11 10 11 0 12 8 5 0 5.0
27 32 76 40 11 67 40 18658 1 34 16 24 1 5.0
28 16 43 40 21 22 40 48 1 9 6 1 0 6.0
29 19 42 40 72 35 40 39815 3 21 8 12 0 32 19 11 0 34 23 23 0 5.0
30 40 74 40 66 78 40 26845 1 32 25 10 0 4.0
31 37 75 40 68 68 40 45000 3 34 25 5 0 28 20 19 0 34 11 12 1 4.0
32 13 52 40 21 72 40 7480 3 19 14 13 0 9 6 6 0 12 9 12 0 5.0
33 60 54 40 66 73 40 3604 2 27 11 3 0 20 17 17 0 6.0
34 59 52 40 59 23 40 18395 2 34 16 11 0 11 9 3 1 4.0
35 18 46 40 60 80 40 26994 3 9 7 2 0 37 25 20 0 14 11 10 0 5.0
36 61 57 40 10 32 40 3052 2 9 6 3 0 11 11 11 0 5.0
37 61 44 40 16 19 40 5484 1 11 10 7 0 4.0
38 19 59 40 11 70 40 6744 2 52 23 6 0 11 9 17 0 6.0
39 36 80 40 71 72 40 32924 2 21 21 6 0 33 24 12 0 4.0
40 61 53 40 62 72 40 12156 2 13 8 8 0 25 8 6 1 4.0
41 63 57 40 73 19 40 2749 3 19 13 1 0 10 10 15 0 21 11 17 0 6.0
42 46 28 40 65 83 40 533 1 10 10 10 1 6.0
43 43 79 40 19 78 40 1190 1 11 11 6 1 5.0
44 49 25 40 16 71 40 5103 3 11 8 8 0 34 8 8 0 11 11 11 1 5.0
45 12 44 40 12 29 40 1210 2 10 7 9 0 19 14 2 1 6.0
46 19 49 40 72 70 40 27987 2 16 13 7 0 20 11 30 0 4.0
47 43 74 40 66 19 40 14758 2 29 7 7 0 9 9 6 1 4.0
48 38 34 40 8 28 40 4530 3 29 25 3 0 28 11 11 0 11 6 3 1 6.0
49 42 69 40 12 26 40 8296 3 20 20 7 0 20 7 2 1 38 7 5 1 5.0
50 35 30 40 56 79 40 3879 3 23 17 3 0 14 14 9 0 9 9 6 0 5.0
51 57 46 40 58 82 40 3068 3 19 12 12 0 12 10 5 0 11 6 3 0 6.0
52 47 77 40 12 19 40 9700 3 17 12 7 0 10 9 7 0 14 10 2 1 4.0
53 73 43 40 68 67 40 7467 1 17 12 28 0 5.0
54 45 67 40 16 69 40 309 2 9 6 3 0 12 11 8 0 6.0
55 14 56 40 69 23 40 4884 1 19 19 3 0 4.0
56 17 59 40 69 73 40 5246 2 10 8 7 0 20 11 14 1 5.0
57 48 32 40 64 27 40 399 2 11 11 6 0 9 6 4 0 6.0
58 35 26 40 15 77 40 45000 2 24 19 16 0 10 10 15 0 4.0
59 66 50 40 62 19 40 6286 2 10 8 7 0 11 11 15 0 4.0
60 16 50 40 71 81 40 4292 2 19 14 12 0 23 23 18 0 6.0
61 10 51 40 23 69 40 25346 2 11 9 6 0 24 8 14 0 4.0
62 16 51 40 22 30 40 4217 2 11 11 1 0 28 7 7 0 4.0
63 14 55 40 15 69 40 4524 1 23 17 11 1 5.0
64 35 31 40 19 33 40 10002 3 31 9 28 0 19 14 7 1 10 7 2 1 6.0
65 58 49 40 67 21 40 45000 3 10 6 3 0 19 13 28 0 33 25 30 0 5.0
66 23 57 40 21 26 40 226 1 10 7 4 0 6.0
67 68 46 40 13 79 40 2065 2 15 10 7 0 10 7 5 0 5.0
68 45 73 40 24 26 40 6518 3 10 10 10 0 9 7 10 0 11 9 8 1 4.0
69 40 72 40 22 77 40 6500 2 32 25 21 0 9 6 6 0 6.0
70 68 45 40 65 22 40 2872 1 24 19 6 0 5.0
71 24 56 40 25 76 40 682 1 15 8 5 1 5.0
72 38 33 40 22 25 40 11543 2 11 6 2 0 11 11 20 1 4.0
73 71 42 40 71 76 40 9436 1 17 17 20 1 5.0
74 39 71 40 56 34 40 28 1 11 6 2 0 6.0
75 13 50 40 10 73 40 1950 2 10 7 7 0 25 15 5 1 6.0
