7     75    45000 60    25    30   
0     40    50    0     40    50    1236  0     
1 35 72 40 45 77 40 7480 4 14 11 9 0 10 8 5 0 19 11 5 1 11 7 3 1 4.0
2 36 74 40 20 49 40 11284 5 10 8 8 0 10 10 19 0 9 7 7 0 13 6 2 1 19 13 13 1 5.0
3 60 54 40 23 56 40 579 1 11 11 11 0 6.0
4 64 51 40 14 52 40 20162 3 37 7 4 0 11 11 8 0 18 14 15 1 4.0
5 47 80 40 45 76 40 2075 2 23 8 14 0 14 13 13 0 6.0
6 61 49 40 56 51 40 3075 4 10 8 7 0 13 6 1 0 19 14 8 0 14 10 14 0 6.0
7 41 73 40 59 53 40 17570 3 20 15 30 0 11 10 2 0 19 11 19 0 5.0
8 20 57 40 46 75 40 4451 3 22 20 5 0 14 11 3 0 21 18 5 0 5.0
9 58 52 40 57 50 40 225 1 9 7 2 0 5.0
10 56 55 40 41 75 40 45000 5 23 15 9 0 22 16 22 0 16 11 5 0 11 11 11 0 10 7 10 0 4.0
11 45 81 40 44 25 40 4522 2 14 14 5 0 13 9 8 0 4.0
12 22 50 40 37 77 40 2035 5 10 8 9 0 21 18 4 0 11 8 5 1 23 20 6 1 11 9 7 1 6.0
13 47 22 40 40 21 40 45000 4 55 8 8 0 17 9 7 0 9 9 9 0 35 19 19 1 4.0
14 42 32 40 39 70 40 6971 5 14 9 19 0 9 6 1 0 10 7 7 0 15 13 4 0 35 25 3 1 5.0
15 26 44 40 40 31 40 420 1 15 11 4 1 6.0
16 38 21 40 58 57 40 45000 4 16 11 11 0 9 6 1 0 23 23 23 0 25 19 5 0 4.0
17 47 24 40 63 48 40 956 2 10 9 10 0 56 12 5 0 6.0
18 25 48 40 43 27 40 12090 4 16 11 5 0 23 8 14 0 11 8 8 0 15 13 9 1 5.0
19 40 26 40 36 27 40 45000 5 49 8 4 0 11 8 1 0 15 13 11 0 22 15 1 0 33 8 8 0 4.0
20 21 45 40 35 74 40 17128 3 22 22 22 0 19 8 2 1 10 9 15 1 5.0
21 39 24 40 34 32 40 318 1 13 13 3 0 6.0
22 20 51 40 46 70 40 28476 4 11 9 6 0 9 9 9 0 35 19 19 0 13 12 13 1 5.0
23 36 30 40 44 19 40 8489 2 31 17 6 0 9 7 9 1 4.0
24 46 30 40 45 75 40 3385 5 9 7 4 0 9 6 2 0 17 17 6 0 11 9 1 1 15 14 11 1 6.0
25 16 56 40 23 55 40 18526 3 49 22 8 0 19 11 7 0 14 14 1 1 5.0
26 25 56 40 37 28 40 2125 3 21 21 5 0 9 6 2 0 10 7 4 1 6.0
27 60 55 40 60 46 40 348 1 14 11 3 0 6.0
28 42 20 40 42 25 40 6612 4 20 9 3 0 12 10 10 0 16 16 3 0 9 7 2 1 4.0
29 39 73 40 42 69 40 3527 5 9 8 9 0 15 9 7 0 16 11 5 1 15 15 5 1 19 19 4 1 6.0
30 46 78 40 60 49 40 205 1 9 7 9 0 6.0
31 26 49 40 65 46 40 45000 4 18 12 7 0 19 17 4 0 9 6 4 0 12 10 9 0 4.0
32 40 80 40 64 54 40 1970 4 11 10 5 0 20 14 15 0 9 6 6 0 26 19 6 0 6.0
33 37 75 40 64 53 40 1032 1 39 24 2 0 6.0
34 67 49 40 23 47 40 17761 2 35 10 7 0 13 9 12 0 4.0
35 25 49 40 37 76 40 1457 3 9 7 7 0 16 11 6 0 13 11 13 0 6.0
36 60 50 40 45 20 40 7700 5 10 7 5 0 22 22 21 0 15 10 5 1 11 6 15 1 9 6 7 1 6.0
37 22 53 40 35 21 40 45000 4 55 16 8 0 22 22 26 0 16 16 8 1 9 6 1 1 4.0
38 20 55 40 63 56 40 3287 1 22 11 16 1 6.0
39 41 21 40 36 75 40 10719 5 17 11 9 0 19 14 7 0 11 11 16 0 19 16 11 0 9 9 3 1 5.0
40 47 19 40 14 54 40 28073 5 10 7 4 0 11 9 9 0 27 22 16 0 14 11 9 0 13 9 4 1 4.0
41 34 70 40 39 74 40 3250 4 9 8 7 0 14 9 1 0 16 11 8 0 20 17 2 1 5.0
42 39 32 40 24 50 40 3208 4 9 7 9 0 22 22 2 0 11 9 2 1 14 9 16 1 6.0
43 44 26 40 60 47 40 45000 3 10 9 8 0 19 18 17 0 20 17 17 0 4.0
44 58 48 40 45 72 40 40335 4 18 14 15 0 33 6 9 0 29 10 30 0 10 9 15 1 4.0
45 39 28 40 24 47 40 1400 2 11 7 6 0 20 14 3 0 5.0
46 21 57 40 15 44 40 6461 1 33 13 7 1 4.0
47 66 49 40 35 75 40 70 1 9 6 1 0 5.0
48 47 71 40 38 72 40 10801 4 22 11 11 0 11 11 11 0 13 9 5 0 19 11 11 1 5.0
49 55 55 40 15 52 40 15870 1 18 15 11 1 4.0
50 35 25 40 38 74 40 8828 5 14 14 8 0 16 11 11 0 14 11 17 1 11 8 7 1 13 13 5 1 5.0
51 40 19 40 57 56 40 2984 1 33 11 9 0 5.0
52 34 19 40 54 51 40 7800 1 50 18 10 0 5.0
53 41 26 40 45 30 40 11223 3 20 20 11 0 11 8 4 0 15 10 5 1 5.0
54 20 56 40 65 44 40 299 2 13 6 3 0 13 11 2 1 6.0
55 67 56 40 57 57 40 7843 4 13 10 9 0 11 7 7 0 9 6 6 0 10 8 7 0 4.0
56 14 49 40 59 49 40 10402 2 27 18 5 0 16 10 5 0 4.0
57 21 50 40 17 55 40 227 1 10 10 8 0 6.0
58 62 45 40 54 57 40 17568 3 22 20 23 0 14 9 3 0 15 6 14 1 5.0
59 67 50 40 36 81 40 15215 4 39 25 9 0 9 7 7 1 10 6 3 1 9 9 5 1 5.0
60 18 47 40 43 74 40 11009 5 10 8 5 0 16 11 7 0 31 8 8 0 22 19 7 1 10 9 8 1 5.0
61 64 45 40 42 81 40 3435 2 14 9 5 0 10 6 2 1 4.0
62 47 79 40 20 44 40 449 1 13 13 2 1 5.0
63 46 79 40 60 53 40 16724 5 25 19 8 0 22 19 8 0 14 10 3 0 33 22 4 1 11 11 11 1 5.0
64 44 72 40 18 50 40 22592 5 17 11 9 0 10 7 4 0 11 11 11 0 21 21 5 0 9 6 1 1 4.0
65 15 51 40 40 22 40 8792 2 14 14 7 0 27 25 19 0 6.0
66 61 51 40 46 19 40 24723 2 19 8 19 0 27 18 16 1 4.0
67 59 46 40 18 48 40 3468 3 21 9 7 0 22 16 2 0 29 6 4 0 5.0
68 62 57 40 36 70 40 2618 4 16 9 16 0 16 7 3 0 9 6 5 0 12 12 30 0 6.0
69 27 54 40 35 79 40 2014 1 11 11 11 0 5.0
70 39 79 40 46 27 40 39096 1 27 14 27 0 4.0
71 46 31 40 19 55 40 929 2 26 14 8 0 9 7 5 0 6.0
72 14 46 40 60 51 40 2031 4 13 8 7 0 12 12 7 0 17 13 15 0 10 8 3 0 6.0
73 21 56 40 40 28 40 15423 4 10 7 10 0 22 17 5 0 12 8 9 0 11 9 4 0 4.0
74 39 29 40 45 21 40 4237 4 20 14 14 0 16 11 16 0 22 21 4 0 10 10 6 0 6.0
75 39 77 40 14 47 40 7795 1 37 19 5 0 4.0
