7     75    45000 60    25    30   
0     40    50    0     40    50    1236  0     
1 35 72 40 45 77 40 10892 2 27 20 6 0 12 7 9 1 4.0
2 36 74 40 20 49 40 27503 2 31 25 11 0 23 8 30 1 5.0
3 60 54 40 23 56 40 259 1 11 10 4 0 6.0
4 64 51 40 14 52 40 9512 3 25 20 15 0 9 7 6 0 9 6 4 0 5.0
5 47 80 40 45 76 40 488 1 23 20 5 0 6.0
6 61 49 40 56 51 40 19572 2 10 7 5 0 29 24 13 0 5.0
7 41 73 40 59 53 40 25149 3 8 7 12 0 12 8 8 0 34 19 5 1 4.0
8 20 57 40 46 75 40 14076 3 39 17 11 0 25 20 8 0 25 23 6 1 5.0
9 58 52 40 57 50 40 495 1 23 6 3 1 5.0
10 56 55 40 41 75 40 2565 1 37 6 6 1 5.0
11 45 81 40 44 25 40 2206 1 20 14 6 1 5.0
12 22 50 40 37 77 40 13185 3 12 9 5 0 45 25 2 0 11 7 3 1 4.0
13 47 22 40 40 21 40 19769 2 14 10 6 0 20 11 17 1 4.0
14 42 32 40 39 70 40 45000 3 10 6 6 0 59 23 6 0 9 7 5 0 4.0
15 26 44 40 40 31 40 1357 1 17 16 16 0 6.0
16 38 21 40 58 57 40 1664 2 17 17 6 0 15 15 6 1 6.0
17 47 24 40 63 48 40 26372 2 37 25 11 0 9 6 2 0 4.0
18 25 48 40 43 27 40 1526 2 11 11 10 0 15 15 15 0 6.0
19 40 26 40 36 27 40 7865 3 16 14 5 0 17 6 7 1 9 7 8 1 4.0
20 21 45 40 35 74 40 21392 3 11 9 8 0 11 11 6 1 36 21 30 1 6.0
21 39 24 40 34 32 40 256 2 14 9 4 0 12 10 5 0 6.0
22 20 51 40 46 70 40 42585 3 9 9 9 0 37 25 6 0 10 10 10 0 4.0
23 36 30 40 44 19 40 3221 2 29 15 25 0 11 9 6 1 6.0
24 46 30 40 45 75 40 680 3 10 8 6 0 9 6 4 0 17 12 10 1 6.0
25 16 56 40 23 55 40 7033 1 10 9 5 0 4.0
26 25 56 40 37 28 40 2420 2 14 11 14 0 11 11 11 0 6.0
27 60 55 40 60 46 40 8668 2 25 15 16 0 11 7 7 0 5.0
28 42 20 40 42 25 40 14895 3 29 16 14 0 19 16 20 0 11 8 8 1 5.0
29 39 73 40 42 69 40 27007 3 25 25 16 0 32 15 15 0 16 9 3 1 5.0
30 46 78 40 60 49 40 1828 1 27 13 4 0 5.0
31 26 49 40 65 46 40 1913 1 11 9 6 0 4.0
32 40 80 40 64 54 40 1208 2 23 7 7 0 18 9 18 0 6.0
33 37 75 40 64 53 40 3218 2 39 6 6 0 9 7 4 0 5.0
34 67 49 40 23 47 40 354 1 9 6 3 0 4.0
35 25 49 40 37 76 40 15961 2 45 17 5 0 25 21 26 0 6.0
36 60 50 40 45 20 40 181 1 9 7 6 0 6.0
37 22 53 40 35 21 40 370 1 9 6 1 1 4.0
38 20 55 40 63 56 40 329 1 9 7 9 0 6.0
39 41 21 40 36 75 40 6200 3 24 17 3 0 10 8 5 1 9 8 9 1 4.0
40 47 19 40 14 54 40 1401 1 35 12 6 0 6.0
41 34 70 40 39 74 40 8664 1 20 17 11 1 4.0
42 39 32 40 24 50 40 1470 2 17 10 7 0 13 9 4 1 6.0
43 44 26 40 60 47 40 2016 2 16 9 4 0 9 9 9 1 5.0
44 58 48 40 45 72 40 12466 3 17 9 6 0 19 12 7 0 21 12 15 1 5.0
45 39 28 40 24 47 40 274 1 11 8 6 1 6.0
46 21 57 40 15 44 40 28409 2 11 9 1 0 22 16 8 1 4.0
47 66 49 40 35 75 40 1672 1 19 11 7 0 5.0
48 47 71 40 38 72 40 11299 3 30 19 19 0 20 20 5 0 9 6 4 0 6.0
49 55 55 40 15 52 40 3387 2 9 8 8 0 9 9 11 0 4.0
50 35 25 40 38 74 40 1508 2 28 19 17 0 11 8 7 1 6.0
51 40 19 40 57 56 40 591 1 10 7 6 0 5.0
52 34 19 40 54 51 40 17892 2 12 12 14 0 23 17 14 1 4.0
53 41 26 40 45 30 40 27732 3 19 19 25 0 11 8 6 0 11 9 1 0 4.0
54 20 56 40 65 44 40 17235 2 29 20 29 0 11 9 3 0 5.0
55 67 56 40 57 57 40 6242 3 10 10 3 0 25 14 7 0 11 7 7 1 5.0
56 14 49 40 59 49 40 16491 2 37 25 13 0 12 10 7 0 5.0
57 21 50 40 17 55 40 3225 2 9 6 3 0 36 8 3 1 4.0
58 62 45 40 54 57 40 45000 3 29 20 10 0 16 12 3 0 56 25 11 1 4.0
59 67 50 40 36 81 40 2930 3 11 8 7 0 10 8 7 0 12 10 15 0 5.0
60 18 47 40 43 74 40 153 1 14 10 2 0 6.0
61 64 45 40 42 81 40 1750 2 10 7 7 0 9 6 6 0 5.0
62 47 79 40 20 44 40 15812 2 10 9 6 0 17 9 30 1 4.0
63 46 79 40 60 53 40 2689 3 9 6 3 0 11 6 5 0 17 17 6 1 5.0
64 44 72 40 18 50 40 31313 2 14 8 8 0 14 8 14 1 4.0
65 15 51 40 40 22 40 460 2 11 11 3 0 11 7 5 1 6.0
66 61 51 40 46 19 40 946 1 37 20 3 0 6.0
67 59 46 40 18 48 40 24765 3 30 25 11 0 14 14 11 0 18 18 10 0 5.0
68 62 57 40 36 70 40 231 1 12 8 4 0 6.0
69 27 54 40 35 79 40 436 1 30 6 5 0 6.0
70 39 79 40 46 27 40 21143 2 23 17 15 0 17 11 2 1 4.0
71 46 31 40 19 55 40 7241 1 33 25 23 0 6.0
72 14 46 40 60 51 40 11070 3 15 9 6 0 11 11 6 0 19 16 14 0 5.0
73 21 56 40 40 28 40 45000 3 39 6 6 0 28 23 11 0 37 14 25 0 4.0
74 39 29 40 45 21 40 29998 3 9 9 6 0 59 25 11 0 12 11 5 0 5.0
75 39 77 40 14 47 40 18702 2 16 9 4 0 26 22 11 0 4.0
