7     75    45000 60    25    30   
0     40    50    0     40    50    1236  0     
1 21 15 40 43 21 40 34130 3 27 20 6 0 12 7 9 0 31 25 11 0 4.0
2 43 30 40 58 20 40 11201 2 22 8 30 0 11 10 4 0 5.0
3 54 80 40 65 53 40 4758 3 25 20 15 0 9 7 6 0 9 6 4 1 6.0
4 26 50 40 55 82 40 2162 1 23 20 4 0 5.0
5 14 54 40 50 52 40 1992 2 10 7 5 0 29 24 13 0 6.0
6 31 55 40 66 57 40 2999 2 8 7 12 0 12 8 8 0 5.0
7 43 32 40 10 42 40 45000 3 34 18 4 0 39 17 11 0 25 20 8 1 4.0
8 36 72 40 34 84 40 3151 1 25 22 6 0 5.0
9 53 78 40 26 18 40 474 1 22 6 3 1 5.0
10 65 45 40 10 81 40 2496 1 36 6 6 0 5.0
11 44 30 40 24 78 40 2773 2 20 14 6 0 12 9 4 0 5.0
12 30 85 40 62 84 40 9820 1 45 25 2 0 4.0
13 26 76 40 64 21 40 4623 2 11 7 3 0 14 10 6 1 4.0
14 42 30 40 25 32 40 45000 3 20 11 17 0 10 6 6 0 59 22 6 0 4.0
15 58 42 40 64 54 40 1996 3 9 7 5 0 17 16 16 0 17 17 6 0 6.0
16 10 82 40 63 73 40 6218 2 15 15 6 0 37 25 11 0 6.0
17 69 81 40 49 43 40 3380 2 9 6 2 0 11 11 10 0 4.0
18 65 75 40 47 64 40 1496 2 15 15 15 1 16 14 5 1 6.0
19 65 35 40 34 66 40 6761 3 17 6 7 0 9 7 8 0 11 9 8 1 4.0
20 61 73 40 36 73 40 642 1 11 11 6 0 6.0
21 34 56 40 22 22 40 5120 1 35 21 30 1 6.0
22 44 36 40 19 39 40 10022 3 14 9 4 0 12 10 4 0 9 9 9 0 4.0
23 20 71 40 21 76 40 1839 2 37 25 6 0 10 10 10 0 6.0
24 62 21 40 12 69 40 2970 3 29 15 25 0 11 9 6 0 10 8 6 1 6.0
25 66 72 40 53 38 40 3376 1 9 6 4 0 4.0
26 35 30 40 38 57 40 1728 2 17 12 10 0 10 9 5 1 6.0
27 35 71 40 46 47 40 4622 2 14 11 14 0 11 11 11 0 5.0
28 44 16 40 27 80 40 14620 3 25 15 16 0 11 7 7 0 29 16 14 1 5.0
29 36 22 40 65 55 40 10391 2 19 16 20 0 11 8 8 1 5.0
30 67 41 40 39 67 40 13022 1 25 25 16 1 5.0
31 60 69 40 40 23 40 28375 3 31 15 15 0 16 9 3 0 27 13 4 0 4.0
32 50 19 40 20 30 40 499 2 11 9 6 0 22 7 7 1 6.0
33 31 61 40 18 57 40 5667 1 18 9 18 0 5.0
34 41 31 40 29 84 40 3623 2 39 6 6 0 9 7 4 0 4.0
35 69 55 40 60 36 40 2943 2 9 6 3 0 45 17 4 0 6.0
36 16 71 40 40 33 40 6699 2 25 21 26 0 9 7 6 1 6.0
37 59 83 40 56 29 40 4257 2 9 6 1 0 9 7 9 0 4.0
38 26 28 40 43 49 40 709 1 24 17 3 0 6.0
39 51 19 40 66 36 40 2641 2 10 8 4 0 9 8 9 1 4.0
40 68 61 40 19 54 40 3480 2 35 12 6 1 20 17 11 1 6.0
41 22 56 40 34 41 40 2757 1 17 10 7 0 4.0
42 27 21 40 40 15 40 1572 3 13 9 4 0 16 9 4 0 9 9 9 1 6.0
43 70 26 40 58 64 40 9594 3 17 9 6 0 18 12 7 0 21 12 15 1 5.0
44 62 28 40 45 60 40 1242 2 11 8 6 0 11 9 1 1 5.0
45 65 48 40 36 41 40 7220 3 22 16 8 0 18 11 7 0 30 18 18 0 6.0
46 22 38 40 67 54 40 23312 3 20 20 4 0 9 6 4 0 9 8 8 1 4.0
47 10 50 40 15 29 40 10809 2 9 9 11 0 28 18 17 0 5.0
48 15 37 40 59 43 40 534 1 11 8 7 0 6.0
49 24 39 40 41 36 40 5624 2 10 7 6 0 12 12 14 1 4.0
50 12 31 40 60 51 40 818 1 22 17 14 1 6.0
51 11 60 40 16 84 40 13435 2 19 19 25 0 11 8 6 1 5.0
52 24 74 40 69 27 40 41124 3 11 9 1 0 29 20 29 0 11 9 3 0 4.0
53 56 57 40 26 43 40 7901 2 10 10 3 0 25 14 7 0 4.0
54 54 21 40 38 82 40 12323 2 11 7 7 0 36 25 13 0 5.0
55 23 80 40 36 29 40 3496 3 12 10 7 0 9 6 3 0 35 8 3 1 5.0
56 46 22 40 32 31 40 7435 1 29 20 10 0 5.0
57 55 39 40 65 84 40 45000 2 16 12 3 0 56 25 11 0 4.0
58 45 41 40 51 31 40 3074 1 11 8 7 1 4.0
59 59 62 40 51 37 40 2580 3 10 8 7 0 12 10 15 1 13 10 2 1 5.0
60 13 16 40 56 81 40 741 3 10 7 7 0 9 6 6 0 10 9 6 1 6.0
61 70 16 40 23 17 40 10782 3 17 9 30 0 9 6 3 0 11 6 4 0 5.0
62 48 61 40 36 82 40 5345 1 17 17 6 0 4.0
63 60 37 40 56 40 40 1082 1 14 8 8 1 5.0
64 55 80 40 36 32 40 24539 2 14 8 14 0 11 11 3 1 4.0
65 55 79 40 34 50 40 189 1 11 7 4 0 6.0
66 62 67 40 37 24 40 920 1 36 20 3 0 6.0
67 25 65 40 33 83 40 18346 2 30 25 11 0 13 13 11 1 5.0
68 22 18 40 42 85 40 2181 2 18 18 10 0 12 8 4 0 6.0
69 14 51 40 19 29 40 348 1 30 6 4 1 6.0
70 25 45 40 24 61 40 21143 2 23 17 15 0 17 11 2 1 4.0
71 58 36 40 11 61 40 7236 2 33 25 22 0 15 9 6 0 6.0
72 28 75 40 68 45 40 11777 3 11 11 6 0 18 16 14 0 39 6 6 1 5.0
73 26 62 40 54 42 40 45000 2 28 22 11 0 36 14 25 0 4.0
74 62 55 40 21 22 40 29998 3 9 9 6 0 59 25 11 0 12 11 5 1 5.0
75 68 60 40 12 58 40 18702 2 16 9 4 0 26 22 11 0 4.0
