7     75    45000 60    25    30   
0     40    50    0     40    50    1236  0     
1 34 30 40 17 49 40 38074 5 24 18 5 0 11 6 8 0 28 23 10 0 20 8 28 0 10 9 4 1 4.0
2 60 56 40 64 54 40 10856 1 22 18 14 1 5.0
3 54 54 40 40 31 40 1171 3 8 6 6 0 8 6 4 0 21 18 4 0 6.0
4 40 21 40 21 47 40 8070 2 9 7 5 0 26 21 12 0 5.0
5 46 24 40 67 56 40 2508 5 8 7 11 0 11 8 7 0 30 17 4 0 35 15 10 0 23 18 8 0 6.0
6 35 69 40 44 25 40 11183 5 23 20 5 0 20 6 3 0 33 6 6 0 18 13 5 0 11 8 4 1 5.0
7 66 44 40 25 53 40 31191 4 40 25 2 0 10 7 3 0 13 9 6 1 18 10 16 1 4.0
8 35 23 40 66 49 40 258 1 9 6 5 0 5.0
9 47 71 40 35 72 40 6678 2 53 20 5 0 8 7 5 1 5.0
10 26 56 40 40 27 40 8205 2 16 14 14 0 15 15 5 0 5.0
11 66 50 40 22 48 40 12383 4 13 13 5 0 33 23 10 0 8 6 2 1 10 10 9 1 5.0
12 40 32 40 54 50 40 11976 1 14 14 14 0 4.0
13 57 47 40 21 51 40 6829 2 14 13 5 0 16 6 7 1 4.0
14 36 22 40 25 51 40 45000 4 8 6 7 0 10 8 7 0 10 10 5 0 32 19 30 0 4.0
15 42 77 40 36 71 40 413 3 13 8 4 0 11 9 4 0 8 8 8 1 6.0
16 41 28 40 15 53 40 2564 1 33 24 6 1 6.0
17 38 74 40 43 75 40 24562 4 9 9 9 0 26 14 22 0 10 8 6 0 9 8 5 1 4.0
18 41 22 40 39 25 40 64 1 8 6 4 0 6.0
19 14 51 40 42 69 40 15255 4 15 11 9 0 9 8 5 0 13 10 13 1 10 10 10 1 4.0
20 41 78 40 23 47 40 8646 3 22 13 15 0 10 6 7 0 26 15 13 0 6.0
21 40 77 40 54 48 40 1143 2 17 14 18 0 10 8 8 0 6.0
22 24 48 40 60 57 40 45000 5 23 23 14 0 28 13 13 0 14 8 3 0 24 12 4 0 10 8 5 1 4.0
23 54 49 40 21 46 40 202 1 20 6 6 0 6.0
24 63 47 40 41 29 40 1502 5 16 8 16 0 35 6 6 0 8 6 4 0 8 6 3 0 40 15 4 0 6.0
25 55 47 40 35 19 40 45000 2 22 19 24 0 8 6 6 0 4.0
26 35 24 40 42 32 40 1517 5 8 6 1 0 8 6 8 0 22 15 3 0 9 7 4 0 8 8 8 0 6.0
27 15 56 40 46 82 40 8058 5 31 11 5 0 18 15 10 0 15 9 6 0 12 8 4 1 15 8 4 1 5.0
28 22 46 40 46 71 40 5688 4 8 8 8 0 15 8 6 0 17 11 6 1 19 11 13 1 5.0
29 44 80 40 67 48 40 4411 3 10 8 5 0 10 8 1 0 20 15 8 0 5.0
30 47 24 40 19 53 40 1328 1 17 10 6 0 5.0
31 40 72 40 55 46 40 33630 5 27 17 17 0 18 18 4 0 8 6 4 0 8 8 8 1 8 8 10 1 4.0
32 24 50 40 39 32 40 1904 1 25 17 15 0 6.0
33 39 69 40 24 45 40 25256 5 10 8 7 0 9 7 5 0 11 11 13 0 20 15 13 0 17 17 23 0 5.0
34 67 46 40 14 52 40 1050 2 10 8 5 0 10 8 1 0 4.0
35 27 46 40 54 52 40 13851 5 26 18 26 0 10 8 3 0 9 9 3 0 23 13 7 1 10 7 6 1 6.0
36 35 25 40 36 81 40 4728 1 33 25 12 1 6.0
37 64 52 40 22 57 40 5738 2 11 9 7 1 8 6 3 1 4.0
38 59 56 40 35 29 40 3172 3 32 8 3 0 26 18 9 0 15 11 3 1 6.0
39 43 72 40 34 72 40 37577 4 50 23 10 0 10 8 6 0 9 8 7 1 11 9 13 1 4.0
40 46 27 40 64 44 40 120 1 12 9 2 0 6.0
41 37 28 40 38 77 40 10751 4 9 7 7 0 8 6 5 0 9 8 5 0 15 8 30 1 4.0
42 34 71 40 18 45 40 3275 5 8 6 3 0 10 6 4 0 15 15 5 0 13 8 8 0 13 8 13 1 6.0
43 38 31 40 39 75 40 16303 5 10 10 3 0 10 7 4 0 33 18 3 0 27 25 10 0 12 12 10 1 5.0
44 39 82 40 19 52 40 6457 3 16 16 9 0 11 7 4 0 27 6 4 1 5.0
45 35 20 40 17 54 40 10548 5 21 16 13 0 15 10 2 0 29 25 20 1 14 8 6 1 10 10 5 1 6.0
46 35 79 40 23 46 40 45000 5 17 14 13 0 35 6 6 0 25 20 10 0 33 13 22 1 8 8 5 1 4.0
47 16 45 40 45 82 40 22015 5 53 25 10 0 11 10 5 0 15 8 4 1 23 20 10 1 11 7 5 1 5.0
48 19 51 40 38 21 40 7442 2 25 15 20 0 26 6 7 0 6.0
49 56 54 40 39 26 40 17489 2 18 10 15 0 15 13 25 0 4.0
50 46 26 40 60 46 40 98 1 10 9 7 0 6.0
51 25 46 40 24 53 40 2059 2 14 12 4 0 9 8 11 0 5.0
52 63 45 40 47 30 40 18178 3 23 18 6 0 20 10 25 0 9 7 2 0 4.0
53 42 76 40 47 76 40 4413 2 7 7 8 0 11 8 13 0 4.0
54 44 69 40 58 50 40 6141 5 8 6 6 0 8 8 10 0 11 11 11 1 12 10 7 1 20 15 10 1 5.0
55 55 50 40 60 50 40 6608 3 17 8 8 0 15 10 15 0 8 6 3 0 5.0
56 63 57 40 37 81 40 4071 2 16 9 6 1 17 8 17 1 5.0
57 59 44 40 41 20 40 17076 4 18 10 19 0 8 8 3 0 15 10 10 0 8 8 5 1 4.0
58 42 27 40 26 49 40 32148 2 8 8 18 0 23 23 10 1 4.0
59 17 50 40 16 56 40 2190 4 15 10 8 0 8 6 3 0 10 8 3 0 10 8 8 1 5.0
60 42 80 40 62 49 40 4215 4 18 13 5 0 39 6 27 0 10 6 2 0 12 8 1 1 6.0
61 40 78 40 26 50 40 13484 4 14 13 11 0 15 15 15 0 10 10 8 0 8 6 2 0 5.0
62 44 23 40 16 53 40 24902 2 8 8 6 0 27 19 15 0 4.0
63 40 29 40 40 25 40 544 1 15 10 3 0 5.0
64 42 74 40 46 80 40 45000 5 8 6 3 0 20 8 2 0 18 18 13 0 20 16 5 0 16 16 18 0 4.0
65 66 52 40 67 52 40 1079 3 9 9 3 0 11 11 11 0 10 6 3 1 6.0
66 25 48 40 17 56 40 1163 1 21 13 10 0 6.0
67 40 23 40 67 57 40 6100 3 10 10 10 0 9 9 9 0 34 24 2 1 5.0
68 38 82 40 42 79 40 1625 1 18 15 10 0 6.0
69 14 56 40 17 44 40 2710 1 32 25 7 0 6.0
70 47 23 40 45 25 40 7323 5 8 6 4 0 9 8 5 0 11 11 9 0 10 6 2 1 10 8 5 1 4.0
71 59 46 40 42 72 40 31 1 10 8 1 0 6.0
72 41 71 40 56 50 40 13455 5 13 12 5 0 23 6 6 0 8 6 1 0 25 20 10 0 12 8 4 1 5.0
73 62 48 40 37 69 40 4331 2 14 7 3 0 36 11 2 1 4.0
74 47 75 40 56 47 40 28991 3 10 6 5 0 22 17 12 0 24 20 25 0 5.0
75 42 25 40 56 46 40 817 1 15 10 2 0 4.0
