7     75    45000 60    25    30   
0     40    50    0     40    50    1236  0     
1 34 30 40 17 49 40 10027 5 13 11 5 0 9 5 1 0 9 8 9 0 8 8 5 0 15 15 15 1 4.0
2 60 56 40 64 54 40 1303 1 9 8 14 1 5.0
3 54 54 40 40 31 40 15975 3 8 5 1 0 13 13 8 0 32 24 23 0 6.0
4 40 21 40 21 47 40 45000 2 15 15 5 0 27 17 7 0 4.0
5 46 24 40 67 56 40 1805 5 22 17 5 0 22 18 5 0 17 17 5 0 11 6 4 0 8 8 5 0 6.0
6 35 69 40 44 25 40 10306 5 10 9 25 0 10 8 2 0 20 14 26 0 49 23 2 0 9 9 1 1 6.0
7 66 44 40 25 53 40 2060 4 8 5 3 0 10 10 10 0 22 15 2 1 10 10 8 1 6.0
8 35 23 40 66 49 40 54 1 10 6 2 0 6.0
9 47 71 40 35 72 40 11921 2 9 5 2 0 15 15 20 1 4.0
10 26 56 40 40 27 40 45000 2 22 22 14 0 31 23 13 0 4.0
11 66 50 40 22 48 40 3072 4 8 8 2 0 11 7 8 0 8 7 8 1 10 10 10 1 5.0
12 40 32 40 54 50 40 4223 1 30 20 4 0 4.0
13 57 47 40 21 51 40 7693 2 25 25 3 0 20 16 3 1 4.0
14 36 22 40 25 51 40 7564 4 10 10 10 0 18 18 20 0 8 6 4 0 18 4 5 0 6.0
15 42 77 40 36 71 40 1322 3 27 6 8 0 9 6 10 0 9 6 1 1 6.0
16 41 28 40 15 53 40 1850 1 11 11 11 1 5.0
17 38 74 40 43 75 40 1189 4 8 7 6 0 12 8 12 0 7 6 4 0 10 8 6 1 6.0
18 41 22 40 39 25 40 122 1 8 8 2 0 6.0
19 14 51 40 42 69 40 39296 4 20 15 5 0 12 8 6 0 9 7 9 1 12 11 13 1 4.0
20 41 78 40 23 47 40 4016 3 11 9 8 0 12 11 12 0 10 10 10 0 5.0
21 40 77 40 54 48 40 8473 2 26 22 11 0 9 8 6 0 5.0
22 24 48 40 60 57 40 6114 5 8 5 5 0 15 15 10 0 17 13 10 0 52 21 7 0 8 6 7 1 6.0
23 54 49 40 21 46 40 581 1 20 12 11 0 6.0
24 63 47 40 41 29 40 3855 5 12 12 20 0 8 5 5 0 26 21 2 0 27 10 3 0 6 5 5 0 6.0
25 55 47 40 35 19 40 19962 2 11 8 6 0 26 8 26 0 4.0
26 35 24 40 42 32 40 3412 5 24 8 3 0 10 8 3 0 8 6 6 0 10 7 5 0 10 7 7 0 5.0
27 15 56 40 46 82 40 4404 5 8 7 7 0 10 8 5 0 8 5 1 0 25 20 4 1 12 12 5 1 5.0
28 22 46 40 46 71 40 45000 4 17 17 5 0 25 5 5 0 18 18 23 1 18 10 8 1 4.0
29 44 80 40 67 48 40 1520 3 9 8 2 0 10 10 12 0 9 8 7 0 6.0
30 47 24 40 19 53 40 530 1 8 6 10 0 5.0
31 40 72 40 55 46 40 13621 5 8 8 7 0 12 12 11 0 14 8 2 0 15 15 5 1 15 10 15 1 4.0
32 24 50 40 39 32 40 123 1 11 7 1 0 5.0
33 39 69 40 24 45 40 4324 5 8 8 8 0 9 8 4 0 8 5 7 0 49 5 10 0 8 8 8 0 5.0
34 67 46 40 14 52 40 12879 2 37 25 10 0 14 9 1 0 5.0
35 27 46 40 54 52 40 17437 5 18 14 10 0 30 20 10 0 19 19 6 0 21 17 8 1 15 15 15 1 5.0
36 35 25 40 36 81 40 1349 1 23 11 9 1 6.0
37 64 52 40 22 57 40 4443 2 15 10 9 1 37 9 6 1 5.0
38 59 56 40 35 29 40 1931 3 15 15 2 0 10 9 2 0 8 8 8 1 5.0
39 43 72 40 34 72 40 13324 4 35 17 8 0 14 12 8 0 20 20 16 1 8 7 15 1 6.0
40 46 27 40 64 44 40 647 1 11 8 4 0 4.0
41 37 28 40 38 77 40 2209 4 9 7 4 0 21 7 12 0 16 12 6 0 13 10 8 1 6.0
42 34 71 40 18 45 40 24688 5 9 8 8 0 25 20 10 0 15 15 15 0 12 12 12 0 17 17 5 1 4.0
43 38 31 40 39 75 40 45000 5 23 23 30 0 8 8 8 0 22 10 20 0 16 11 18 0 26 25 3 1 4.0
44 39 82 40 19 52 40 6373 3 8 6 2 0 52 25 6 0 16 9 22 1 6.0
45 35 20 40 17 54 40 606 5 10 7 12 0 8 5 4 0 9 5 2 1 11 9 7 1 11 11 7 1 6.0
46 35 79 40 23 46 40 32729 5 13 10 8 0 20 20 10 0 8 5 5 0 16 16 18 1 9 5 2 1 4.0
47 16 45 40 45 82 40 5635 5 15 6 5 0 17 13 10 0 13 6 3 1 9 5 12 1 15 15 15 1 6.0
48 19 51 40 38 21 40 12201 2 36 25 11 0 10 8 10 0 5.0
49 56 54 40 39 26 40 779 2 9 5 3 0 8 8 2 0 4.0
50 46 26 40 60 46 40 2119 1 12 12 16 0 6.0
51 25 46 40 24 53 40 978 2 9 6 2 0 10 10 10 0 6.0
52 63 45 40 47 30 40 17769 3 13 10 9 0 19 14 15 0 20 12 5 0 4.0
53 42 76 40 47 76 40 431 2 10 8 1 0 10 8 5 0 6.0
54 44 69 40 58 50 40 9198 5 10 9 12 0 9 8 4 0 12 5 4 1 10 10 11 1 11 7 6 1 4.0
55 55 50 40 60 50 40 39115 3 12 10 7 0 9 5 4 0 25 12 27 0 4.0
56 63 57 40 37 81 40 18240 2 21 10 5 1 28 24 19 1 5.0
57 59 44 40 41 20 40 8809 4 9 6 9 0 10 7 5 0 30 21 8 0 8 8 8 1 5.0
58 42 27 40 26 49 40 7558 2 41 25 3 0 8 5 1 1 4.0
59 17 50 40 16 56 40 6924 4 22 18 13 0 13 8 6 0 45 8 30 0 16 8 5 1 6.0
60 42 80 40 62 49 40 7597 4 16 10 10 0 23 17 5 0 12 9 2 0 23 12 12 1 5.0
61 40 78 40 26 50 40 45000 4 26 18 10 0 8 8 8 0 40 8 8 0 8 6 2 0 4.0
62 44 23 40 16 53 40 1042 2 8 8 3 0 15 8 6 0 5.0
63 40 29 40 40 25 40 10241 1 26 15 21 0 5.0
64 42 74 40 46 80 40 16898 5 8 8 5 0 20 15 2 0 15 15 5 0 19 6 5 0 8 5 13 0 4.0
65 66 52 40 67 52 40 17967 3 15 8 6 0 23 13 30 0 13 12 9 1 5.0
66 25 48 40 17 56 40 9529 1 20 14 18 0 4.0
67 40 23 40 67 57 40 24963 3 8 5 4 0 35 10 10 0 12 7 3 1 4.0
68 38 82 40 42 79 40 746 1 11 7 7 0 5.0
69 14 56 40 17 44 40 1045 1 20 15 2 0 5.0
70 47 23 40 45 25 40 23757 5 49 25 2 0 35 17 10 0 16 11 11 0 15 7 22 1 10 10 3 1 4.0
71 59 46 40 42 72 40 631 1 16 10 6 0 6.0
72 41 71 40 56 50 40 13604 5 9 9 9 0 17 16 14 0 11 10 6 0 30 7 7 0 13 9 8 1 4.0
73 62 48 40 37 69 40 12900 2 10 7 3 0 17 17 25 1 5.0
74 47 75 40 56 47 40 7532 3 22 17 12 0 20 19 6 0 15 8 2 0 5.0
75 42 25 40 56 46 40 1254 1 33 11 10 0 6.0
