7     75    45000 60    25    30   
0     40    50    0     40    50    1236  0     
1 57 19 40 39 26 40 2299 1 15 13 6 0 4.0
2 58 36 40 48 60 40 1735 2 11 6 2 1 11 10 11 1 5.0
3 25 80 40 12 31 40 407 1 9 9 6 0 6.0
4 13 69 40 61 47 40 45000 3 18 18 18 0 11 10 16 0 9 6 2 1 4.0
5 26 63 40 51 57 40 786 1 16 16 10 0 6.0
6 13 43 40 55 29 40 23650 2 38 25 27 0 18 18 6 0 6.0
7 70 70 40 14 79 40 9832 3 32 20 9 0 26 20 6 0 26 22 6 1 6.0
8 52 58 40 37 49 40 1539 3 20 20 6 0 13 8 5 0 9 9 6 0 6.0
9 30 64 40 70 15 40 11126 2 12 11 30 1 12 9 3 1 4.0
10 59 34 40 10 30 40 45000 2 24 17 30 0 58 25 3 0 4.0
11 32 73 40 15 45 40 472 2 11 11 1 0 9 6 4 1 5.0
12 39 52 40 63 84 40 3040 1 12 12 12 1 4.0
13 55 52 40 49 77 40 8108 3 26 18 3 0 12 12 9 0 12 8 3 1 4.0
14 26 36 40 61 84 40 7205 2 11 6 3 0 18 18 23 1 6.0
15 69 65 40 54 26 40 17517 3 26 25 16 0 36 25 16 0 9 9 3 1 6.0
16 43 69 40 16 19 40 2314 2 13 8 9 0 9 9 9 1 5.0
17 46 77 40 23 30 40 962 1 12 12 12 0 6.0
18 58 79 40 43 76 40 8243 3 35 23 5 0 29 25 4 0 23 19 4 1 6.0
19 34 54 40 32 43 40 45000 2 12 12 12 0 22 22 24 0 4.0
20 32 29 40 57 18 40 416 1 10 7 5 0 5.0
21 16 52 40 50 38 40 4665 3 21 5 6 0 32 7 9 0 11 8 12 0 5.0
22 17 17 40 19 30 40 74 1 11 7 2 1 6.0
23 45 41 40 51 51 40 1103 3 13 13 13 0 10 8 7 0 15 10 15 0 6.0
24 25 35 40 68 85 40 901 2 9 8 5 0 12 10 7 0 6.0
25 16 23 40 57 15 40 673 1 10 10 2 1 4.0
26 56 36 40 43 32 40 5908 2 23 18 6 0 14 9 7 0 5.0
27 28 16 40 61 62 40 1200 1 11 8 11 1 5.0
28 47 19 40 14 52 40 16001 1 14 13 15 0 4.0
29 11 72 40 57 52 40 4692 3 13 11 10 0 14 13 14 0 12 12 12 0 6.0
30 47 46 40 15 39 40 10756 1 30 25 13 0 5.0
31 13 84 40 10 68 40 11952 3 11 9 7 0 10 6 6 0 18 18 12 1 4.0
32 31 63 40 12 44 40 28832 3 20 16 12 0 60 25 9 0 10 8 9 0 5.0
33 41 75 40 38 83 40 10335 2 23 15 13 0 15 15 23 0 5.0
34 63 56 40 49 50 40 2574 2 9 6 6 0 31 25 2 1 5.0
35 25 52 40 54 76 40 2818 3 32 12 4 0 8 6 6 0 13 10 7 0 5.0
36 67 85 40 47 33 40 5927 2 30 10 30 0 28 9 4 0 6.0
37 51 82 40 33 51 40 573 1 12 9 4 0 5.0
38 67 62 40 15 22 40 1841 2 9 7 7 0 12 9 6 0 5.0
39 63 71 40 44 76 40 1495 2 12 8 8 0 9 9 9 0 6.0
40 62 52 40 59 25 40 1290 2 12 9 6 0 9 6 1 1 4.0
41 61 65 40 42 17 40 3719 3 29 23 5 0 15 15 6 0 20 20 6 0 6.0
42 62 71 40 12 70 40 2126 1 29 6 6 1 4.0
43 21 34 40 40 63 40 45000 1 21 21 27 1 4.0
44 42 64 40 46 36 40 2784 3 22 12 9 0 11 9 3 0 12 12 15 1 6.0
45 59 67 40 20 51 40 427 2 11 10 9 0 9 8 12 1 6.0
46 45 63 40 34 65 40 12004 2 10 9 8 0 15 15 13 0 4.0
47 16 28 40 55 54 40 2006 2 16 10 3 0 18 18 6 1 6.0
48 49 35 40 53 60 40 5532 3 18 12 18 0 13 9 2 0 9 9 9 1 5.0
49 69 81 40 19 79 40 15121 3 11 9 5 0 9 6 8 1 58 6 12 1 4.0
50 55 17 40 60 81 40 12974 3 9 9 9 0 44 25 12 0 16 11 1 0 6.0
51 46 29 40 21 16 40 15080 3 21 16 12 0 35 23 12 0 22 22 7 0 6.0
52 14 26 40 53 49 40 39653 3 25 20 9 0 18 18 18 0 27 13 11 1 4.0
53 51 38 40 27 73 40 2135 1 18 12 11 0 6.0
54 41 17 40 17 27 40 13800 2 43 11 8 0 18 18 3 0 4.0
55 53 24 40 32 15 40 1698 1 12 11 3 0 4.0
56 11 41 40 14 21 40 10704 2 9 9 9 0 41 20 9 1 5.0
57 37 26 40 24 56 40 17024 2 17 15 9 0 23 23 19 0 5.0
58 51 70 40 50 54 40 4957 2 9 9 18 0 13 9 5 0 4.0
59 48 83 40 70 43 40 1535 2 11 8 5 0 25 9 15 0 6.0
60 68 36 40 51 34 40 4070 2 19 15 7 0 15 12 10 0 5.0
61 45 54 40 47 22 40 45000 2 11 10 9 0 29 23 12 0 4.0
62 62 72 40 41 81 40 10524 2 18 18 18 0 15 15 15 0 5.0
63 31 71 40 67 81 40 3001 1 20 20 6 1 5.0
64 47 45 40 22 81 40 45000 3 27 25 30 0 9 9 9 1 26 12 23 1 4.0
65 38 37 40 32 30 40 13886 3 19 13 22 0 30 25 4 0 10 7 2 0 5.0
66 19 53 40 56 24 40 19853 1 60 25 7 0 4.0
67 35 28 40 12 52 40 45000 2 19 11 26 0 12 9 15 0 4.0
68 59 80 40 69 67 40 2338 3 9 6 5 0 11 6 2 0 13 11 9 1 5.0
69 35 49 40 40 70 40 5491 2 13 13 8 0 15 12 10 0 5.0
70 48 79 40 39 65 40 11649 1 23 23 12 0 4.0
71 26 46 40 13 73 40 213 1 9 6 6 1 6.0
72 36 82 40 53 50 40 13801 2 19 19 21 0 11 6 2 1 4.0
73 18 77 40 16 30 40 1499 1 18 8 6 1 5.0
74 36 69 40 67 61 40 4127 1 20 16 12 0 5.0
75 48 22 40 43 35 40 487 2 15 7 4 0 11 6 15 1 6.0
