7     75    45000 60    25    30   
0     40    50    0     40    50    1236  0     
1 10 16 40 50 18 40 8412 2 20 9 15 0 9 7 14 1 4.0
2 12 65 40 18 63 40 3771 2 9 6 3 0 20 20 23 1 6.0
3 45 24 40 15 53 40 74 1 15 6 2 0 6.0
4 69 59 40 52 21 40 45000 3 11 11 8 0 23 11 11 0 17 17 17 0 4.0
5 63 52 40 50 36 40 1194 1 26 20 10 0 6.0
6 33 55 40 46 51 40 1107 2 9 7 2 0 28 17 3 0 6.0
7 21 27 40 33 31 40 45000 3 9 7 2 0 33 25 30 0 11 11 11 1 5.0
8 17 34 40 27 53 40 5744 3 11 11 9 0 20 14 4 0 12 8 2 1 4.0
9 26 44 40 57 49 40 1603 1 11 11 8 1 5.0
10 68 25 40 12 34 40 4264 1 11 11 10 1 4.0
11 39 57 40 66 36 40 1656 1 15 11 7 1 5.0
12 68 50 40 23 35 40 6790 3 15 15 4 0 15 8 5 0 25 20 8 1 5.0
13 31 60 40 27 26 40 25725 2 20 19 10 0 17 17 17 1 4.0
14 56 74 40 54 60 40 1267 3 15 10 7 0 9 8 6 0 10 7 2 0 6.0
15 34 28 40 65 74 40 648 1 10 10 6 0 5.0
16 48 75 40 37 58 40 10971 2 27 21 8 0 11 8 6 1 4.0
17 47 24 40 44 85 40 6214 2 19 7 11 0 17 15 10 0 5.0
18 20 22 40 26 81 40 1821 2 28 25 3 0 17 9 6 0 6.0
19 15 73 40 68 36 40 19309 3 11 9 6 0 9 6 5 1 17 17 17 1 4.0
20 57 64 40 65 59 40 6234 3 27 20 2 0 13 8 3 1 34 17 3 1 5.0
21 60 23 40 50 42 40 11044 2 24 11 8 0 28 20 11 0 5.0
22 35 49 40 43 74 40 45000 3 47 25 30 0 11 11 11 0 13 10 11 0 5.0
23 29 21 40 67 81 40 10624 2 17 12 12 0 39 6 6 1 4.0
24 33 46 40 25 30 40 13101 3 20 11 30 0 9 6 5 0 11 6 3 1 5.0
25 69 25 40 28 73 40 22843 1 39 14 8 0 4.0
26 69 39 40 36 69 40 2520 2 20 16 8 0 29 15 25 0 6.0
27 11 68 40 39 25 40 327 2 12 8 3 0 11 7 3 0 6.0
28 18 77 40 57 21 40 45000 3 31 17 30 0 59 23 6 0 34 25 6 1 4.0
29 52 25 40 24 44 40 4089 3 9 7 17 0 32 18 6 0 27 11 11 1 6.0
30 63 70 40 59 61 40 527 1 23 12 4 0 6.0
31 58 57 40 14 38 40 6385 1 12 12 12 0 4.0
32 47 71 40 46 42 40 4359 2 28 19 4 0 28 7 8 0 5.0
33 61 24 40 11 17 40 4711 2 11 11 11 0 17 8 8 0 5.0
34 69 33 40 29 56 40 14760 1 27 15 10 0 4.0
35 47 15 40 60 53 40 2672 2 23 11 14 0 14 14 3 0 6.0
36 59 71 40 10 40 40 712 1 24 7 8 0 6.0
37 40 80 40 18 70 40 2054 1 26 19 6 1 6.0
38 10 50 40 28 60 40 179 1 10 6 4 0 6.0
39 28 20 40 61 65 40 12746 3 17 12 12 0 11 11 7 1 26 12 22 1 5.0
40 60 41 40 26 62 40 1101 1 19 6 7 0 5.0
41 14 54 40 41 18 40 2214 1 17 17 6 1 5.0
42 53 20 40 43 60 40 844 2 17 17 11 0 14 10 1 1 6.0
43 32 44 40 29 73 40 45000 2 16 16 30 0 23 17 28 1 4.0
44 50 25 40 35 59 40 5191 3 28 7 7 0 11 9 2 0 24 16 12 1 6.0
45 64 67 40 31 72 40 3154 1 15 9 9 1 4.0
46 53 34 40 32 27 40 19497 2 21 20 13 0 9 7 7 1 4.0
47 40 38 40 70 43 40 1842 1 21 19 6 0 6.0
48 18 42 40 46 23 40 826 3 17 6 10 0 11 8 3 0 11 11 8 0 6.0
49 63 79 40 43 57 40 27064 2 23 17 28 0 10 10 7 0 4.0
50 36 53 40 26 48 40 10002 2 14 13 8 0 25 25 10 1 5.0
51 39 81 40 50 20 40 51 1 9 6 1 0 5.0
52 16 65 40 32 52 40 5009 2 13 11 8 0 15 15 3 1 4.0
53 53 45 40 16 60 40 14016 3 13 10 8 0 10 7 2 0 23 23 11 0 4.0
54 60 40 40 67 51 40 1412 2 18 17 19 0 25 20 8 0 6.0
55 62 50 40 60 48 40 9352 3 15 14 12 0 16 9 13 0 10 9 5 1 5.0
56 50 19 40 40 35 40 3916 2 9 9 7 0 18 12 21 0 6.0
57 14 36 40 34 71 40 3537 2 9 6 1 0 48 25 6 1 6.0
58 19 61 40 19 21 40 10664 3 14 8 4 0 14 6 6 0 23 16 11 1 4.0
59 57 67 40 37 27 40 3449 3 17 9 9 0 20 14 6 0 17 16 9 0 6.0
60 51 70 40 61 42 40 7341 1 28 20 6 0 4.0
61 35 20 40 34 49 40 18807 2 17 11 30 0 15 14 6 0 4.0
62 34 56 40 46 18 40 3492 2 11 11 11 0 14 14 14 1 6.0
63 56 40 40 65 15 40 9920 3 11 11 8 0 14 11 5 0 17 17 17 1 5.0
64 31 24 40 48 58 40 3866 2 9 9 6 0 12 9 9 1 4.0
65 54 33 40 46 54 40 8400 2 25 20 8 0 11 8 6 1 5.0
66 69 75 40 58 44 40 642 1 10 9 7 0 5.0
67 52 55 40 70 39 40 28705 3 9 9 9 0 24 20 4 0 20 20 10 0 4.0
68 69 69 40 58 63 40 4114 1 20 15 8 0 5.0
69 59 78 40 10 23 40 200 1 14 8 2 0 5.0
70 10 51 40 70 77 40 9102 2 11 9 3 0 38 7 5 1 4.0
71 46 72 40 13 69 40 3470 1 32 10 10 0 5.0
72 66 61 40 60 19 40 1228 3 14 12 5 0 19 14 14 0 11 10 8 0 6.0
73 58 67 40 62 32 40 22860 3 22 16 17 0 9 6 5 0 17 17 21 0 5.0
74 52 32 40 14 81 40 17136 3 11 11 16 0 19 9 30 0 21 20 30 0 6.0
75 51 44 40 31 71 40 6763 2 16 10 6 0 10 8 7 0 4.0
