7     75    45000 60    25    30   
0     40    50    0     40    50    1236  0     
1 34 30 40 17 49 40 9043 5 14 11 9 0 10 8 5 0 19 11 5 0 11 7 3 0 10 8 8 1 4.0
2 60 56 40 64 54 40 3377 1 10 10 19 1 5.0
3 54 54 40 40 31 40 1477 3 9 7 7 0 12 6 2 0 18 13 12 0 6.0
4 40 21 40 21 47 40 8251 2 11 11 11 0 37 7 4 0 4.0
5 46 24 40 67 56 40 4156 5 11 11 8 0 18 14 15 0 23 8 14 0 14 12 12 0 10 8 7 0 6.0
6 35 69 40 44 25 40 8706 5 12 6 1 0 19 14 8 0 14 10 14 0 20 15 30 0 11 10 2 1 6.0
7 66 44 40 25 53 40 10810 4 18 11 18 0 22 20 5 0 14 11 3 1 21 18 5 1 5.0
8 35 23 40 66 49 40 123 1 9 7 2 0 5.0
9 47 71 40 35 72 40 19349 2 23 15 9 0 22 16 22 1 5.0
10 26 56 40 40 27 40 11476 2 16 11 5 0 11 11 11 0 4.0
11 66 50 40 22 48 40 7704 4 10 7 10 0 14 14 5 0 12 9 8 1 10 8 9 1 4.0
12 40 32 40 54 50 40 502 1 21 18 4 0 6.0
13 57 47 40 21 51 40 19777 2 11 8 5 0 23 20 6 1 4.0
14 36 22 40 25 51 40 6608 4 11 9 7 0 55 8 8 0 17 9 7 0 9 9 9 0 5.0
15 42 77 40 36 71 40 9587 3 35 19 19 0 14 9 19 0 9 6 1 1 6.0
16 41 28 40 15 53 40 2638 1 10 7 7 1 4.0
17 38 74 40 43 75 40 1347 4 15 13 4 0 35 25 3 0 15 11 4 0 16 11 11 1 6.0
18 41 22 40 39 25 40 110 1 9 6 1 0 5.0
19 14 51 40 42 69 40 45000 4 23 23 23 0 24 19 5 0 10 9 10 1 55 12 5 1 4.0
20 41 78 40 23 47 40 5792 3 16 11 5 0 23 8 14 0 11 8 8 0 5.0
21 40 77 40 54 48 40 2002 2 15 12 9 0 49 8 4 0 6.0
22 24 48 40 60 57 40 27295 5 11 8 1 0 15 13 11 0 22 15 1 0 33 8 8 0 22 22 22 1 5.0
23 54 49 40 21 46 40 656 1 18 8 2 0 4.0
24 63 47 40 41 29 40 11858 5 10 9 15 0 13 12 3 0 11 9 6 0 9 9 9 0 35 19 19 0 6.0
25 55 47 40 35 19 40 8885 2 12 12 13 0 30 17 6 0 5.0
26 35 24 40 42 32 40 2262 5 9 7 9 0 9 7 4 0 9 6 2 0 17 17 6 0 11 9 1 0 6.0
27 15 56 40 46 82 40 11012 5 15 14 11 0 48 22 8 0 19 11 7 0 14 14 1 1 21 21 5 1 6.0
28 22 46 40 46 71 40 3489 4 9 6 2 0 10 7 4 0 14 11 3 1 20 9 3 1 4.0
29 44 80 40 67 48 40 1465 3 12 10 10 0 16 16 3 0 9 7 2 0 6.0
30 47 24 40 19 53 40 235 1 9 8 9 0 6.0
31 40 72 40 55 46 40 45000 5 15 9 7 0 16 11 5 0 15 15 5 0 18 18 4 1 9 7 9 1 4.0
32 24 50 40 39 32 40 371 1 18 12 7 0 6.0
33 39 69 40 24 45 40 4007 5 18 17 4 0 9 6 4 0 12 10 9 0 11 10 5 0 20 14 15 0 6.0
34 67 46 40 14 52 40 15152 2 9 6 6 0 26 19 6 0 4.0
35 27 46 40 54 52 40 3136 5 39 24 2 0 35 10 7 0 13 9 12 0 9 7 7 1 16 11 6 1 6.0
36 35 25 40 36 81 40 1046 1 13 11 12 1 6.0
37 64 52 40 22 57 40 23617 2 10 7 5 1 22 22 21 1 4.0
38 59 56 40 35 29 40 1798 3 15 10 5 0 11 6 15 0 9 6 7 1 6.0
39 43 72 40 34 72 40 25531 4 54 16 8 0 22 22 26 0 16 16 8 1 9 6 1 1 5.0
40 46 27 40 64 44 40 8676 1 22 11 16 0 4.0
41 37 28 40 38 77 40 10434 4 17 11 9 0 18 14 7 0 11 11 16 0 19 16 11 1 5.0
42 34 71 40 18 45 40 10528 5 9 9 3 0 10 7 4 0 11 9 9 0 27 22 16 0 14 11 9 1 6.0
43 38 31 40 39 75 40 26907 5 12 9 4 0 9 8 7 0 14 9 1 0 16 11 8 0 20 17 2 1 4.0
44 39 82 40 19 52 40 4477 3 9 7 9 0 22 22 2 0 11 9 2 1 4.0
45 35 20 40 17 54 40 19480 5 14 9 16 0 10 9 8 0 19 18 17 1 20 17 17 1 18 14 15 1 5.0
46 35 79 40 23 46 40 28260 5 33 6 9 0 29 10 30 0 10 9 15 0 11 7 6 1 20 14 3 1 4.0
47 16 45 40 45 82 40 9537 5 33 12 7 0 9 6 1 0 22 11 11 1 11 11 11 1 13 9 5 1 5.0
48 19 51 40 38 21 40 8276 2 19 11 11 0 18 15 11 0 5.0
49 56 54 40 39 26 40 18723 2 14 14 8 0 16 11 11 0 4.0
50 46 26 40 60 46 40 3048 1 14 11 17 0 5.0
51 25 46 40 24 53 40 1220 2 11 8 7 0 12 12 5 0 5.0
52 63 45 40 47 30 40 14289 3 33 11 9 0 49 18 10 0 20 20 11 0 5.0
53 42 76 40 47 76 40 2248 2 11 8 4 0 15 10 5 0 5.0
54 44 69 40 58 50 40 1391 5 12 6 3 0 12 11 2 0 12 10 9 1 11 7 7 1 9 6 6 1 6.0
55 55 50 40 60 50 40 11464 3 10 8 7 0 27 18 5 0 16 10 5 0 4.0
56 63 57 40 37 81 40 35166 2 10 10 8 1 22 20 23 1 4.0
57 59 44 40 41 20 40 3075 4 14 9 3 0 15 6 14 0 39 25 9 0 9 7 7 1 6.0
58 42 27 40 26 49 40 874 2 10 6 3 0 9 9 5 1 5.0
59 17 50 40 16 56 40 9917 4 10 8 5 0 16 11 7 0 31 8 8 0 22 18 7 1 5.0
60 42 80 40 62 49 40 2665 4 10 9 8 0 14 9 5 0 10 6 2 0 12 12 2 1 5.0
61 40 78 40 26 50 40 45000 4 24 19 8 0 22 19 8 0 14 10 3 0 33 22 4 0 4.0
62 44 23 40 16 53 40 4003 2 11 11 11 0 17 11 9 0 5.0
63 40 29 40 40 25 40 397 1 10 7 4 0 5.0
64 42 74 40 46 80 40 45000 5 11 11 11 0 21 21 5 0 9 6 1 0 14 14 7 0 27 24 19 0 4.0
65 66 52 40 67 52 40 7424 3 19 8 19 0 27 18 16 0 21 9 7 1 6.0
66 25 48 40 17 56 40 1632 1 22 16 2 0 4.0
67 40 23 40 67 57 40 4248 3 29 6 4 0 16 9 16 0 16 7 3 1 5.0
68 38 82 40 42 79 40 98 1 9 6 5 0 6.0
69 14 56 40 17 44 40 6536 1 12 12 30 0 5.0
70 47 23 40 45 25 40 45000 5 11 11 11 0 27 14 27 0 26 14 8 0 9 7 5 1 13 8 7 1 4.0
71 59 46 40 42 72 40 290 1 12 12 7 0 6.0
72 41 71 40 56 50 40 2585 5 17 12 15 0 10 8 3 0 10 7 10 0 22 17 5 0 12 8 9 1 6.0
73 62 48 40 37 69 40 17380 2 11 9 4 0 20 14 14 1 4.0
74 47 75 40 56 47 40 2428 3 16 11 16 0 22 21 4 0 10 10 6 0 6.0
75 42 25 40 56 46 40 7795 1 37 19 5 0 4.0
