10    106   45000 60    25    30   
0     70    70    0     70    70    1351  0     
1 37 83 40 66 96 40 6156 4 13 10 8 0 10 8 5 1 18 10 5 1 10 6 3 1 4.0
2 109 65 40 74 95 40 871 1 10 7 7 1 5.0
3 50 35 40 71 71 40 844 3 9 9 18 0 8 7 6 0 12 6 2 1 6.0
4 107 67 40 42 30 40 8533 1 17 12 12 1 4.0
5 73 114 40 44 23 40 3383 5 10 10 10 0 35 7 4 0 10 10 8 0 17 13 14 1 21 8 13 1 6.0
6 48 25 40 107 87 40 2764 4 13 12 12 0 9 8 6 0 12 6 1 0 18 13 8 0 6.0
7 100 30 40 99 70 40 19176 5 13 10 13 0 19 14 28 0 10 9 2 0 17 11 17 1 20 19 5 1 5.0
8 109 34 40 106 51 40 381 1 13 10 3 1 5.0
9 87 119 40 22 88 40 3225 2 20 17 5 0 9 6 2 0 5.0
10 91 89 40 69 101 40 43931 2 22 14 8 0 20 15 20 0 4.0
11 71 72 40 89 34 40 7272 4 15 10 5 0 10 10 10 0 9 6 9 0 13 13 5 1 4.0
12 71 39 40 120 55 40 223 1 12 8 7 1 6.0
13 113 80 40 42 43 40 4450 1 10 8 9 0 4.0
14 60 77 40 54 112 40 4954 4 20 17 4 0 10 8 5 0 21 18 6 0 10 8 6 1 5.0
15 47 79 40 51 62 40 3081 3 52 8 8 0 16 9 7 0 8 8 8 1 6.0
16 100 80 40 97 53 40 45000 1 33 18 18 0 4.0
17 47 22 40 105 105 40 1222 5 13 8 18 0 8 6 1 0 9 7 6 0 14 12 4 1 33 25 3 1 6.0
18 63 60 40 117 100 40 4210 2 14 10 4 0 15 10 10 0 4.0
19 104 74 40 95 24 40 45000 4 8 6 1 0 21 21 21 0 23 18 5 0 10 9 10 0 4.0
20 40 75 40 62 29 40 11152 5 52 11 5 0 15 10 5 0 21 8 13 0 11 8 8 0 14 12 9 0 5.0
21 99 34 40 104 27 40 969 2 46 8 4 0 10 7 1 1 6.0
22 27 99 40 49 102 40 22473 5 14 12 10 0 20 14 1 0 31 8 8 0 21 20 20 0 17 8 2 1 5.0
23 116 83 40 104 89 40 3565 2 9 9 14 0 12 12 3 0 4.0
24 48 70 40 108 57 40 9973 4 10 8 6 0 8 8 8 0 33 18 18 1 12 11 12 1 6.0
25 114 101 40 115 37 40 6037 2 29 16 6 0 9 7 9 0 5.0
26 77 61 40 76 61 40 3201 5 8 6 4 0 8 6 2 0 16 16 6 0 10 8 1 1 14 13 11 1 6.0
27 70 73 40 101 114 40 6484 3 46 20 8 0 18 10 6 0 13 13 1 1 6.0
28 37 32 40 86 42 40 5405 3 19 19 5 0 8 6 2 0 9 7 4 0 4.0
29 45 115 40 87 41 40 1922 5 13 10 3 0 18 9 3 0 11 10 10 0 15 15 3 1 8 6 2 1 6.0
30 106 65 40 104 20 40 162 1 8 7 8 0 6.0
31 48 74 40 34 39 40 45000 4 14 9 7 0 15 10 5 1 14 14 5 1 17 17 4 1 4.0
32 39 100 40 92 36 40 94 1 8 6 8 0 6.0
33 98 80 40 96 76 40 2009 5 17 11 6 0 17 16 4 0 8 6 4 0 11 9 8 1 10 9 5 1 6.0
34 98 101 40 110 21 40 17263 2 19 13 14 0 8 6 6 0 4.0
35 101 53 40 51 52 40 3371 5 24 18 6 0 37 23 2 0 33 9 7 1 12 8 11 1 8 7 6 1 6.0
36 46 40 40 98 78 40 1481 2 15 11 6 0 12 10 12 0 6.0
37 106 103 40 92 43 40 17678 2 9 6 5 0 20 20 19 0 4.0
38 43 77 40 76 50 40 1493 3 14 9 5 0 10 6 14 1 8 6 6 1 6.0
39 91 67 40 93 56 40 21183 3 51 15 8 0 20 20 25 0 15 15 8 1 5.0
40 63 51 40 71 108 40 108 1 8 6 1 0 4.0
41 100 79 40 112 76 40 7158 3 20 10 15 0 16 10 9 1 17 13 7 1 5.0
42 98 47 40 54 80 40 4760 5 10 10 15 0 18 15 10 0 8 8 3 0 10 7 4 0 11 9 9 0 6.0
43 43 57 40 80 103 40 45000 5 26 20 15 0 13 11 8 0 12 8 4 0 9 7 7 0 13 9 1 1 4.0
44 38 70 40 40 101 40 5973 3 15 11 8 0 19 16 2 1 8 6 8 1 4.0
45 106 57 40 95 103 40 8751 5 20 20 2 0 10 8 2 0 13 8 15 0 10 9 8 0 18 17 16 1 5.0
46 39 60 40 97 62 40 38170 5 18 16 16 0 17 13 14 0 31 6 8 0 27 9 30 0 10 9 14 1 4.0
47 52 36 40 119 38 40 8188 5 11 7 6 0 18 13 3 0 31 12 7 0 8 6 1 0 21 11 11 1 5.0
48 108 30 40 51 81 40 1571 1 10 10 10 1 5.0
49 116 110 40 45 35 40 12183 2 12 8 5 0 18 10 10 1 4.0
50 72 92 40 102 22 40 4622 2 17 14 11 0 13 13 8 1 5.0
51 95 111 40 92 108 40 1370 1 15 10 10 1 6.0
52 120 26 40 67 54 40 12167 5 13 11 16 0 10 8 7 0 12 12 5 0 31 10 8 1 47 17 10 1 6.0
53 113 72 40 115 51 40 7238 2 18 18 10 0 11 7 4 1 4.0
54 20 96 40 28 98 40 1120 4 14 9 5 0 12 6 3 0 12 10 2 0 12 9 8 0 6.0
55 108 97 40 81 70 40 3835 3 10 7 7 0 8 6 6 0 10 7 7 1 4.0
56 66 20 40 57 119 40 6843 1 25 17 5 0 4.0
57 57 94 40 24 108 40 2950 5 15 10 5 0 10 10 7 0 20 18 21 0 13 8 3 0 14 6 13 1 6.0
58 80 40 40 26 74 40 11322 2 36 25 8 0 9 7 6 0 5.0
59 62 75 40 66 79 40 5205 5 9 6 3 0 8 8 5 0 10 8 5 0 15 10 7 0 29 7 7 0 5.0
60 103 63 40 37 95 40 4909 3 21 17 6 0 9 8 8 0 13 8 5 0 5.0
61 23 59 40 102 46 40 17037 3 10 6 2 0 12 12 2 0 23 18 8 1 4.0
62 47 64 40 38 80 40 3825 1 20 18 8 0 5.0
63 113 27 40 55 69 40 553 1 13 10 3 0 5.0
64 71 60 40 91 34 40 24980 5 31 20 4 0 10 10 10 0 16 11 8 0 9 7 4 0 10 10 10 0 4.0
65 108 113 40 70 30 40 10047 5 19 19 5 0 8 6 1 0 13 13 6 0 26 23 18 0 18 8 18 0 6.0
66 114 117 40 117 68 40 15371 1 26 17 15 0 4.0
67 38 26 40 94 111 40 2965 3 20 9 6 0 20 15 2 0 27 6 4 1 5.0
68 106 34 40 41 47 40 749 2 15 8 15 0 15 6 3 0 6.0
69 76 60 40 44 71 40 363 1 8 6 5 1 5.0
70 41 20 40 106 54 40 45000 5 11 11 30 0 10 10 10 0 26 13 26 0 25 13 7 1 8 6 5 1 4.0
71 52 104 40 109 66 40 166 1 12 8 6 0 6.0
72 57 55 40 116 108 40 1589 4 11 11 6 0 16 12 14 0 10 8 3 0 9 6 9 0 6.0
73 94 76 40 78 87 40 9954 2 21 16 5 0 11 8 9 0 4.0
74 90 109 40 47 48 40 3305 4 11 8 4 0 18 13 13 0 15 10 15 1 20 19 4 1 6.0
75 115 60 40 27 120 40 8063 2 9 9 6 0 35 18 5 1 4.0
76 78 55 40 44 81 40 22200 3 49 23 3 0 16 10 5 0 51 8 4 0 4.0
77 89 79 40 117 55 40 20189 5 15 6 6 0 13 12 13 0 10 10 8 0 8 7 8 0 23 12 23 0 5.0
78 40 98 40 49 43 40 45000 3 48 20 5 0 31 22 30 0 10 8 5 0 4.0
79 108 69 40 28 106 40 7635 3 8 6 1 0 20 15 3 0 19 8 10 0 4.0
80 46 107 40 67 27 40 1071 1 14 14 3 0 5.0
81 94 21 40 112 91 40 19531 4 10 10 10 0 36 10 30 0 8 6 6 0 15 10 15 1 5.0
82 63 25 40 70 92 40 65 1 8 6 1 0 5.0
83 114 115 40 72 111 40 14417 4 10 8 6 0 19 18 5 0 11 11 14 0 21 8 13 1 4.0
84 42 99 40 62 22 40 9707 2 21 16 13 0 8 8 8 0 5.0
85 27 43 40 31 21 40 45000 1 53 15 18 0 4.0
86 80 28 40 78 39 40 8071 3 31 10 6 0 30 19 10 0 11 10 9 1 5.0
87 55 22 40 60 75 40 1561 3 13 13 13 0 30 10 8 0 8 8 15 0 6.0
88 59 65 40 89 60 40 2396 1 13 10 13 1 5.0
89 56 36 40 32 91 40 11210 5 18 10 8 0 16 10 8 0 19 19 11 0 10 6 2 0 14 13 12 1 5.0
90 73 85 40 23 56 40 1330 2 15 13 11 0 10 10 10 0 6.0
91 43 28 40 81 65 40 21376 4 12 12 14 0 14 11 10 0 15 8 4 0 23 20 8 1 4.0
92 75 115 40 55 76 40 417 1 9 7 3 0 4.0
93 89 83 40 35 53 40 1005 1 35 6 6 0 6.0
94 94 95 40 77 113 40 30597 5 16 14 8 0 21 18 6 0 29 25 23 0 9 6 2 0 10 6 5 1 5.0
95 82 35 40 77 53 40 1005 2 30 23 2 0 11 9 7 0 6.0
96 49 114 40 91 42 40 1133 1 12 9 9 1 5.0
97 55 99 40 51 104 40 3720 2 9 7 4 0 21 7 5 0 4.0
98 109 28 40 85 59 40 1503 4 15 8 10 0 18 13 5 0 8 8 10 0 26 19 1 1 6.0
99 83 115 40 98 57 40 3870 5 9 8 6 0 14 10 2 0 20 12 1 0 10 10 3 1 28 23 18 1 6.0
100 97 71 40 53 88 40 45000 5 32 25 20 0 11 11 18 0 8 6 10 0 12 11 13 1 8 7 2 1 4.0
101 118 46 40 120 92 40 1496 2 12 7 4 0 15 10 10 1 6.0
102 49 106 40 102 49 40 24838 4 10 7 6 0 9 7 4 0 38 11 26 1 20 13 23 1 5.0
103 34 89 40 79 92 40 4201 5 10 8 8 0 11 8 4 0 10 7 1 0 14 7 3 0 17 15 8 1 5.0
104 65 74 40 34 97 40 10391 4 8 8 8 0 8 6 2 0 20 10 10 0 30 25 30 0 6.0
105 67 57 40 98 76 40 9065 5 8 7 8 0 18 14 1 0 21 15 15 0 8 8 8 0 16 13 5 0 5.0
106 100 55 40 25 69 40 1776 2 14 10 3 0 10 8 15 0 5.0
