10    106   45000 60    25    30   
0     70    70    0     70    70    1351  0     
1 72 39 40 36 37 40 6156 4 13 10 8 0 10 8 5 1 18 10 5 1 10 6 3 1 4.0
2 105 71 40 104 110 40 871 1 10 7 7 1 5.0
3 109 74 40 113 32 40 844 3 9 9 18 0 8 7 6 0 12 6 2 1 6.0
4 99 78 40 110 103 40 8533 1 17 12 12 1 4.0
5 110 66 40 30 104 40 3383 5 10 10 10 0 35 7 4 0 10 10 8 0 17 13 14 1 21 8 13 1 6.0
6 77 42 40 105 36 40 2764 4 13 12 12 0 9 8 6 0 12 6 1 0 18 13 8 0 6.0
7 75 100 40 27 107 40 19176 5 13 10 13 0 19 14 28 0 10 9 2 0 17 11 17 1 20 19 5 1 5.0
8 76 40 40 110 105 40 381 1 13 10 3 1 5.0
9 34 62 40 115 114 40 3225 2 20 17 5 0 9 6 2 0 5.0
10 76 28 40 100 99 40 43931 2 22 14 8 0 20 15 20 0 4.0
11 30 79 40 42 31 40 7272 4 15 10 5 0 10 10 10 0 9 6 9 0 13 13 5 1 4.0
12 106 75 40 111 34 40 223 1 12 8 7 1 6.0
13 26 76 40 104 40 40 4450 1 10 8 9 0 4.0
14 39 70 40 34 115 40 4954 4 20 17 4 0 10 8 5 0 21 18 6 0 10 8 6 1 5.0
15 75 103 40 115 110 40 3081 3 52 8 8 0 16 9 7 0 8 8 8 1 6.0
16 109 65 40 33 40 40 45000 1 33 18 18 0 4.0
17 111 65 40 98 100 40 1222 5 13 8 18 0 8 6 1 0 9 7 6 0 14 12 4 1 33 25 3 1 6.0
18 67 32 40 28 34 40 4210 2 14 10 4 0 15 10 10 0 4.0
19 79 42 40 98 34 40 45000 4 8 6 1 0 21 21 21 0 23 18 5 0 10 9 10 0 4.0
20 67 113 40 35 34 40 11152 5 52 11 5 0 15 10 5 0 21 8 13 0 11 8 8 0 14 12 9 0 5.0
21 111 70 40 112 43 40 969 2 46 8 4 0 10 7 1 1 6.0
22 108 78 40 26 111 40 22473 5 14 12 10 0 20 14 1 0 31 8 8 0 21 20 20 0 17 8 2 1 5.0
23 68 39 40 103 38 40 3565 2 9 9 14 0 12 12 3 0 4.0
24 101 76 40 43 26 40 9973 4 10 8 6 0 8 8 8 0 33 18 18 1 12 11 12 1 6.0
25 103 73 40 29 106 40 6037 2 29 16 6 0 9 7 9 0 5.0
26 102 78 40 101 108 40 3201 5 8 6 4 0 8 6 2 0 16 16 6 0 10 8 1 1 14 13 11 1 6.0
27 62 39 40 113 99 40 6484 3 46 20 8 0 18 10 6 0 13 13 1 1 6.0
28 70 38 40 37 98 40 5405 3 19 19 5 0 8 6 2 0 9 7 4 0 4.0
29 75 115 40 100 29 40 1922 5 13 10 3 0 18 9 3 0 11 10 10 0 15 15 3 1 8 6 2 1 6.0
30 63 34 40 110 34 40 162 1 8 7 8 0 6.0
31 63 110 40 38 29 40 45000 4 14 9 7 0 15 10 5 1 14 14 5 1 17 17 4 1 4.0
32 38 66 40 34 27 40 94 1 8 6 8 0 6.0
33 64 40 40 37 103 40 2009 5 17 11 6 0 17 16 4 0 8 6 4 0 11 9 8 1 10 9 5 1 6.0
34 70 98 40 104 104 40 17263 2 19 13 14 0 8 6 6 0 4.0
35 42 69 40 105 39 40 3371 5 24 18 6 0 37 23 2 0 33 9 7 1 12 8 11 1 8 7 6 1 6.0
36 103 63 40 100 110 40 1481 2 15 11 6 0 12 10 12 0 6.0
37 108 73 40 33 104 40 17678 2 9 6 5 0 20 20 19 0 4.0
38 66 115 40 115 105 40 1493 3 14 9 5 0 10 6 14 1 8 6 6 1 6.0
39 36 64 40 104 43 40 21183 3 51 15 8 0 20 20 25 0 15 15 8 1 5.0
40 41 69 40 106 114 40 108 1 8 6 1 0 4.0
41 69 27 40 43 104 40 7158 3 20 10 15 0 16 10 9 1 17 13 7 1 5.0
42 111 79 40 32 107 40 4760 5 10 10 15 0 18 15 10 0 8 8 3 0 10 7 4 0 11 9 9 0 6.0
43 104 79 40 33 102 40 45000 5 26 20 15 0 13 11 8 0 12 8 4 0 9 7 7 0 13 9 1 1 4.0
44 104 75 40 108 41 40 5973 3 15 11 8 0 19 16 2 1 8 6 8 1 4.0
45 30 67 40 99 109 40 8751 5 20 20 2 0 10 8 2 0 13 8 15 0 10 9 8 0 18 17 16 1 5.0
46 69 37 40 41 43 40 38170 5 18 16 16 0 17 13 14 0 31 6 8 0 27 9 30 0 10 9 14 1 4.0
47 35 74 40 99 115 40 8188 5 11 7 6 0 18 13 3 0 31 12 7 0 8 6 1 0 21 11 11 1 5.0
48 70 114 40 34 30 40 1571 1 10 10 10 1 5.0
49 33 63 40 35 27 40 12183 2 12 8 5 0 18 10 10 1 4.0
50 41 73 40 37 100 40 4622 2 17 14 11 0 13 13 8 1 5.0
51 106 63 40 105 40 40 1370 1 15 10 10 1 6.0
52 71 35 40 29 110 40 12167 5 13 11 16 0 10 8 7 0 12 12 5 0 31 10 8 1 47 17 10 1 6.0
53 69 101 40 114 42 40 7238 2 18 18 10 0 11 7 4 1 4.0
54 31 76 40 34 107 40 1120 4 14 9 5 0 12 6 3 0 12 10 2 0 12 9 8 0 6.0
55 33 75 40 28 40 40 3835 3 10 7 7 0 8 6 6 0 10 7 7 1 4.0
56 112 69 40 37 35 40 6843 1 25 17 5 0 4.0
57 79 102 40 115 103 40 2950 5 15 10 5 0 10 10 7 0 20 18 21 0 13 8 3 0 14 6 13 1 6.0
58 41 70 40 114 32 40 11322 2 36 25 8 0 9 7 6 0 5.0
59 76 41 40 30 107 40 5205 5 9 6 3 0 8 8 5 0 10 8 5 0 15 10 7 0 29 7 7 0 5.0
60 77 105 40 98 98 40 4909 3 21 17 6 0 9 8 8 0 13 8 5 0 5.0
61 75 36 40 30 37 40 17037 3 10 6 2 0 12 12 2 0 23 18 8 1 4.0
62 63 99 40 32 32 40 3825 1 20 18 8 0 5.0
63 104 69 40 107 98 40 553 1 13 10 3 0 5.0
64 78 100 40 106 36 40 24980 5 31 20 4 0 10 10 10 0 16 11 8 0 9 7 4 0 10 10 10 0 4.0
65 70 28 40 35 26 40 10047 5 19 19 5 0 8 6 1 0 13 13 6 0 26 23 18 0 18 8 18 0 6.0
66 34 72 40 113 41 40 15371 1 26 17 15 0 4.0
67 113 76 40 40 101 40 2965 3 20 9 6 0 20 15 2 0 27 6 4 1 5.0
68 74 101 40 26 112 40 749 2 15 8 15 0 15 6 3 0 6.0
69 33 70 40 101 106 40 363 1 8 6 5 1 5.0
70 29 70 40 36 34 40 45000 5 11 11 30 0 10 10 10 0 26 13 26 0 25 13 7 1 8 6 5 1 4.0
71 75 33 40 110 42 40 166 1 12 8 6 0 6.0
72 69 106 40 114 33 40 1589 4 11 11 6 0 16 12 14 0 10 8 3 0 9 6 9 0 6.0
73 35 66 40 34 31 40 9954 2 21 16 5 0 11 8 9 0 4.0
74 109 70 40 36 111 40 3305 4 11 8 4 0 18 13 13 0 15 10 15 1 20 19 4 1 6.0
75 67 107 40 34 100 40 8063 2 9 9 6 0 35 18 5 1 4.0
76 38 65 40 28 31 40 22200 3 49 23 3 0 16 10 5 0 51 8 4 0 4.0
77 111 75 40 98 107 40 20189 5 15 6 6 0 13 12 13 0 10 10 8 0 8 7 8 0 23 12 23 0 5.0
78 63 28 40 34 111 40 45000 3 48 20 5 0 31 22 30 0 10 8 5 0 4.0
79 68 105 40 101 37 40 7635 3 8 6 1 0 20 15 3 0 19 8 10 0 4.0
80 72 104 40 40 114 40 1071 1 14 14 3 0 5.0
81 74 39 40 108 112 40 19531 4 10 10 10 0 36 10 30 0 8 6 6 0 15 10 15 1 5.0
82 101 79 40 32 36 40 65 1 8 6 1 0 5.0
83 39 71 40 28 35 40 14417 4 10 8 6 0 19 18 5 0 11 11 14 0 21 8 13 1 4.0
84 79 103 40 115 34 40 9707 2 21 16 13 0 8 8 8 0 5.0
85 67 111 40 27 103 40 45000 1 53 15 18 0 4.0
86 35 76 40 108 102 40 8071 3 31 10 6 0 30 19 10 0 11 10 9 1 5.0
87 106 66 40 102 106 40 1561 3 13 13 13 0 30 10 8 0 8 8 15 0 6.0
88 99 72 40 104 102 40 2396 1 13 10 13 1 5.0
89 31 77 40 38 34 40 11210 5 18 10 8 0 16 10 8 0 19 19 11 0 10 6 2 0 14 13 12 1 5.0
90 32 73 40 99 106 40 1330 2 15 13 11 0 10 10 10 0 6.0
91 26 73 40 109 34 40 21376 4 12 12 14 0 14 11 10 0 15 8 4 0 23 20 8 1 4.0
92 72 33 40 41 103 40 417 1 9 7 3 0 4.0
93 74 104 40 105 34 40 1005 1 35 6 6 0 6.0
94 78 29 40 100 112 40 30597 5 16 14 8 0 21 18 6 0 29 25 23 0 9 6 2 0 10 6 5 1 5.0
95 102 65 40 31 102 40 1005 2 30 23 2 0 11 9 7 0 6.0
96 70 108 40 42 114 40 1133 1 12 9 9 1 5.0
97 73 26 40 113 109 40 3720 2 9 7 4 0 21 7 5 0 4.0
98 62 27 40 26 100 40 1503 4 15 8 10 0 18 13 5 0 8 8 10 0 26 19 1 1 6.0
99 76 33 40 98 31 40 3870 5 9 8 6 0 14 10 2 0 20 12 1 0 10 10 3 1 28 23 18 1 6.0
100 77 106 40 38 36 40 45000 5 32 25 20 0 11 11 18 0 8 6 10 0 12 11 13 1 8 7 2 1 4.0
101 64 101 40 37 38 40 1496 2 12 7 4 0 15 10 10 1 6.0
102 73 27 40 107 31 40 24838 4 10 7 6 0 9 7 4 0 38 11 26 1 20 13 23 1 5.0
103 64 100 40 28 36 40 4201 5 10 8 8 0 11 8 4 0 10 7 1 0 14 7 3 0 17 15 8 1 5.0
104 62 112 40 30 27 40 10391 4 8 8 8 0 8 6 2 0 20 10 10 0 30 25 30 0 6.0
105 72 111 40 42 111 40 9065 5 8 7 8 0 18 14 1 0 21 15 15 0 8 8 8 0 16 13 5 0 5.0
106 41 76 40 110 43 40 1776 2 14 10 3 0 10 8 15 0 5.0
