10    106   45000 60    25    30   
0     70    70    0     70    70    1351  0     
1 37 110 40 33 110 40 45000 4 10 10 10 0 23 18 8 1 44 6 26 1 16 9 9 1 4.0
2 35 80 40 74 114 40 147 1 12 7 3 1 6.0
3 34 33 40 79 114 40 421 3 11 6 1 0 8 5 5 0 10 10 8 1 6.0
4 24 65 40 74 102 40 2292 1 16 11 6 1 4.0
5 74 117 40 108 100 40 3738 5 8 5 5 0 18 13 14 0 9 5 3 0 8 7 3 1 10 10 10 1 6.0
6 35 40 40 40 114 40 30621 4 18 18 18 0 18 7 2 0 10 10 14 0 11 10 6 0 4.0
7 68 28 40 30 101 40 23910 5 8 5 1 0 10 8 6 0 15 15 15 0 8 7 5 1 10 10 12 1 4.0
8 107 39 40 67 23 40 349 1 12 10 10 1 6.0
9 70 32 40 117 103 40 9361 2 52 25 1 0 15 15 15 0 5.0
10 23 110 40 102 30 40 7322 2 46 12 6 0 11 8 1 0 4.0
11 106 110 40 112 30 40 3135 4 14 12 9 0 8 8 2 0 9 5 4 0 34 5 5 1 5.0
12 35 75 40 70 110 40 2773 1 34 17 4 1 5.0
13 76 108 40 62 39 40 261 1 11 5 2 0 4.0
14 36 70 40 105 116 40 9932 4 10 9 3 0 13 7 5 0 31 25 20 0 9 5 9 1 6.0
15 112 65 40 74 27 40 1965 3 12 4 13 0 25 5 5 0 8 8 2 1 5.0
16 72 118 40 108 75 40 431 1 10 8 3 0 5.0
17 104 114 40 104 32 40 5142 5 12 12 10 0 22 22 22 0 9 6 3 0 27 20 5 1 8 8 8 1 6.0
18 68 105 40 109 76 40 3759 2 12 7 7 0 27 23 9 0 6.0
19 34 80 40 29 67 40 23446 4 18 14 27 0 9 8 9 0 10 7 4 0 30 14 21 0 5.0
20 25 108 40 36 66 40 27401 5 8 5 1 0 19 7 11 0 28 17 10 0 30 20 20 0 28 25 8 0 5.0
21 31 103 40 73 118 40 38356 2 30 25 4 0 25 18 17 1 4.0
22 41 28 40 104 34 40 20771 5 30 9 10 0 17 12 11 0 8 5 5 0 10 8 10 0 24 10 2 1 4.0
23 112 24 40 30 111 40 6645 2 18 15 15 0 30 14 10 0 6.0
24 39 23 40 108 29 40 7407 4 10 8 2 0 8 6 2 0 32 22 18 1 12 10 8 1 6.0
25 34 37 40 75 41 40 3922 2 8 5 3 0 10 10 10 0 4.0
26 38 32 40 25 61 40 16544 5 10 9 6 0 46 20 5 0 10 8 15 0 18 18 5 1 29 21 11 1 5.0
27 62 42 40 65 118 40 2122 3 11 7 7 0 22 7 5 0 16 11 1 1 5.0
28 40 76 40 30 115 40 3564 3 8 8 13 0 18 10 15 0 8 8 8 0 6.0
29 30 64 40 108 117 40 5733 5 10 10 5 0 9 7 7 0 30 7 7 0 10 10 10 1 9 6 8 1 5.0
30 112 114 40 70 113 40 1289 1 16 12 2 0 4.0
31 71 31 40 66 26 40 29095 4 14 11 6 0 17 10 30 1 26 6 6 1 8 8 5 1 4.0
32 112 29 40 72 30 40 2872 1 26 25 3 0 5.0
33 34 23 40 27 68 40 2702 5 25 9 10 0 10 5 2 0 17 17 6 0 17 6 1 1 34 6 4 1 6.0
34 38 34 40 110 70 40 5131 2 20 15 2 0 12 12 8 0 4.0
35 108 33 40 66 116 40 5069 5 8 8 5 0 17 11 11 0 10 8 4 1 10 5 2 1 15 11 6 1 5.0
36 38 40 40 101 69 40 1006 2 8 8 6 0 12 9 1 0 4.0
37 41 70 40 34 100 40 29947 2 15 11 25 0 8 5 2 0 4.0
38 102 71 40 32 40 40 1229 3 10 10 7 0 17 17 2 1 8 7 6 1 6.0
39 70 108 40 103 107 40 7533 3 18 10 12 0 10 10 5 0 8 5 3 1 4.0
40 74 99 40 116 72 40 28141 1 21 16 14 0 4.0
41 33 102 40 117 40 40 1216 3 8 8 13 0 9 7 6 1 10 10 13 1 6.0
42 101 102 40 105 62 40 5805 5 17 12 11 0 20 20 16 0 10 8 5 0 21 7 12 0 9 9 1 0 6.0
43 118 111 40 68 100 40 17222 5 25 6 6 0 20 15 10 0 27 8 25 0 16 12 6 0 9 6 1 1 5.0
44 117 108 40 35 118 40 36263 3 9 5 2 0 18 12 27 1 32 25 30 1 5.0
45 67 28 40 108 108 40 2159 5 8 6 3 0 13 8 6 0 8 6 4 0 9 9 9 0 8 6 8 1 6.0
46 24 39 40 101 111 40 45000 5 10 8 7 0 28 24 19 0 8 5 5 0 21 16 5 0 13 7 4 1 4.0
47 72 108 40 30 79 40 45000 5 9 5 2 0 10 10 17 0 15 15 17 0 9 5 1 0 8 6 6 1 4.0
48 35 34 40 80 116 40 899 1 22 13 4 1 6.0
49 69 118 40 40 69 40 4515 2 10 10 10 0 25 8 7 1 5.0
50 41 111 40 34 110 40 3316 2 11 8 14 0 14 11 11 1 5.0
51 99 31 40 63 27 40 1016 1 15 13 6 1 6.0
52 116 39 40 107 64 40 24897 5 13 13 5 0 20 12 11 0 10 10 1 0 20 17 4 1 16 11 6 1 4.0
53 31 61 40 36 78 40 2004 2 10 7 1 0 19 7 11 1 5.0
54 115 40 40 36 72 40 2388 4 8 5 3 0 8 8 6 0 20 12 30 0 13 12 11 0 6.0
55 78 117 40 117 110 40 8803 3 7 6 6 0 10 10 7 0 10 10 10 1 4.0
56 34 68 40 117 105 40 649 1 10 9 5 0 5.0
57 111 32 40 105 64 40 4903 5 8 6 2 0 12 7 29 0 10 10 10 0 49 20 7 0 15 6 13 1 6.0
58 40 32 40 39 30 40 25475 2 21 13 7 0 16 6 23 0 4.0
59 112 34 40 105 34 40 25592 5 12 12 9 0 15 15 6 0 11 8 3 0 20 17 17 0 14 14 5 0 4.0
60 25 76 40 116 79 40 190 3 8 8 5 0 10 10 1 0 8 6 3 0 6.0
61 74 30 40 36 79 40 45000 3 19 19 30 0 21 17 6 0 9 6 6 1 4.0
62 107 109 40 107 106 40 2330 1 15 5 11 0 4.0
63 68 118 40 76 103 40 631 1 15 10 4 0 5.0
64 64 26 40 101 63 40 7565 5 11 11 7 0 25 15 12 0 8 8 8 0 8 8 10 0 14 11 6 0 6.0
65 61 111 40 33 32 40 21799 5 22 22 17 0 8 6 4 0 8 6 2 0 18 10 5 0 28 23 4 0 5.0
66 39 115 40 79 118 40 323 1 10 8 5 0 6.0
67 65 42 40 72 31 40 6208 3 12 8 3 0 20 8 13 0 23 16 5 1 5.0
68 114 24 40 104 41 40 23452 2 22 17 22 0 9 6 9 0 4.0
69 66 40 40 41 25 40 413 1 11 11 9 1 6.0
70 104 112 40 24 27 40 14591 5 8 5 1 0 18 15 9 0 22 22 10 0 15 10 14 1 22 17 12 1 6.0
71 100 80 40 112 40 40 1596 1 13 12 9 0 5.0
72 113 80 40 99 75 40 27931 4 12 9 4 0 11 9 7 0 15 15 18 0 10 10 10 0 4.0
73 35 30 40 33 108 40 4587 2 22 17 7 0 12 8 2 0 5.0
74 100 78 40 25 66 40 741 4 9 6 5 0 17 12 7 0 10 8 15 1 8 8 10 1 6.0
75 80 28 40 28 100 40 5841 2 25 10 4 0 39 6 26 1 6.0
76 71 29 40 99 116 40 6857 3 20 15 2 0 10 8 7 0 19 13 11 0 5.0
77 111 102 40 102 36 40 1490 5 17 5 13 0 8 7 7 0 9 9 6 0 34 6 4 0 22 17 7 0 6.0
78 115 38 40 108 77 40 1461 3 15 7 5 0 10 10 15 0 10 7 3 0 6.0
79 106 42 40 34 79 40 5536 3 17 17 5 0 10 8 2 0 8 6 2 0 4.0
80 38 103 40 32 39 40 3103 1 21 18 5 0 5.0
81 32 42 40 62 27 40 6789 4 29 25 20 0 9 6 3 0 34 5 5 0 16 10 6 1 6.0
82 29 74 40 80 115 40 16970 1 15 8 30 0 4.0
83 108 70 40 39 64 40 9267 4 9 7 9 0 16 15 11 0 10 8 4 0 10 10 10 1 4.0
84 25 32 40 113 37 40 1598 2 11 11 9 0 10 7 3 0 5.0
85 114 78 40 113 79 40 4824 1 30 5 5 0 4.0
86 71 26 40 36 114 40 8297 3 20 16 5 0 25 12 1 0 14 8 7 1 4.0
87 30 24 40 29 104 40 5634 3 17 8 13 0 22 19 9 0 11 8 1 0 6.0
88 117 70 40 99 71 40 21871 1 17 10 15 1 4.0
89 103 115 40 34 42 40 5386 5 13 11 6 0 18 13 8 0 7 5 5 0 19 15 1 0 8 5 1 1 5.0
90 40 62 40 109 67 40 2363 2 9 8 10 0 21 16 4 0 5.0
91 105 104 40 110 73 40 3741 4 9 7 6 0 14 12 4 0 11 10 1 0 8 5 4 1 4.0
92 38 113 40 102 25 40 247 1 9 8 3 0 5.0
93 108 35 40 73 40 40 80 1 9 5 2 0 6.0
94 104 115 40 107 78 40 45000 5 24 14 30 0 29 10 29 0 29 19 10 0 16 8 30 0 24 21 24 1 4.0
95 118 72 40 102 112 40 1779 2 18 13 5 0 12 8 7 0 6.0
96 64 111 40 99 32 40 3265 1 22 16 8 1 5.0
97 35 33 40 79 32 40 2713 2 8 5 3 0 14 8 11 0 5.0
98 80 35 40 34 39 40 1498 4 8 7 9 0 8 5 8 0 7 6 5 0 10 5 7 1 5.0
99 104 106 40 116 74 40 9993 5 8 5 1 0 8 6 6 0 8 5 1 0 22 22 25 1 8 6 5 1 6.0
100 37 76 40 36 100 40 6644 5 10 10 12 0 16 15 4 0 8 8 8 0 8 5 1 1 14 12 9 1 5.0
101 101 106 40 28 42 40 2230 2 14 9 5 0 12 7 3 1 4.0
102 32 118 40 101 31 40 15244 4 15 15 12 0 25 15 7 0 10 10 10 1 11 8 12 1 4.0
103 39 102 40 31 107 40 15748 5 8 5 1 0 23 20 10 0 20 17 17 0 8 7 1 0 15 15 1 1 5.0
104 27 102 40 72 104 40 6401 4 16 13 3 0 17 10 5 0 8 8 7 0 25 19 3 0 5.0
105 73 31 40 73 39 40 3856 5 23 7 18 0 10 10 10 0 12 10 10 0 15 7 7 0 10 7 3 0 6.0
106 113 118 40 64 109 40 110 2 9 6 4 0 8 5 1 0 6.0
