10    106   45000 60    25    30   
0     70    70    0     70    70    1351  0     
1 37 83 40 66 96 40 3804 4 13 11 5 0 9 6 2 1 9 9 9 1 8 8 6 1 4.0
2 109 65 40 74 95 40 4364 1 15 15 15 1 5.0
3 50 35 40 71 71 40 2615 3 10 9 14 0 8 6 2 0 14 14 9 1 6.0
4 107 67 40 42 30 40 45000 1 33 24 23 1 4.0
5 73 114 40 44 23 40 3388 5 15 15 5 0 28 18 8 0 23 18 5 0 23 19 5 1 18 18 5 1 6.0
6 48 25 40 107 87 40 3068 4 12 7 5 0 8 8 5 0 10 10 26 0 10 8 3 0 6.0
7 100 30 40 99 70 40 10393 5 21 15 26 0 50 24 3 0 9 9 1 0 8 6 3 1 10 10 10 1 6.0
8 109 34 40 106 51 40 468 1 23 15 3 1 6.0
9 87 119 40 22 88 40 3114 2 11 11 8 0 11 7 3 0 4.0
10 91 89 40 69 101 40 16253 2 10 6 3 0 15 15 20 0 4.0
11 71 72 40 89 34 40 26106 4 23 23 14 0 31 24 14 0 8 8 3 0 11 7 8 1 5.0
12 71 39 40 120 55 40 901 1 8 8 8 1 5.0
13 113 80 40 42 43 40 2714 1 10 10 10 0 4.0
14 60 77 40 54 112 40 6762 4 30 20 4 0 25 25 4 0 20 16 4 0 10 10 10 1 6.0
15 47 79 40 51 62 40 5769 3 19 19 21 0 9 6 4 0 18 5 5 1 6.0
16 100 80 40 97 53 40 1801 1 27 6 8 0 5.0
17 47 22 40 105 105 40 2244 5 9 7 11 0 9 6 2 0 11 11 11 0 9 7 6 1 13 9 13 1 6.0
18 63 60 40 117 100 40 726 2 8 7 4 0 10 9 6 0 6.0
19 104 74 40 95 24 40 26486 4 9 9 2 0 20 15 5 0 12 8 6 0 10 7 10 0 4.0
20 40 75 40 62 29 40 13883 5 12 11 13 0 12 10 9 0 12 11 12 0 10 10 10 0 26 22 11 0 5.0
21 99 34 40 104 27 40 1013 2 10 8 6 0 9 6 6 1 5.0
22 27 99 40 49 102 40 8572 5 15 15 10 0 18 14 10 0 53 22 8 0 9 7 8 0 20 13 12 1 6.0
23 116 83 40 104 89 40 808 2 13 13 20 0 8 6 6 0 6.0
24 48 70 40 108 57 40 2337 4 27 22 2 0 28 10 4 0 7 6 5 1 11 9 6 1 6.0
25 114 101 40 115 37 40 22396 2 26 9 26 0 24 8 3 0 4.0
26 77 61 40 76 61 40 3474 5 10 8 3 0 8 6 6 0 10 8 5 0 11 7 7 1 8 8 8 1 5.0
27 70 73 40 101 114 40 3135 3 10 8 6 0 8 6 1 0 25 20 4 1 5.0
28 37 32 40 86 42 40 20391 3 13 13 5 0 17 17 6 0 25 6 6 0 4.0
29 45 115 40 87 41 40 9503 5 18 18 24 0 19 10 8 0 10 8 3 0 10 10 13 1 10 9 8 1 6.0
30 106 65 40 104 20 40 680 1 8 7 11 0 5.0
31 48 74 40 34 39 40 9760 4 9 8 7 0 13 13 12 1 14 9 3 1 15 15 5 1 4.0
32 39 100 40 92 36 40 3592 1 15 10 15 0 5.0
33 98 80 40 96 76 40 4690 5 11 8 2 0 8 8 8 0 9 8 5 0 8 6 7 1 50 6 10 1 5.0
34 98 101 40 110 21 40 13752 2 8 8 8 0 38 25 10 0 5.0
35 101 53 40 51 52 40 14088 5 14 9 1 0 18 14 10 0 30 20 10 1 19 19 6 1 21 17 8 1 6.0
36 46 40 40 98 78 40 3705 2 15 15 15 0 24 12 10 0 6.0
37 106 103 40 92 43 40 4885 2 15 10 9 0 37 9 7 0 5.0
38 43 77 40 76 50 40 2463 3 15 15 3 0 10 9 3 1 8 8 8 1 5.0
39 91 67 40 93 56 40 12980 3 35 18 8 0 15 13 8 0 20 20 16 1 6.0
40 63 51 40 71 108 40 1764 1 8 8 15 0 4.0
41 100 79 40 112 76 40 1510 3 11 8 5 0 9 7 4 1 21 8 13 1 6.0
42 98 47 40 54 80 40 23444 5 16 13 6 0 13 10 9 0 10 9 8 0 25 20 10 0 15 15 15 0 4.0
43 43 57 40 80 103 40 45000 5 13 13 13 0 18 18 5 0 24 24 30 0 8 8 8 0 23 11 20 1 4.0
44 38 70 40 40 101 40 3112 3 16 11 19 0 26 25 3 1 9 6 2 1 6.0
45 106 57 40 95 103 40 3017 5 53 25 6 0 17 10 22 0 10 8 13 0 8 6 5 0 10 6 2 1 6.0
46 39 60 40 97 62 40 24565 5 12 10 8 0 12 11 7 0 13 11 9 0 20 20 10 0 8 6 6 1 4.0
47 52 36 40 119 38 40 7183 5 17 17 18 0 10 6 2 0 15 7 5 0 18 14 10 0 13 6 4 1 6.0
48 108 30 40 51 81 40 800 1 9 6 13 1 5.0
49 116 110 40 45 35 40 39336 2 15 15 15 0 36 25 11 1 4.0
50 72 92 40 102 22 40 885 2 10 8 10 0 9 6 3 1 6.0
51 95 111 40 92 108 40 170 1 8 8 3 1 6.0
52 120 26 40 67 54 40 27340 5 13 13 17 0 9 7 2 0 10 10 10 0 13 11 9 1 20 15 15 1 4.0
53 113 72 40 115 51 40 1240 2 20 13 5 0 10 8 1 1 6.0
54 20 96 40 28 98 40 6845 4 10 8 5 0 11 9 13 0 9 8 5 0 13 6 4 0 4.0
55 108 97 40 81 70 40 11426 3 10 10 12 0 12 7 6 0 12 10 8 1 4.0
56 66 20 40 57 119 40 356 1 9 6 5 0 5.0
57 57 94 40 24 108 40 32694 5 26 12 28 0 22 10 6 0 28 24 19 0 9 6 9 0 10 8 5 1 5.0
58 80 40 40 26 74 40 14054 2 30 22 8 0 8 8 8 0 4.0
59 62 75 40 66 79 40 8837 5 42 25 4 0 8 6 1 0 23 18 14 0 14 9 7 0 46 8 30 0 6.0
60 103 63 40 37 95 40 4869 3 17 8 5 0 17 10 10 0 24 18 5 0 5.0
61 23 59 40 102 46 40 45000 3 13 9 2 0 24 13 13 0 27 18 11 1 4.0
62 47 64 40 38 80 40 585 1 8 8 8 0 5.0
63 113 27 40 55 69 40 3201 1 40 8 8 0 5.0
64 71 60 40 91 34 40 45000 5 9 6 2 0 9 9 4 0 15 9 7 0 27 15 22 0 8 8 5 0 4.0
65 108 113 40 70 30 40 6408 5 20 15 2 0 15 15 5 0 20 7 6 0 8 6 14 0 15 8 6 0 5.0
66 114 117 40 117 68 40 19058 1 24 14 30 0 4.0
67 38 26 40 94 111 40 45000 3 14 13 10 0 20 15 19 0 8 6 5 1 4.0
68 106 34 40 41 47 40 5350 2 35 10 10 0 13 7 4 0 5.0
69 76 60 40 44 71 40 939 1 11 7 7 1 5.0
70 41 20 40 106 54 40 26807 5 20 15 2 0 50 25 2 0 35 18 10 0 17 12 12 1 15 8 23 1 4.0
71 52 104 40 109 66 40 197 1 10 10 3 0 6.0
72 57 55 40 116 108 40 11418 4 16 10 6 0 9 9 9 0 18 16 14 0 11 10 6 0 4.0
73 94 76 40 78 87 40 5158 2 30 8 8 0 13 9 9 0 5.0
74 90 109 40 47 48 40 16257 4 10 8 3 0 17 17 25 0 23 18 13 1 20 19 6 1 5.0
75 115 60 40 27 120 40 1498 2 16 8 2 0 34 12 10 1 6.0
76 78 55 40 44 81 40 14228 3 26 25 4 0 25 19 5 0 13 9 6 0 4.0
77 89 79 40 117 55 40 6388 5 10 6 3 0 9 7 4 0 11 10 12 0 10 9 12 0 8 8 8 0 4.0
78 40 98 40 49 43 40 14106 3 30 20 15 0 8 8 7 0 28 25 4 0 5.0
79 108 69 40 28 106 40 1591 3 8 6 6 0 15 8 6 0 9 6 5 0 5.0
80 46 107 40 67 27 40 374 1 10 7 6 0 6.0
81 94 21 40 112 91 40 204 4 8 6 1 0 9 7 3 0 10 8 8 0 10 7 6 1 6.0
82 63 25 40 70 92 40 3325 1 16 15 6 0 4.0
83 114 115 40 72 111 40 12735 4 12 9 13 0 17 7 10 0 8 8 10 0 11 9 7 1 4.0
84 42 99 40 62 22 40 1098 2 9 8 7 0 9 7 5 0 5.0
85 27 43 40 31 21 40 718 1 10 6 3 0 4.0
86 80 28 40 78 39 40 13613 3 9 7 4 0 12 12 19 0 19 19 12 1 4.0
87 55 22 40 60 75 40 9329 3 20 10 25 0 11 9 8 0 10 10 15 0 5.0
88 59 65 40 89 60 40 982 1 10 10 8 1 5.0
89 56 36 40 32 91 40 22869 5 45 13 8 0 10 8 8 0 47 6 30 0 30 17 4 0 10 10 10 1 5.0
90 73 85 40 23 56 40 1399 2 8 8 8 0 10 10 8 0 5.0
91 43 28 40 81 65 40 991 4 9 6 2 0 10 6 3 0 13 6 5 0 8 7 6 1 6.0
92 75 115 40 55 76 40 147 1 8 6 2 0 5.0
93 89 83 40 35 53 40 578 1 12 8 7 0 6.0
94 94 95 40 77 113 40 9350 5 9 9 14 0 8 8 8 0 9 7 5 0 30 6 4 0 13 8 8 1 4.0
95 82 35 40 77 53 40 9371 2 25 25 10 0 15 15 3 0 5.0
96 49 114 40 91 42 40 127 1 15 8 3 1 6.0
97 55 99 40 51 104 40 11815 2 8 6 3 0 16 12 23 0 4.0
98 109 28 40 85 59 40 10478 4 9 6 2 0 20 15 2 0 10 10 4 0 16 16 18 1 4.0
99 83 115 40 98 57 40 29491 5 26 8 8 0 33 25 22 0 10 6 6 0 15 11 18 1 11 7 6 1 5.0
100 97 71 40 53 88 40 15485 5 12 10 8 0 10 10 15 0 14 14 9 0 8 6 6 1 24 18 8 1 4.0
101 118 46 40 120 92 40 6330 2 19 14 7 0 16 16 6 1 4.0
102 49 106 40 102 49 40 3056 4 30 9 4 0 9 7 14 0 35 15 10 1 8 8 25 1 6.0
103 34 89 40 79 92 40 19202 5 12 12 13 0 11 6 4 0 9 6 3 0 11 11 15 0 15 10 2 1 4.0
104 65 74 40 34 97 40 5663 4 23 19 4 0 9 8 9 0 15 15 18 0 10 10 2 0 6.0
105 67 57 40 98 76 40 8599 5 18 11 20 0 17 15 5 0 16 16 30 0 18 13 8 0 15 13 8 0 6.0
106 100 55 40 25 69 40 7057 2 30 20 8 0 17 17 9 0 6.0
