10    106   45000 60    25    30   
0     70    70    0     70    70    1351  0     
1 37 83 40 66 96 40 45000 4 10 10 10 0 23 18 8 1 44 6 26 1 16 9 9 1 4.0
2 109 65 40 74 95 40 147 1 12 7 3 1 6.0
3 50 35 40 71 71 40 421 3 11 6 1 0 8 5 5 0 10 10 8 1 6.0
4 107 67 40 42 30 40 2292 1 16 11 6 1 4.0
5 73 114 40 44 23 40 3738 5 8 5 5 0 18 13 14 0 9 5 3 0 8 7 3 1 10 10 10 1 6.0
6 48 25 40 107 87 40 30621 4 18 18 18 0 18 7 2 0 10 10 14 0 11 10 6 0 4.0
7 100 30 40 99 70 40 23910 5 8 5 1 0 10 8 6 0 15 15 15 0 8 7 5 1 10 10 12 1 4.0
8 109 34 40 106 51 40 349 1 12 10 10 1 6.0
9 87 119 40 22 88 40 9361 2 52 25 1 0 15 15 15 0 5.0
10 91 89 40 69 101 40 7322 2 46 12 6 0 11 8 1 0 4.0
11 71 72 40 89 34 40 3135 4 14 12 9 0 8 8 2 0 9 5 4 0 34 5 5 1 5.0
12 71 39 40 120 55 40 2773 1 34 17 4 1 5.0
13 113 80 40 42 43 40 261 1 11 5 2 0 4.0
14 60 77 40 54 112 40 9932 4 10 9 3 0 13 7 5 0 31 25 20 0 9 5 9 1 6.0
15 47 79 40 51 62 40 1965 3 12 4 13 0 25 5 5 0 8 8 2 1 5.0
16 100 80 40 97 53 40 431 1 10 8 3 0 5.0
17 47 22 40 105 105 40 5142 5 12 12 10 0 22 22 22 0 9 6 3 0 27 20 5 1 8 8 8 1 6.0
18 63 60 40 117 100 40 3759 2 12 7 7 0 27 23 9 0 6.0
19 104 74 40 95 24 40 23446 4 18 14 27 0 9 8 9 0 10 7 4 0 30 14 21 0 5.0
20 40 75 40 62 29 40 27401 5 8 5 1 0 19 7 11 0 28 17 10 0 30 20 20 0 28 25 8 0 5.0
21 99 34 40 104 27 40 38356 2 30 25 4 0 25 18 17 1 4.0
22 27 99 40 49 102 40 20771 5 30 9 10 0 17 12 11 0 8 5 5 0 10 8 10 0 24 10 2 1 4.0
23 116 83 40 104 89 40 6645 2 18 15 15 0 30 14 10 0 6.0
24 48 70 40 108 57 40 7407 4 10 8 2 0 8 6 2 0 32 22 18 1 12 10 8 1 6.0
25 114 101 40 115 37 40 3922 2 8 5 3 0 10 10 10 0 4.0
26 77 61 40 76 61 40 16544 5 10 9 6 0 46 20 5 0 10 8 15 0 18 18 5 1 29 21 11 1 5.0
27 70 73 40 101 114 40 2122 3 11 7 7 0 22 7 5 0 16 11 1 1 5.0
28 37 32 40 86 42 40 3564 3 8 8 13 0 18 10 15 0 8 8 8 0 6.0
29 45 115 40 87 41 40 5733 5 10 10 5 0 9 7 7 0 30 7 7 0 10 10 10 1 9 6 8 1 5.0
30 106 65 40 104 20 40 1289 1 16 12 2 0 4.0
31 48 74 40 34 39 40 29095 4 14 11 6 0 17 10 30 1 26 6 6 1 8 8 5 1 4.0
32 39 100 40 92 36 40 2872 1 26 25 3 0 5.0
33 98 80 40 96 76 40 2702 5 25 9 10 0 10 5 2 0 17 17 6 0 17 6 1 1 34 6 4 1 6.0
34 98 101 40 110 21 40 5131 2 20 15 2 0 12 12 8 0 4.0
35 101 53 40 51 52 40 5069 5 8 8 5 0 17 11 11 0 10 8 4 1 10 5 2 1 15 11 6 1 5.0
36 46 40 40 98 78 40 1006 2 8 8 6 0 12 9 1 0 4.0
37 106 103 40 92 43 40 29947 2 15 11 25 0 8 5 2 0 4.0
38 43 77 40 76 50 40 1229 3 10 10 7 0 17 17 2 1 8 7 6 1 6.0
39 91 67 40 93 56 40 7533 3 18 10 12 0 10 10 5 0 8 5 3 1 4.0
40 63 51 40 71 108 40 28141 1 21 16 14 0 4.0
41 100 79 40 112 76 40 1216 3 8 8 13 0 9 7 6 1 10 10 13 1 6.0
42 98 47 40 54 80 40 5805 5 17 12 11 0 20 20 16 0 10 8 5 0 21 7 12 0 9 9 1 0 6.0
43 43 57 40 80 103 40 17222 5 25 6 6 0 20 15 10 0 27 8 25 0 16 12 6 0 9 6 1 1 5.0
44 38 70 40 40 101 40 36263 3 9 5 2 0 18 12 27 1 32 25 30 1 5.0
45 106 57 40 95 103 40 2159 5 8 6 3 0 13 8 6 0 8 6 4 0 9 9 9 0 8 6 8 1 6.0
46 39 60 40 97 62 40 45000 5 10 8 7 0 28 24 19 0 8 5 5 0 21 16 5 0 13 7 4 1 4.0
47 52 36 40 119 38 40 45000 5 9 5 2 0 10 10 17 0 15 15 17 0 9 5 1 0 8 6 6 1 4.0
48 108 30 40 51 81 40 899 1 22 13 4 1 6.0
49 116 110 40 45 35 40 4515 2 10 10 10 0 25 8 7 1 5.0
50 72 92 40 102 22 40 3316 2 11 8 14 0 14 11 11 1 5.0
51 95 111 40 92 108 40 1016 1 15 13 6 1 6.0
52 120 26 40 67 54 40 24897 5 13 13 5 0 20 12 11 0 10 10 1 0 20 17 4 1 16 11 6 1 4.0
53 113 72 40 115 51 40 2004 2 10 7 1 0 19 7 11 1 5.0
54 20 96 40 28 98 40 2388 4 8 5 3 0 8 8 6 0 20 12 30 0 13 12 11 0 6.0
55 108 97 40 81 70 40 8803 3 7 6 6 0 10 10 7 0 10 10 10 1 4.0
56 66 20 40 57 119 40 649 1 10 9 5 0 5.0
57 57 94 40 24 108 40 4903 5 8 6 2 0 12 7 29 0 10 10 10 0 49 20 7 0 15 6 13 1 6.0
58 80 40 40 26 74 40 25475 2 21 13 7 0 16 6 23 0 4.0
59 62 75 40 66 79 40 25592 5 12 12 9 0 15 15 6 0 11 8 3 0 20 17 17 0 14 14 5 0 4.0
60 103 63 40 37 95 40 190 3 8 8 5 0 10 10 1 0 8 6 3 0 6.0
61 23 59 40 102 46 40 45000 3 19 19 30 0 21 17 6 0 9 6 6 1 4.0
62 47 64 40 38 80 40 2330 1 15 5 11 0 4.0
63 113 27 40 55 69 40 631 1 15 10 4 0 5.0
64 71 60 40 91 34 40 7565 5 11 11 7 0 25 15 12 0 8 8 8 0 8 8 10 0 14 11 6 0 6.0
65 108 113 40 70 30 40 21799 5 22 22 17 0 8 6 4 0 8 6 2 0 18 10 5 0 28 23 4 0 5.0
66 114 117 40 117 68 40 323 1 10 8 5 0 6.0
67 38 26 40 94 111 40 6208 3 12 8 3 0 20 8 13 0 23 16 5 1 5.0
68 106 34 40 41 47 40 23452 2 22 17 22 0 9 6 9 0 4.0
69 76 60 40 44 71 40 413 1 11 11 9 1 6.0
70 41 20 40 106 54 40 14591 5 8 5 1 0 18 15 9 0 22 22 10 0 15 10 14 1 22 17 12 1 6.0
71 52 104 40 109 66 40 1596 1 13 12 9 0 5.0
72 57 55 40 116 108 40 27931 4 12 9 4 0 11 9 7 0 15 15 18 0 10 10 10 0 4.0
73 94 76 40 78 87 40 4587 2 22 17 7 0 12 8 2 0 5.0
74 90 109 40 47 48 40 741 4 9 6 5 0 17 12 7 0 10 8 15 1 8 8 10 1 6.0
75 115 60 40 27 120 40 5841 2 25 10 4 0 39 6 26 1 6.0
76 78 55 40 44 81 40 6857 3 20 15 2 0 10 8 7 0 19 13 11 0 5.0
77 89 79 40 117 55 40 1490 5 17 5 13 0 8 7 7 0 9 9 6 0 34 6 4 0 22 17 7 0 6.0
78 40 98 40 49 43 40 1461 3 15 7 5 0 10 10 15 0 10 7 3 0 6.0
79 108 69 40 28 106 40 5536 3 17 17 5 0 10 8 2 0 8 6 2 0 4.0
80 46 107 40 67 27 40 3103 1 21 18 5 0 5.0
81 94 21 40 112 91 40 6789 4 29 25 20 0 9 6 3 0 34 5 5 0 16 10 6 1 6.0
82 63 25 40 70 92 40 16970 1 15 8 30 0 4.0
83 114 115 40 72 111 40 9267 4 9 7 9 0 16 15 11 0 10 8 4 0 10 10 10 1 4.0
84 42 99 40 62 22 40 1598 2 11 11 9 0 10 7 3 0 5.0
85 27 43 40 31 21 40 4824 1 30 5 5 0 4.0
86 80 28 40 78 39 40 8297 3 20 16 5 0 25 12 1 0 14 8 7 1 4.0
87 55 22 40 60 75 40 5634 3 17 8 13 0 22 19 9 0 11 8 1 0 6.0
88 59 65 40 89 60 40 21871 1 17 10 15 1 4.0
89 56 36 40 32 91 40 5386 5 13 11 6 0 18 13 8 0 7 5 5 0 19 15 1 0 8 5 1 1 5.0
90 73 85 40 23 56 40 2363 2 9 8 10 0 21 16 4 0 5.0
91 43 28 40 81 65 40 3741 4 9 7 6 0 14 12 4 0 11 10 1 0 8 5 4 1 4.0
92 75 115 40 55 76 40 247 1 9 8 3 0 5.0
93 89 83 40 35 53 40 80 1 9 5 2 0 6.0
94 94 95 40 77 113 40 45000 5 24 14 30 0 29 10 29 0 29 19 10 0 16 8 30 0 24 21 24 1 4.0
95 82 35 40 77 53 40 1779 2 18 13 5 0 12 8 7 0 6.0
96 49 114 40 91 42 40 3265 1 22 16 8 1 5.0
97 55 99 40 51 104 40 2713 2 8 5 3 0 14 8 11 0 5.0
98 109 28 40 85 59 40 1498 4 8 7 9 0 8 5 8 0 7 6 5 0 10 5 7 1 5.0
99 83 115 40 98 57 40 9993 5 8 5 1 0 8 6 6 0 8 5 1 0 22 22 25 1 8 6 5 1 6.0
100 97 71 40 53 88 40 6644 5 10 10 12 0 16 15 4 0 8 8 8 0 8 5 1 1 14 12 9 1 5.0
101 118 46 40 120 92 40 2230 2 14 9 5 0 12 7 3 1 4.0
102 49 106 40 102 49 40 15244 4 15 15 12 0 25 15 7 0 10 10 10 1 11 8 12 1 4.0
103 34 89 40 79 92 40 15748 5 8 5 1 0 23 20 10 0 20 17 17 0 8 7 1 0 15 15 1 1 5.0
104 65 74 40 34 97 40 6401 4 16 13 3 0 17 10 5 0 8 8 7 0 25 19 3 0 5.0
105 67 57 40 98 76 40 3856 5 23 7 18 0 10 10 10 0 12 10 10 0 15 7 7 0 10 7 3 0 6.0
106 100 55 40 25 69 40 110 2 9 6 4 0 8 5 1 0 6.0
