10    106   45000 60    25    30   
0     70    70    0     70    70    1351  0     
1 72 39 40 36 37 40 3804 4 13 11 5 0 9 6 2 1 9 9 9 1 8 8 6 1 4.0
2 105 71 40 104 110 40 4364 1 15 15 15 1 5.0
3 109 74 40 113 32 40 2615 3 10 9 14 0 8 6 2 0 14 14 9 1 6.0
4 99 78 40 110 103 40 45000 1 33 24 23 1 4.0
5 110 66 40 30 104 40 3388 5 15 15 5 0 28 18 8 0 23 18 5 0 23 19 5 1 18 18 5 1 6.0
6 77 42 40 105 36 40 3068 4 12 7 5 0 8 8 5 0 10 10 26 0 10 8 3 0 6.0
7 75 100 40 27 107 40 10393 5 21 15 26 0 50 24 3 0 9 9 1 0 8 6 3 1 10 10 10 1 6.0
8 76 40 40 110 105 40 468 1 23 15 3 1 6.0
9 34 62 40 115 114 40 3114 2 11 11 8 0 11 7 3 0 4.0
10 76 28 40 100 99 40 16253 2 10 6 3 0 15 15 20 0 4.0
11 30 79 40 42 31 40 26106 4 23 23 14 0 31 24 14 0 8 8 3 0 11 7 8 1 5.0
12 106 75 40 111 34 40 901 1 8 8 8 1 5.0
13 26 76 40 104 40 40 2714 1 10 10 10 0 4.0
14 39 70 40 34 115 40 6762 4 30 20 4 0 25 25 4 0 20 16 4 0 10 10 10 1 6.0
15 75 103 40 115 110 40 5769 3 19 19 21 0 9 6 4 0 18 5 5 1 6.0
16 109 65 40 33 40 40 1801 1 27 6 8 0 5.0
17 111 65 40 98 100 40 2244 5 9 7 11 0 9 6 2 0 11 11 11 0 9 7 6 1 13 9 13 1 6.0
18 67 32 40 28 34 40 726 2 8 7 4 0 10 9 6 0 6.0
19 79 42 40 98 34 40 26486 4 9 9 2 0 20 15 5 0 12 8 6 0 10 7 10 0 4.0
20 67 113 40 35 34 40 13883 5 12 11 13 0 12 10 9 0 12 11 12 0 10 10 10 0 26 22 11 0 5.0
21 111 70 40 112 43 40 1013 2 10 8 6 0 9 6 6 1 5.0
22 108 78 40 26 111 40 8572 5 15 15 10 0 18 14 10 0 53 22 8 0 9 7 8 0 20 13 12 1 6.0
23 68 39 40 103 38 40 808 2 13 13 20 0 8 6 6 0 6.0
24 101 76 40 43 26 40 2337 4 27 22 2 0 28 10 4 0 7 6 5 1 11 9 6 1 6.0
25 103 73 40 29 106 40 22396 2 26 9 26 0 24 8 3 0 4.0
26 102 78 40 101 108 40 3474 5 10 8 3 0 8 6 6 0 10 8 5 0 11 7 7 1 8 8 8 1 5.0
27 62 39 40 113 99 40 3135 3 10 8 6 0 8 6 1 0 25 20 4 1 5.0
28 70 38 40 37 98 40 20391 3 13 13 5 0 17 17 6 0 25 6 6 0 4.0
29 75 115 40 100 29 40 9503 5 18 18 24 0 19 10 8 0 10 8 3 0 10 10 13 1 10 9 8 1 6.0
30 63 34 40 110 34 40 680 1 8 7 11 0 5.0
31 63 110 40 38 29 40 9760 4 9 8 7 0 13 13 12 1 14 9 3 1 15 15 5 1 4.0
32 38 66 40 34 27 40 3592 1 15 10 15 0 5.0
33 64 40 40 37 103 40 4690 5 11 8 2 0 8 8 8 0 9 8 5 0 8 6 7 1 50 6 10 1 5.0
34 70 98 40 104 104 40 13752 2 8 8 8 0 38 25 10 0 5.0
35 42 69 40 105 39 40 14088 5 14 9 1 0 18 14 10 0 30 20 10 1 19 19 6 1 21 17 8 1 6.0
36 103 63 40 100 110 40 3705 2 15 15 15 0 24 12 10 0 6.0
37 108 73 40 33 104 40 4885 2 15 10 9 0 37 9 7 0 5.0
38 66 115 40 115 105 40 2463 3 15 15 3 0 10 9 3 1 8 8 8 1 5.0
39 36 64 40 104 43 40 12980 3 35 18 8 0 15 13 8 0 20 20 16 1 6.0
40 41 69 40 106 114 40 1764 1 8 8 15 0 4.0
41 69 27 40 43 104 40 1510 3 11 8 5 0 9 7 4 1 21 8 13 1 6.0
42 111 79 40 32 107 40 23444 5 16 13 6 0 13 10 9 0 10 9 8 0 25 20 10 0 15 15 15 0 4.0
43 104 79 40 33 102 40 45000 5 13 13 13 0 18 18 5 0 24 24 30 0 8 8 8 0 23 11 20 1 4.0
44 104 75 40 108 41 40 3112 3 16 11 19 0 26 25 3 1 9 6 2 1 6.0
45 30 67 40 99 109 40 3017 5 53 25 6 0 17 10 22 0 10 8 13 0 8 6 5 0 10 6 2 1 6.0
46 69 37 40 41 43 40 24565 5 12 10 8 0 12 11 7 0 13 11 9 0 20 20 10 0 8 6 6 1 4.0
47 35 74 40 99 115 40 7183 5 17 17 18 0 10 6 2 0 15 7 5 0 18 14 10 0 13 6 4 1 6.0
48 70 114 40 34 30 40 800 1 9 6 13 1 5.0
49 33 63 40 35 27 40 39336 2 15 15 15 0 36 25 11 1 4.0
50 41 73 40 37 100 40 885 2 10 8 10 0 9 6 3 1 6.0
51 106 63 40 105 40 40 170 1 8 8 3 1 6.0
52 71 35 40 29 110 40 27340 5 13 13 17 0 9 7 2 0 10 10 10 0 13 11 9 1 20 15 15 1 4.0
53 69 101 40 114 42 40 1240 2 20 13 5 0 10 8 1 1 6.0
54 31 76 40 34 107 40 6845 4 10 8 5 0 11 9 13 0 9 8 5 0 13 6 4 0 4.0
55 33 75 40 28 40 40 11426 3 10 10 12 0 12 7 6 0 12 10 8 1 4.0
56 112 69 40 37 35 40 356 1 9 6 5 0 5.0
57 79 102 40 115 103 40 32694 5 26 12 28 0 22 10 6 0 28 24 19 0 9 6 9 0 10 8 5 1 5.0
58 41 70 40 114 32 40 14054 2 30 22 8 0 8 8 8 0 4.0
59 76 41 40 30 107 40 8837 5 42 25 4 0 8 6 1 0 23 18 14 0 14 9 7 0 46 8 30 0 6.0
60 77 105 40 98 98 40 4869 3 17 8 5 0 17 10 10 0 24 18 5 0 5.0
61 75 36 40 30 37 40 45000 3 13 9 2 0 24 13 13 0 27 18 11 1 4.0
62 63 99 40 32 32 40 585 1 8 8 8 0 5.0
63 104 69 40 107 98 40 3201 1 40 8 8 0 5.0
64 78 100 40 106 36 40 45000 5 9 6 2 0 9 9 4 0 15 9 7 0 27 15 22 0 8 8 5 0 4.0
65 70 28 40 35 26 40 6408 5 20 15 2 0 15 15 5 0 20 7 6 0 8 6 14 0 15 8 6 0 5.0
66 34 72 40 113 41 40 19058 1 24 14 30 0 4.0
67 113 76 40 40 101 40 45000 3 14 13 10 0 20 15 19 0 8 6 5 1 4.0
68 74 101 40 26 112 40 5350 2 35 10 10 0 13 7 4 0 5.0
69 33 70 40 101 106 40 939 1 11 7 7 1 5.0
70 29 70 40 36 34 40 26807 5 20 15 2 0 50 25 2 0 35 18 10 0 17 12 12 1 15 8 23 1 4.0
71 75 33 40 110 42 40 197 1 10 10 3 0 6.0
72 69 106 40 114 33 40 11418 4 16 10 6 0 9 9 9 0 18 16 14 0 11 10 6 0 4.0
73 35 66 40 34 31 40 5158 2 30 8 8 0 13 9 9 0 5.0
74 109 70 40 36 111 40 16257 4 10 8 3 0 17 17 25 0 23 18 13 1 20 19 6 1 5.0
75 67 107 40 34 100 40 1498 2 16 8 2 0 34 12 10 1 6.0
76 38 65 40 28 31 40 14228 3 26 25 4 0 25 19 5 0 13 9 6 0 4.0
77 111 75 40 98 107 40 6388 5 10 6 3 0 9 7 4 0 11 10 12 0 10 9 12 0 8 8 8 0 4.0
78 63 28 40 34 111 40 14106 3 30 20 15 0 8 8 7 0 28 25 4 0 5.0
79 68 105 40 101 37 40 1591 3 8 6 6 0 15 8 6 0 9 6 5 0 5.0
80 72 104 40 40 114 40 374 1 10 7 6 0 6.0
81 74 39 40 108 112 40 204 4 8 6 1 0 9 7 3 0 10 8 8 0 10 7 6 1 6.0
82 101 79 40 32 36 40 3325 1 16 15 6 0 4.0
83 39 71 40 28 35 40 12735 4 12 9 13 0 17 7 10 0 8 8 10 0 11 9 7 1 4.0
84 79 103 40 115 34 40 1098 2 9 8 7 0 9 7 5 0 5.0
85 67 111 40 27 103 40 718 1 10 6 3 0 4.0
86 35 76 40 108 102 40 13613 3 9 7 4 0 12 12 19 0 19 19 12 1 4.0
87 106 66 40 102 106 40 9329 3 20 10 25 0 11 9 8 0 10 10 15 0 5.0
88 99 72 40 104 102 40 982 1 10 10 8 1 5.0
89 31 77 40 38 34 40 22869 5 45 13 8 0 10 8 8 0 47 6 30 0 30 17 4 0 10 10 10 1 5.0
90 32 73 40 99 106 40 1399 2 8 8 8 0 10 10 8 0 5.0
91 26 73 40 109 34 40 991 4 9 6 2 0 10 6 3 0 13 6 5 0 8 7 6 1 6.0
92 72 33 40 41 103 40 147 1 8 6 2 0 5.0
93 74 104 40 105 34 40 578 1 12 8 7 0 6.0
94 78 29 40 100 112 40 9350 5 9 9 14 0 8 8 8 0 9 7 5 0 30 6 4 0 13 8 8 1 4.0
95 102 65 40 31 102 40 9371 2 25 25 10 0 15 15 3 0 5.0
96 70 108 40 42 114 40 127 1 15 8 3 1 6.0
97 73 26 40 113 109 40 11815 2 8 6 3 0 16 12 23 0 4.0
98 62 27 40 26 100 40 10478 4 9 6 2 0 20 15 2 0 10 10 4 0 16 16 18 1 4.0
99 76 33 40 98 31 40 29491 5 26 8 8 0 33 25 22 0 10 6 6 0 15 11 18 1 11 7 6 1 5.0
100 77 106 40 38 36 40 15485 5 12 10 8 0 10 10 15 0 14 14 9 0 8 6 6 1 24 18 8 1 4.0
101 64 101 40 37 38 40 6330 2 19 14 7 0 16 16 6 1 4.0
102 73 27 40 107 31 40 3056 4 30 9 4 0 9 7 14 0 35 15 10 1 8 8 25 1 6.0
103 64 100 40 28 36 40 19202 5 12 12 13 0 11 6 4 0 9 6 3 0 11 11 15 0 15 10 2 1 4.0
104 62 112 40 30 27 40 5663 4 23 19 4 0 9 8 9 0 15 15 18 0 10 10 2 0 6.0
105 72 111 40 42 111 40 8599 5 18 11 20 0 17 15 5 0 16 16 30 0 18 13 8 0 15 13 8 0 6.0
106 41 76 40 110 43 40 7057 2 30 20 8 0 17 17 9 0 6.0
