10    106   45000 60    25    30   
0     70    70    0     70    70    1351  0     
1 37 83 40 66 96 40 10142 3 16 12 10 0 12 9 6 1 22 12 6 1 4.0
2 109 65 40 74 95 40 2176 2 12 7 3 0 12 9 9 1 5.0
3 50 35 40 71 71 40 1159 1 11 11 22 1 6.0
4 107 67 40 42 30 40 2635 2 10 8 7 0 14 7 2 0 4.0
5 73 114 40 44 23 40 3282 3 21 15 14 0 12 12 12 0 42 8 5 1 6.0
6 48 25 40 107 87 40 843 1 12 12 9 0 6.0
7 100 30 40 99 70 40 15837 3 20 16 17 0 26 9 15 0 15 14 14 1 5.0
8 109 34 40 106 51 40 773 2 11 9 7 0 14 7 1 1 5.0
9 87 119 40 22 88 40 10112 2 22 15 9 0 15 12 15 1 5.0
10 91 89 40 69 101 40 45000 1 23 17 30 0 4.0
11 71 72 40 89 34 40 623 1 12 11 2 1 4.0
12 71 39 40 120 55 40 3050 2 21 13 21 1 25 23 6 1 6.0
13 113 80 40 42 43 40 21137 2 15 12 3 0 24 20 6 0 4.0
14 60 77 40 54 112 40 5011 2 10 7 2 0 26 17 10 0 5.0
15 47 79 40 51 62 40 9073 3 25 18 25 0 18 12 6 0 12 12 12 0 6.0
16 100 80 40 97 53 40 11826 2 11 7 11 0 15 15 6 1 4.0
17 47 22 40 105 105 40 956 3 14 10 9 0 12 9 10 0 24 20 4 0 6.0
18 63 60 40 117 100 40 1324 1 12 9 6 0 4.0
19 104 74 40 95 24 40 37861 2 26 22 7 0 12 10 7 0 4.0
20 40 75 40 62 29 40 8883 2 60 9 9 0 19 10 8 1 5.0
21 99 34 40 104 27 40 12484 2 10 10 10 0 39 22 22 0 6.0
22 27 99 40 49 102 40 6003 2 15 10 22 0 10 7 1 0 5.0
23 116 83 40 104 89 40 1402 1 11 8 7 0 4.0
24 48 70 40 108 57 40 3773 2 17 15 4 0 40 25 4 1 6.0
25 114 101 40 115 37 40 6140 2 17 12 4 0 18 12 12 1 5.0
26 77 61 40 76 61 40 16938 3 10 7 1 0 26 25 26 0 28 22 6 1 6.0
27 70 73 40 101 114 40 5856 3 12 10 12 0 60 14 6 0 18 12 6 0 6.0
28 37 32 40 86 42 40 11455 2 26 9 15 0 13 9 9 0 4.0
29 45 115 40 87 41 40 3397 2 17 14 10 0 55 9 5 1 6.0
30 106 65 40 104 20 40 39 1 12 9 1 0 6.0
31 48 74 40 34 39 40 45000 3 17 15 12 0 25 17 1 0 37 9 9 0 4.0
32 39 100 40 92 36 40 3830 1 25 25 25 0 6.0
33 98 80 40 96 76 40 1702 3 21 9 2 0 11 10 17 0 15 14 4 1 6.0
34 98 101 40 110 21 40 3871 1 12 10 7 0 4.0
35 101 53 40 51 52 40 10115 3 10 10 10 0 40 22 22 0 14 14 15 0 6.0
36 46 40 40 98 78 40 2901 1 34 20 7 0 6.0
37 106 103 40 92 43 40 1797 1 10 8 10 0 4.0
38 43 77 40 76 50 40 2734 3 10 7 4 0 10 7 2 0 20 20 7 1 6.0
39 91 67 40 93 56 40 142 1 12 10 1 0 5.0
40 63 51 40 71 108 40 35651 2 17 16 13 0 55 25 9 1 4.0
41 100 79 40 112 76 40 6310 3 22 12 7 0 16 16 1 0 23 23 6 1 5.0
42 98 47 40 54 80 40 496 2 10 7 2 0 11 8 5 1 6.0
43 43 57 40 80 103 40 27471 3 15 12 3 0 22 10 3 0 14 12 12 1 4.0
44 38 70 40 40 101 40 2873 2 18 18 3 0 10 7 2 0 4.0
45 106 57 40 95 103 40 3825 3 10 9 10 0 17 10 8 0 18 12 6 0 5.0
46 39 60 40 97 62 40 8475 2 17 17 6 0 21 21 5 0 4.0
47 52 36 40 119 38 40 3426 2 10 7 10 0 20 14 7 0 5.0
48 108 30 40 51 81 40 3188 2 21 20 4 0 10 7 5 1 5.0
49 116 110 40 45 35 40 12461 2 14 11 10 0 12 11 6 1 4.0
50 72 92 40 102 22 40 6828 1 23 15 17 0 5.0
51 95 111 40 92 108 40 448 1 10 7 7 0 6.0
52 120 26 40 67 54 40 5777 2 29 22 7 0 44 25 2 0 6.0
53 113 72 40 115 51 40 11285 2 39 11 8 0 15 10 14 1 4.0
54 20 96 40 28 98 40 2709 3 10 8 7 0 18 13 7 0 15 12 14 1 6.0
55 108 97 40 81 70 40 44878 2 11 7 6 0 25 25 23 0 4.0
56 66 20 40 57 119 40 3613 1 17 11 6 0 4.0
57 57 94 40 24 108 40 543 2 12 7 17 0 10 7 7 1 6.0
58 80 40 40 26 74 40 14523 1 60 18 9 0 5.0
59 62 75 40 66 79 40 33634 2 25 25 30 0 18 18 9 0 5.0
60 103 63 40 37 95 40 106 1 10 7 1 1 5.0
61 23 59 40 102 46 40 45000 3 25 12 18 0 20 12 10 0 21 16 8 1 4.0
62 47 64 40 38 80 40 9753 2 12 12 18 0 22 18 12 1 5.0
63 113 27 40 55 69 40 1106 2 10 10 3 1 12 8 5 1 5.0
64 71 60 40 91 34 40 45000 3 13 10 10 0 31 25 18 0 16 13 10 0 4.0
65 108 113 40 70 30 40 793 2 14 10 4 0 10 9 8 0 6.0
66 114 117 40 117 68 40 348 1 15 10 1 1 4.0
67 38 26 40 94 111 40 3795 2 18 13 9 0 23 19 2 1 5.0
68 106 34 40 41 47 40 706 2 10 7 10 0 25 25 2 0 6.0
69 76 60 40 44 71 40 4720 2 12 10 2 0 16 10 18 0 5.0
70 41 20 40 106 54 40 45000 3 12 10 9 0 22 20 20 1 22 19 19 1 4.0
71 52 104 40 109 66 40 1565 1 20 16 17 0 6.0
72 57 55 40 116 108 40 5957 3 37 7 10 0 33 11 30 0 12 10 17 1 6.0
73 94 76 40 78 87 40 2932 1 13 8 7 1 4.0
74 90 109 40 47 48 40 2553 3 22 15 4 0 37 14 8 1 10 7 1 1 6.0
75 115 60 40 27 120 40 9369 1 25 13 13 0 4.0
76 78 55 40 44 81 40 22135 3 12 12 12 0 15 10 6 0 22 12 12 0 4.0
77 89 79 40 117 55 40 8779 1 20 17 13 0 5.0
78 40 98 40 49 43 40 42125 3 15 15 9 0 18 12 12 0 15 13 19 1 4.0
79 108 69 40 28 106 40 20047 3 12 9 8 0 14 14 6 0 37 12 10 0 4.0
80 46 107 40 67 27 40 24478 1 56 20 12 0 5.0
81 94 21 40 112 91 40 7911 1 22 22 12 1 5.0
82 63 25 40 70 92 40 636 1 13 9 4 0 5.0
83 114 115 40 72 111 40 3364 2 17 11 6 0 14 7 3 1 4.0
84 42 99 40 62 22 40 3731 2 14 12 2 0 14 11 10 0 5.0
85 27 43 40 31 21 40 3969 1 12 8 8 0 4.0
86 80 28 40 78 39 40 463 1 10 7 7 1 5.0
87 55 22 40 60 75 40 1618 3 12 9 8 0 30 20 6 0 18 12 6 0 6.0
88 59 65 40 89 60 40 1838 1 12 12 9 0 5.0
89 56 36 40 32 91 40 20606 3 25 22 26 0 15 10 3 0 17 7 15 1 5.0
90 73 85 40 23 56 40 4890 2 44 25 10 0 10 8 7 0 6.0
91 43 28 40 81 65 40 853 1 11 7 4 0 4.0
92 75 115 40 55 76 40 2755 2 10 10 6 0 12 9 6 0 4.0
93 89 83 40 35 53 40 3638 2 18 12 8 0 35 9 9 0 6.0
94 94 95 40 77 113 40 8140 3 25 21 7 0 11 10 9 0 16 10 6 1 5.0
95 82 35 40 77 53 40 271 2 12 7 2 0 14 14 2 0 6.0
96 49 114 40 91 42 40 12229 2 28 22 9 1 25 22 9 1 5.0
97 55 99 40 51 104 40 16841 2 16 12 4 0 37 25 4 0 4.0
98 109 28 40 85 59 40 1952 3 12 12 12 0 19 13 10 0 11 8 4 1 6.0
99 83 115 40 98 57 40 521 1 12 12 12 0 6.0
100 97 71 40 53 88 40 20174 3 23 23 6 0 10 7 1 0 16 16 7 0 4.0
101 118 46 40 120 92 40 17441 2 31 25 22 0 22 9 22 0 6.0
102 49 106 40 102 49 40 18204 2 31 20 18 0 24 10 7 1 5.0
103 34 89 40 79 92 40 6550 3 25 18 2 0 33 7 5 0 18 10 18 1 5.0
104 65 74 40 34 97 40 2764 3 18 7 3 0 10 7 6 0 14 14 30 1 6.0
105 67 57 40 98 76 40 20369 2 12 12 12 0 31 15 30 0 5.0
106 100 55 40 25 69 40 4902 2 30 15 9 0 10 7 6 0 5.0
