10    106   45000 60    25    30   
0     70    70    0     70    70    1351  0     
1 37 83 40 66 96 40 32407 4 24 17 5 0 10 6 8 1 27 23 9 1 20 7 27 1 4.0
2 109 65 40 74 95 40 470 1 10 8 3 1 5.0
3 50 35 40 71 71 40 3070 3 22 17 13 0 8 6 5 0 8 5 3 1 6.0
4 107 67 40 42 30 40 1692 1 20 18 4 1 5.0
5 73 114 40 44 23 40 1914 5 8 6 4 0 26 21 11 0 7 6 10 0 10 7 7 1 30 16 4 1 6.0
6 48 25 40 107 87 40 21384 4 35 15 10 0 22 17 7 0 22 20 5 0 20 5 2 0 5.0
7 100 30 40 99 70 40 23437 5 32 5 5 0 17 12 5 0 11 8 4 0 40 25 2 1 10 6 3 1 4.0
8 109 34 40 106 51 40 516 1 12 9 5 1 6.0
9 87 119 40 22 88 40 2986 2 17 9 15 0 8 5 5 0 5.0
10 91 89 40 69 101 40 10383 2 52 20 5 0 8 6 4 0 5.0
11 71 72 40 89 34 40 15979 4 15 14 14 0 15 15 5 0 13 13 5 0 33 22 10 1 5.0
12 71 39 40 120 55 40 349 1 8 5 2 1 4.0
13 113 80 40 42 43 40 3885 1 10 10 9 0 4.0
14 60 77 40 54 112 40 24264 4 13 13 13 0 14 12 4 0 15 5 6 0 8 6 7 1 4.0
15 47 79 40 51 62 40 5823 3 9 8 7 0 10 10 5 0 31 19 30 1 6.0
16 100 80 40 97 53 40 155 1 12 8 3 0 6.0
17 47 22 40 105 105 40 32674 5 10 8 4 0 8 8 8 0 33 24 5 0 8 8 8 1 26 13 22 1 4.0
18 63 60 40 117 100 40 238 2 10 8 5 0 9 7 5 0 6.0
19 104 74 40 95 24 40 10145 4 8 5 3 0 15 10 8 0 8 8 4 0 12 10 12 0 4.0
20 40 75 40 62 29 40 12391 5 10 10 10 0 22 13 14 0 10 6 6 0 26 14 12 0 17 14 18 0 6.0
21 99 34 40 104 27 40 1687 2 10 7 7 0 22 22 14 1 6.0
22 27 99 40 49 102 40 40835 5 28 13 13 0 14 8 3 0 24 11 3 0 10 8 5 0 20 6 6 1 4.0
23 116 83 40 104 89 40 814 2 16 8 16 0 34 5 5 0 6.0
24 48 70 40 108 57 40 3052 4 8 6 3 0 8 5 3 0 40 15 4 1 22 19 23 1 6.0
25 114 101 40 115 37 40 4376 2 8 6 5 0 8 5 1 0 4.0
26 77 61 40 76 61 40 2373 5 8 6 8 0 21 15 2 0 9 7 4 0 8 7 8 1 31 11 5 1 6.0
27 70 73 40 101 114 40 4684 3 17 15 10 0 15 8 6 0 11 8 3 1 5.0
28 37 32 40 86 42 40 1624 3 14 8 3 0 8 8 8 0 15 8 5 0 5.0
29 45 115 40 87 41 40 9071 5 16 11 6 0 18 11 13 0 10 7 5 0 10 8 1 1 19 14 7 1 5.0
30 106 65 40 104 20 40 1250 1 16 10 6 0 5.0
31 48 74 40 34 39 40 26806 4 26 16 16 0 17 17 4 1 8 5 3 1 8 7 7 1 4.0
32 39 100 40 92 36 40 191 1 8 8 10 0 6.0
33 98 80 40 96 76 40 22331 5 25 16 15 0 10 7 6 0 9 6 5 0 10 10 12 1 20 15 12 1 5.0
34 98 101 40 110 21 40 14676 2 17 17 22 0 10 7 5 0 5.0
35 101 53 40 51 52 40 12897 5 10 8 1 0 26 18 26 0 10 8 2 1 8 8 2 1 22 12 6 1 6.0
36 46 40 40 98 78 40 4375 2 10 6 6 0 32 25 11 0 6.0
37 106 103 40 92 43 40 4895 2 11 9 6 0 8 5 3 0 4.0
38 43 77 40 76 50 40 2719 3 31 7 2 0 26 17 9 1 14 10 2 1 6.0
39 91 67 40 93 56 40 32078 3 50 22 10 0 10 7 6 0 8 7 6 1 4.0
40 63 51 40 71 108 40 650 1 10 9 13 0 6.0
41 100 79 40 112 76 40 1631 3 12 9 2 0 8 6 6 1 8 5 5 1 4.0
42 98 47 40 54 80 40 4758 5 9 8 5 0 15 8 30 0 8 5 2 0 10 5 4 0 15 15 5 0 6.0
43 43 57 40 80 103 40 4789 5 12 7 7 0 12 7 12 0 10 10 2 0 9 6 4 0 32 17 2 1 5.0
44 38 70 40 40 101 40 20278 3 27 25 10 0 12 12 10 1 16 16 8 1 5.0
45 106 57 40 95 103 40 10087 5 10 7 3 0 27 5 4 0 20 15 13 0 15 10 2 0 29 25 20 1 6.0
46 39 60 40 97 62 40 45000 5 13 8 5 0 10 10 5 0 16 14 12 0 34 5 5 0 25 20 10 1 4.0
47 52 36 40 119 38 40 25717 5 32 12 22 0 8 8 5 0 52 25 10 0 10 10 4 0 14 8 3 1 5.0
48 108 30 40 51 81 40 3785 1 23 19 10 1 6.0
49 116 110 40 45 35 40 17962 2 10 7 4 0 25 15 20 1 4.0
50 72 92 40 102 22 40 515 2 25 5 6 0 17 10 15 1 6.0
51 95 111 40 92 108 40 6329 1 15 12 25 1 5.0
52 120 26 40 67 54 40 22043 5 10 8 7 0 13 11 4 0 9 8 10 0 22 18 6 1 20 10 25 1 4.0
53 113 72 40 115 51 40 1327 2 9 7 2 0 7 6 8 1 4.0
54 20 96 40 28 98 40 3005 4 11 8 13 0 8 5 5 0 8 8 10 0 10 10 10 0 5.0
55 108 97 40 81 70 40 9193 3 12 9 7 0 20 15 10 0 17 8 8 1 5.0
56 66 20 40 57 119 40 2884 1 15 10 15 0 5.0
57 57 94 40 24 108 40 17359 5 8 5 2 0 16 8 6 0 16 7 16 0 17 9 18 0 8 8 2 1 4.0
58 80 40 40 26 74 40 9082 2 15 10 10 0 8 8 5 0 4.0
59 62 75 40 66 79 40 6497 5 8 7 17 0 22 22 9 0 15 10 7 0 8 5 2 0 10 8 2 0 6.0
60 103 63 40 37 95 40 4155 3 10 7 7 0 17 12 5 0 39 6 26 0 6.0
61 23 59 40 102 46 40 3975 3 9 5 1 0 11 8 1 0 13 12 11 1 5.0
62 47 64 40 38 80 40 10403 1 15 15 15 0 4.0
63 113 27 40 55 69 40 845 1 10 10 7 0 5.0
64 71 60 40 91 34 40 45000 5 8 5 2 0 8 8 6 0 26 19 15 0 15 10 2 0 8 5 2 0 4.0
65 108 113 40 70 30 40 5828 5 20 7 1 0 17 17 12 0 20 16 5 0 15 15 18 0 9 8 3 0 6.0
66 114 117 40 117 68 40 426 1 10 10 10 0 6.0
67 38 26 40 94 111 40 6149 3 10 6 2 0 21 12 9 0 10 10 10 1 5.0
68 106 34 40 41 47 40 930 2 9 9 9 0 34 24 1 0 6.0
69 76 60 40 44 71 40 1234 1 17 15 10 1 6.0
70 41 20 40 106 54 40 21381 5 31 25 6 0 8 5 4 0 8 8 5 0 11 11 9 1 9 5 2 1 4.0
71 52 104 40 109 66 40 134 1 10 7 5 0 6.0
72 57 55 40 116 108 40 2473 4 10 8 1 0 13 12 4 0 22 5 5 0 8 5 1 0 5.0
73 94 76 40 78 87 40 21167 2 25 20 10 0 11 7 4 0 4.0
74 90 109 40 47 48 40 8871 4 14 7 3 0 35 10 2 0 9 6 4 1 21 17 11 1 5.0
75 115 60 40 27 120 40 32186 2 24 20 24 0 15 10 2 1 4.0
76 78 55 40 44 81 40 7466 3 17 7 22 0 8 5 8 0 8 5 4 0 4.0
77 89 79 40 117 55 40 5843 5 10 10 13 0 32 19 2 0 14 14 4 0 10 8 6 0 16 14 15 0 6.0
78 40 98 40 49 43 40 2645 3 10 10 10 0 15 15 5 0 13 10 3 0 5.0
79 108 69 40 28 106 40 11274 3 17 17 10 0 9 5 3 0 15 15 5 0 4.0
80 46 107 40 67 27 40 242 1 15 11 2 0 6.0
81 94 21 40 112 91 40 4822 4 10 5 4 0 30 16 4 0 8 5 3 0 23 17 7 1 6.0
82 63 25 40 70 92 40 194 1 9 5 2 0 5.0
83 114 115 40 72 111 40 11428 4 14 7 2 0 15 15 11 0 12 8 3 0 9 8 7 1 4.0
84 42 99 40 62 22 40 519 2 10 7 3 0 8 5 6 0 5.0
85 27 43 40 31 21 40 83 1 8 5 1 0 5.0
86 80 28 40 78 39 40 11336 3 20 13 30 0 8 8 8 0 9 6 2 1 5.0
87 55 22 40 60 75 40 8524 3 8 5 5 0 23 5 11 0 29 25 14 0 6.0
88 59 65 40 89 60 40 45000 1 52 12 30 1 4.0
89 56 36 40 32 91 40 41590 5 9 6 7 0 12 9 8 0 10 10 10 0 29 25 14 0 18 8 5 1 4.0
90 73 85 40 23 56 40 2063 2 13 11 6 0 10 10 17 0 6.0
91 43 28 40 81 65 40 10974 4 17 12 1 0 8 6 8 0 11 10 9 0 8 6 6 1 4.0
92 75 115 40 55 76 40 119 1 7 5 6 0 6.0
93 89 83 40 35 53 40 1060 1 16 13 5 0 5.0
94 94 95 40 77 113 40 31177 5 8 7 3 0 32 7 7 0 10 8 2 0 37 25 10 0 12 8 13 1 4.0
95 82 35 40 77 53 40 1474 2 11 8 4 0 8 5 17 0 5.0
96 49 114 40 91 42 40 2291 1 20 15 20 1 6.0
97 55 99 40 51 104 40 8721 2 10 8 6 0 16 9 22 0 4.0
98 109 28 40 85 59 40 11321 4 10 8 4 0 11 11 9 0 8 8 8 0 20 11 30 1 5.0
99 83 115 40 98 57 40 6387 5 20 14 2 0 13 9 15 0 8 6 4 0 9 6 5 1 10 8 5 1 5.0
100 97 71 40 53 88 40 45000 5 9 8 7 0 16 10 10 0 8 8 8 0 17 12 17 1 35 25 7 1 4.0
101 118 46 40 120 92 40 8911 2 8 4 5 0 12 10 15 1 4.0
102 49 106 40 102 49 40 6150 4 12 10 7 0 15 15 2 0 27 25 15 1 21 15 12 1 6.0
103 34 89 40 79 92 40 35141 5 15 10 15 0 8 5 1 0 9 6 2 0 8 8 2 0 22 18 15 1 4.0
104 65 74 40 34 97 40 28064 4 30 25 30 0 18 16 7 0 16 13 2 0 9 6 3 0 5.0
105 67 57 40 98 76 40 11026 5 12 10 5 0 16 7 7 0 17 17 5 0 9 5 3 0 8 6 5 0 4.0
106 100 55 40 25 69 40 2214 2 42 5 4 0 8 8 12 0 5.0
