10    106   45000 60    25    30   
0     70    70    0     70    70    1351  0     
1 37 83 40 66 96 40 19266 4 17 8 13 0 8 6 12 1 8 5 2 1 17 17 20 1 4.0
2 109 65 40 74 95 40 26 1 13 5 1 1 6.0
3 50 35 40 71 71 40 2453 3 10 9 7 0 20 10 10 0 15 15 15 1 6.0
4 107 67 40 42 30 40 22060 1 23 17 9 1 4.0
5 73 114 40 44 23 40 5592 5 8 6 1 0 25 15 2 0 8 6 1 0 30 25 30 1 10 10 10 1 6.0
6 48 25 40 107 87 40 1585 4 10 10 8 0 18 12 3 0 11 7 1 0 10 10 7 0 6.0
7 100 30 40 99 70 40 8581 5 9 9 8 0 13 10 6 0 13 13 3 0 13 7 4 1 22 17 7 1 5.0
8 109 34 40 106 51 40 6201 1 18 16 9 1 4.0
9 87 119 40 22 88 40 6752 2 15 15 15 0 13 9 6 0 5.0
10 91 89 40 69 101 40 1156 2 8 7 5 0 8 6 1 0 4.0
11 71 72 40 89 34 40 6592 4 9 8 5 0 24 18 7 0 10 7 5 0 16 6 9 1 5.0
12 71 39 40 120 55 40 2167 1 15 13 9 1 5.0
13 113 80 40 42 43 40 3691 1 25 25 2 0 4.0
14 60 77 40 54 112 40 3543 4 15 8 5 0 10 8 5 0 8 5 4 0 15 15 15 1 6.0
15 47 79 40 51 62 40 2065 3 23 17 2 0 11 7 3 0 30 15 2 1 5.0
16 100 80 40 97 53 40 3185 1 21 10 7 0 4.0
17 47 22 40 105 105 40 45000 5 25 17 10 0 41 22 27 0 10 10 10 0 11 9 10 1 15 10 10 1 5.0
18 63 60 40 117 100 40 3590 2 34 5 5 0 17 10 30 0 6.0
19 104 74 40 95 24 40 16278 4 8 5 4 0 9 5 2 0 34 12 7 0 18 14 7 0 4.0
20 40 75 40 62 29 40 45000 5 26 13 22 0 11 7 3 0 10 6 3 0 27 15 30 0 52 20 5 0 4.0
21 99 34 40 104 27 40 5968 2 30 25 5 0 8 6 15 1 5.0
22 27 99 40 49 102 40 10423 5 28 16 5 0 24 9 9 0 20 11 3 0 10 10 10 0 25 16 3 1 5.0
23 116 83 40 104 89 40 5654 2 25 6 7 0 10 10 10 0 4.0
24 48 70 40 108 57 40 11333 4 15 7 7 0 23 13 9 0 20 10 12 1 12 12 2 1 5.0
25 114 101 40 115 37 40 14235 2 21 6 7 0 23 16 5 0 4.0
26 77 61 40 76 61 40 1416 5 9 5 3 0 15 10 10 0 10 10 6 0 23 11 19 1 17 5 6 1 6.0
27 70 73 40 101 114 40 2186 3 15 15 5 0 15 15 10 0 12 8 1 1 6.0
28 37 32 40 86 42 40 45000 3 14 14 30 0 20 15 25 0 25 6 6 0 4.0
29 45 115 40 87 41 40 4135 5 10 8 2 0 21 14 11 0 13 8 8 0 18 17 11 1 8 6 6 1 6.0
30 106 65 40 104 20 40 726 1 19 16 5 0 6.0
31 48 74 40 34 39 40 33492 4 15 5 9 0 9 7 3 1 10 10 7 1 20 15 25 1 4.0
32 39 100 40 92 36 40 573 1 9 9 6 0 5.0
33 98 80 40 96 76 40 11427 5 12 11 7 0 22 22 8 0 8 5 1 0 11 9 7 1 13 13 2 1 5.0
34 98 101 40 110 21 40 2595 2 11 8 7 0 8 6 2 0 4.0
35 101 53 40 51 52 40 8315 5 20 20 9 0 16 15 16 0 22 17 7 1 13 12 10 1 14 8 11 1 6.0
36 46 40 40 98 78 40 356 2 9 8 4 0 8 8 6 0 6.0
37 106 103 40 92 43 40 2024 2 16 10 18 0 8 5 1 0 6.0
38 43 77 40 76 50 40 4328 3 42 25 5 0 12 7 3 1 12 5 5 1 6.0
39 91 67 40 93 56 40 5997 3 20 14 10 0 15 8 8 0 17 12 5 1 5.0
40 63 51 40 71 108 40 2318 1 15 14 8 0 5.0
41 100 79 40 112 76 40 9615 3 25 18 5 0 15 10 30 1 13 12 5 1 5.0
42 98 47 40 54 80 40 1791 5 10 9 9 0 12 12 12 0 10 10 7 0 12 9 4 0 15 15 15 0 6.0
43 43 57 40 80 103 40 23657 5 8 8 5 0 11 8 8 0 22 17 7 0 9 7 5 0 9 8 6 1 4.0
44 38 70 40 40 101 40 3273 3 8 8 8 0 21 17 3 1 17 17 8 1 6.0
45 106 57 40 95 103 40 11577 5 17 13 7 0 12 7 2 0 10 8 2 0 33 6 4 0 28 8 8 1 4.0
46 39 60 40 97 62 40 24919 5 12 11 4 0 16 12 12 0 10 8 7 0 19 14 15 0 8 5 4 1 4.0
47 52 36 40 119 38 40 15114 5 15 15 18 0 10 10 14 0 16 8 30 0 18 18 30 0 14 9 5 1 6.0
48 108 30 40 51 81 40 139 1 9 7 6 1 6.0
49 116 110 40 45 35 40 4247 2 8 8 2 0 20 17 5 1 4.0
50 72 92 40 102 22 40 6780 2 24 12 18 0 8 5 1 1 5.0
51 95 111 40 92 108 40 211 1 8 7 4 1 6.0
52 120 26 40 67 54 40 33354 5 10 8 1 0 17 5 5 0 7 7 8 0 21 21 15 1 23 20 10 1 4.0
53 113 72 40 115 51 40 4704 2 10 8 13 0 17 11 7 1 4.0
54 20 96 40 28 98 40 445 4 9 6 9 0 10 8 1 0 11 11 11 0 30 10 4 0 6.0
55 108 97 40 81 70 40 15371 3 11 8 6 0 11 10 13 0 20 15 20 1 5.0
56 66 20 40 57 119 40 1934 1 21 20 6 0 6.0
57 57 94 40 24 108 40 11494 5 15 7 7 0 21 21 6 0 30 18 30 0 8 5 8 0 24 9 17 1 6.0
58 80 40 40 26 74 40 9854 2 21 20 10 0 15 14 2 0 4.0
59 62 75 40 66 79 40 6196 5 9 7 6 0 9 6 5 0 20 18 5 0 20 14 18 0 20 20 6 0 6.0
60 103 63 40 37 95 40 19424 3 30 7 7 0 18 14 2 0 26 19 14 0 4.0
61 23 59 40 102 46 40 29565 3 15 10 11 0 25 18 17 0 10 10 15 1 4.0
62 47 64 40 38 80 40 4166 1 22 17 13 0 6.0
63 113 27 40 55 69 40 60 1 8 5 1 0 5.0
64 71 60 40 91 34 40 15236 5 15 10 16 0 8 8 13 0 9 6 2 0 13 8 9 0 30 7 7 0 4.0
65 108 113 40 70 30 40 27424 5 30 22 20 0 8 6 3 0 18 13 3 0 12 6 3 0 13 10 4 0 5.0
66 114 117 40 117 68 40 3532 1 17 17 12 0 5.0
67 38 26 40 94 111 40 8522 3 18 13 7 0 14 8 2 0 8 7 2 1 4.0
68 106 34 40 41 47 40 5832 2 22 17 7 0 14 14 4 0 5.0
69 76 60 40 44 71 40 1002 1 15 5 15 1 6.0
70 41 20 40 106 54 40 45000 5 8 7 6 0 27 12 6 0 21 19 24 0 12 8 8 1 19 14 3 1 4.0
71 52 104 40 109 66 40 3660 1 15 15 15 0 5.0
72 57 55 40 116 108 40 385 4 13 10 6 0 9 9 7 0 8 8 5 0 8 5 1 0 6.0
73 94 76 40 78 87 40 9730 2 10 7 1 0 23 15 15 0 5.0
74 90 109 40 47 48 40 7119 4 17 8 13 0 8 5 1 0 22 17 7 1 16 13 18 1 6.0
75 115 60 40 27 120 40 8151 2 13 8 8 0 10 10 10 1 4.0
76 78 55 40 44 81 40 45000 3 22 15 5 0 30 20 30 0 9 8 6 0 4.0
77 89 79 40 117 55 40 3896 5 10 7 4 0 15 14 15 0 16 10 6 0 8 5 5 0 8 6 7 0 6.0
78 40 98 40 49 43 40 1610 3 8 5 4 0 17 15 10 0 8 6 15 0 6.0
79 108 69 40 28 106 40 37138 3 10 10 8 0 23 17 16 0 8 6 2 0 4.0
80 46 107 40 67 27 40 198 1 8 8 5 0 6.0
81 94 21 40 112 91 40 7453 4 15 15 15 0 15 7 10 0 17 9 20 0 10 10 20 1 6.0
82 63 25 40 70 92 40 862 1 12 10 5 0 5.0
83 114 115 40 72 111 40 2618 4 9 8 10 0 9 6 3 0 15 15 17 0 13 8 6 1 6.0
84 42 99 40 62 22 40 9540 2 15 12 20 0 16 9 22 0 5.0
85 27 43 40 31 21 40 2929 1 13 8 5 0 4.0
86 80 28 40 78 39 40 3253 3 12 10 10 0 9 5 1 0 10 7 7 1 5.0
87 55 22 40 60 75 40 2289 3 10 7 3 0 8 6 2 0 15 13 15 0 6.0
88 59 65 40 89 60 40 8213 1 16 13 13 1 4.0
89 56 36 40 32 91 40 39212 5 8 7 5 0 27 22 12 0 32 22 4 0 8 6 2 0 30 24 22 1 5.0
90 73 85 40 23 56 40 565 2 8 5 1 0 8 5 4 0 4.0
91 43 28 40 81 65 40 17204 4 11 7 1 0 19 16 7 0 13 10 17 0 8 8 2 1 4.0
92 75 115 40 55 76 40 3274 1 30 17 5 0 5.0
93 89 83 40 35 53 40 303 1 10 10 2 0 5.0
94 94 95 40 77 113 40 42501 5 9 5 2 0 16 7 3 0 9 9 10 0 8 5 5 0 29 25 14 1 4.0
95 82 35 40 77 53 40 887 2 7 6 6 0 8 5 8 0 5.0
96 49 114 40 91 42 40 183 1 8 5 3 1 5.0
97 55 99 40 51 104 40 4808 2 10 10 15 0 16 11 1 0 4.0
98 109 28 40 85 59 40 12166 4 22 16 19 0 8 6 5 0 18 5 15 0 16 16 9 1 5.0
99 83 115 40 98 57 40 10479 5 15 12 10 0 32 19 4 0 14 12 12 0 16 6 6 1 12 7 11 1 5.0
100 97 71 40 53 88 40 12308 5 30 15 2 0 25 20 4 0 11 5 4 0 49 25 3 1 11 7 1 1 5.0
101 118 46 40 120 92 40 1397 2 23 16 6 0 8 5 2 1 6.0
102 49 106 40 102 49 40 37925 4 25 7 5 0 13 8 8 0 8 8 8 1 15 15 2 1 4.0
103 34 89 40 79 92 40 9115 5 13 10 8 0 11 5 3 0 17 9 15 0 20 17 7 0 7 5 6 1 5.0
104 65 74 40 34 97 40 26762 4 42 25 8 0 13 10 3 0 8 5 4 0 12 8 12 0 4.0
105 67 57 40 98 76 40 1522 5 16 6 6 0 10 7 2 0 8 8 5 0 34 5 5 0 10 7 3 0 6.0
106 100 55 40 25 69 40 4043 2 16 16 11 0 19 14 5 0 5.0
