10    106   45000 60    25    30   
0     70    70    0     70    70    1351  0     
1 37 110 40 33 110 40 34130 3 27 20 6 0 12 7 9 1 31 25 11 1 4.0
2 35 80 40 74 114 40 13022 2 23 9 30 0 11 10 4 1 5.0
3 34 33 40 79 114 40 4409 1 25 20 15 1 6.0
4 24 65 40 74 102 40 698 2 9 7 6 0 9 6 4 0 5.0
5 74 117 40 108 100 40 2570 3 23 21 5 0 10 7 5 0 30 24 13 1 6.0
6 35 40 40 40 114 40 1574 1 9 7 12 0 5.0
7 68 28 40 30 101 40 45000 3 12 9 8 0 34 19 5 0 40 17 11 1 4.0
8 107 39 40 67 23 40 7894 2 26 20 9 0 26 23 6 1 6.0
9 70 32 40 117 103 40 2089 2 23 6 3 0 37 6 6 1 5.0
10 23 110 40 102 30 40 3235 1 20 14 6 0 5.0
11 106 110 40 112 30 40 768 1 13 9 5 1 5.0
12 35 75 40 70 110 40 11046 2 46 25 2 1 11 7 3 1 4.0
13 76 108 40 62 39 40 20719 2 14 10 6 0 20 11 18 0 4.0
14 36 70 40 105 116 40 45000 2 10 6 6 0 60 23 6 0 4.0
15 112 65 40 74 27 40 2076 3 9 7 5 0 18 16 16 0 17 17 6 0 6.0
16 72 118 40 108 75 40 6366 2 15 15 6 0 38 25 11 1 6.0
17 104 114 40 104 32 40 12036 3 9 6 2 0 11 11 10 0 15 15 15 0 4.0
18 68 105 40 109 76 40 373 1 16 14 5 0 6.0
19 34 80 40 29 67 40 4238 2 18 6 7 0 9 7 8 0 4.0
20 25 108 40 36 66 40 1342 2 11 9 8 0 11 11 6 1 6.0
21 31 103 40 73 118 40 5634 2 36 22 30 0 14 9 4 0 6.0
22 41 28 40 104 34 40 7775 2 12 10 5 0 9 9 9 0 4.0
23 112 24 40 30 111 40 1601 1 38 25 6 0 6.0
24 39 23 40 108 29 40 3045 2 10 10 10 0 30 15 25 1 6.0
25 34 37 40 75 41 40 17723 2 11 9 6 0 10 9 6 1 4.0
26 38 32 40 25 61 40 1878 3 9 6 4 0 17 12 10 0 10 9 5 1 6.0
27 62 42 40 65 118 40 13072 3 14 11 14 0 11 11 11 0 25 15 17 0 5.0
28 40 76 40 30 115 40 8613 2 11 7 7 0 30 17 14 0 5.0
29 30 64 40 108 117 40 11143 2 19 16 21 0 11 9 9 1 5.0
30 112 114 40 70 113 40 13543 1 26 25 16 0 5.0
31 71 31 40 66 26 40 29099 3 32 15 15 0 16 9 3 0 27 13 4 0 4.0
32 112 29 40 72 30 40 177 1 11 9 6 0 6.0
33 34 23 40 27 68 40 10586 3 23 7 7 0 18 9 18 0 39 6 6 1 5.0
34 38 34 40 110 70 40 551 1 9 7 4 0 5.0
35 108 33 40 66 116 40 17283 3 9 6 3 0 46 17 5 0 25 22 27 0 6.0
36 38 40 40 101 69 40 181 1 9 7 6 0 6.0
37 41 70 40 34 100 40 370 1 9 6 1 0 4.0
38 102 71 40 32 40 40 1299 3 9 7 9 0 25 17 3 0 10 8 5 1 6.0
39 70 108 40 103 107 40 1989 1 9 9 9 0 4.0
40 74 99 40 116 72 40 3597 2 35 13 6 0 20 17 11 1 6.0
41 33 102 40 117 40 40 5259 3 17 10 7 0 13 9 4 0 17 9 4 1 4.0
42 101 102 40 105 62 40 1461 2 9 9 9 0 17 9 6 1 6.0
43 118 111 40 68 100 40 9916 3 19 13 7 0 21 13 15 0 11 9 6 1 5.0
44 117 108 40 35 118 40 6863 2 11 9 1 0 22 17 9 0 5.0
45 67 28 40 108 108 40 7412 3 19 11 7 0 30 19 19 0 20 20 5 0 6.0
46 24 39 40 101 111 40 9210 2 9 6 4 0 9 9 9 0 4.0
47 72 108 40 30 79 40 11722 2 9 9 11 0 29 19 17 0 5.0
48 35 34 40 80 116 40 964 2 11 9 7 0 10 7 6 1 6.0
49 69 118 40 40 69 40 17293 2 12 12 14 0 23 17 14 1 4.0
50 41 111 40 34 110 40 1466 1 19 19 26 0 6.0
51 99 31 40 63 27 40 835 1 11 9 6 0 5.0
52 116 39 40 107 64 40 45000 2 11 9 1 0 30 21 30 0 4.0
53 31 61 40 36 78 40 1715 2 11 9 3 0 10 10 3 1 4.0
54 115 40 40 36 72 40 15216 3 26 14 7 0 11 7 7 0 37 25 13 1 5.0
55 78 117 40 117 110 40 2034 2 13 10 7 0 9 6 3 0 5.0
56 34 68 40 117 105 40 1246 1 36 9 3 0 5.0
57 111 32 40 105 64 40 20786 2 30 20 10 0 17 12 3 1 4.0
58 40 32 40 39 30 40 45000 1 57 25 11 0 4.0
59 112 34 40 105 34 40 1303 2 11 9 7 0 10 9 7 0 6.0
60 25 76 40 116 79 40 985 1 12 10 15 1 6.0
61 74 30 40 36 79 40 2352 3 14 10 2 0 10 7 7 0 9 6 6 1 5.0
62 107 109 40 107 106 40 15812 2 10 9 6 0 17 9 30 1 4.0
63 68 118 40 76 103 40 594 2 9 6 3 1 11 6 5 1 5.0
64 64 26 40 101 63 40 45000 3 17 17 6 0 14 9 9 0 14 9 14 0 4.0
65 61 111 40 33 32 40 460 2 11 11 3 0 11 7 5 0 6.0
66 39 115 40 79 118 40 946 1 37 20 3 1 6.0
67 65 42 40 72 31 40 19384 2 31 25 11 0 14 14 11 1 5.0
68 114 24 40 104 41 40 2181 2 18 18 10 0 12 8 4 0 6.0
69 66 40 40 41 25 40 3455 2 31 6 5 0 23 18 15 0 6.0
70 104 112 40 24 27 40 45000 3 17 11 2 0 33 25 23 1 15 9 6 1 4.0
71 100 80 40 112 40 40 277 1 11 11 6 0 6.0
72 113 80 40 99 75 40 24841 3 19 16 14 0 39 6 6 0 29 23 11 1 5.0
73 35 30 40 33 108 40 45000 1 37 14 25 1 4.0
74 100 78 40 25 66 40 30473 3 9 9 6 0 60 25 11 1 12 11 5 1 5.0
75 80 28 40 28 100 40 1666 1 17 9 4 0 4.0
76 71 29 40 99 116 40 43646 3 26 22 11 0 12 8 5 0 29 17 23 0 4.0
77 111 102 40 102 36 40 997 1 29 6 7 0 6.0
78 115 38 40 108 77 40 12119 3 20 11 17 0 17 14 29 0 11 10 8 1 5.0
79 106 42 40 34 79 40 15966 3 15 13 5 0 10 9 12 0 26 21 7 0 4.0
80 38 103 40 32 39 40 5377 1 23 11 29 0 6.0
81 32 42 40 62 27 40 155 1 10 8 2 1 6.0
82 29 74 40 80 115 40 1084 1 8 7 9 0 5.0
83 108 70 40 39 64 40 6861 2 13 9 15 0 9 6 6 1 4.0
84 25 32 40 113 37 40 3023 2 9 9 11 0 12 12 12 0 5.0
85 114 78 40 113 79 40 2571 1 14 11 8 0 5.0
86 71 26 40 36 114 40 5790 1 23 17 11 1 5.0
87 30 24 40 29 104 40 3581 3 19 9 9 0 17 11 17 0 9 6 3 0 6.0
88 117 70 40 99 71 40 3149 1 18 10 7 0 4.0
89 103 115 40 34 42 40 25731 3 19 9 19 0 20 11 21 0 9 9 3 1 4.0
90 40 62 40 109 67 40 2051 2 17 11 11 0 9 9 6 0 6.0
91 105 104 40 110 73 40 9527 1 9 9 20 0 4.0
92 38 113 40 102 25 40 4994 2 26 25 11 0 17 11 9 0 6.0
93 108 35 40 73 40 40 468 2 9 6 3 0 11 9 3 0 5.0
94 104 115 40 107 78 40 30239 3 11 9 9 0 20 14 6 0 45 7 30 1 4.0
95 118 72 40 102 112 40 356 2 11 6 2 0 13 9 1 0 5.0
96 64 111 40 99 32 40 2919 2 15 14 13 1 17 17 17 1 6.0
97 35 33 40 79 32 40 2861 2 11 11 9 0 9 6 2 0 4.0
98 80 35 40 34 39 40 16406 3 9 9 7 0 30 22 17 0 17 11 3 1 5.0
99 104 106 40 116 74 40 326 1 9 6 3 0 5.0
100 37 76 40 36 100 40 45000 3 23 9 2 0 20 20 14 0 23 18 6 0 4.0
101 101 106 40 28 42 40 32299 2 18 18 21 0 10 10 3 0 4.0
102 32 118 40 101 31 40 793 2 12 12 12 0 11 7 3 1 6.0
103 39 102 40 31 107 40 25017 3 24 14 11 0 11 11 11 0 10 10 10 1 4.0
104 27 102 40 72 104 40 13409 3 39 25 2 0 20 17 11 0 36 25 7 1 5.0
105 73 31 40 73 39 40 2787 2 9 6 5 0 10 9 6 0 4.0
106 113 118 40 64 109 40 2508 2 13 13 10 0 11 6 2 0 5.0
