10    106   45000 60    25    30   
0     70    70    0     70    70    1351  0     
1 37 110 40 33 110 40 45000 3 11 11 11 0 26 20 9 1 50 7 30 1 4.0
2 35 80 40 74 114 40 1293 2 18 10 10 0 13 8 4 1 6.0
3 34 33 40 79 114 40 72 1 13 7 2 1 6.0
4 24 65 40 74 102 40 3282 2 9 6 6 0 12 11 9 0 4.0
5 74 117 40 108 100 40 5443 3 19 12 7 0 9 6 6 0 21 15 16 1 6.0
6 35 40 40 40 114 40 677 1 10 6 3 0 4.0
7 68 28 40 30 101 40 42468 3 9 8 3 0 11 11 11 0 20 20 20 1 4.0
8 107 39 40 67 23 40 809 2 20 8 3 0 12 12 16 1 6.0
9 70 32 40 117 103 40 2126 2 12 12 7 0 9 6 1 1 5.0
10 23 110 40 102 30 40 1492 1 11 9 7 0 4.0
11 106 110 40 112 30 40 5768 1 17 17 17 1 5.0
12 35 75 40 70 110 40 2994 2 10 8 6 1 12 12 14 1 5.0
13 76 108 40 62 39 40 11000 2 14 11 11 0 59 25 2 0 4.0
14 36 70 40 105 116 40 5760 2 17 17 17 0 52 13 7 0 6.0
15 112 65 40 74 27 40 4030 3 13 9 1 0 16 14 11 0 9 9 3 0 5.0
16 72 118 40 108 75 40 2954 2 10 6 4 0 39 6 6 1 5.0
17 104 114 40 104 32 40 1445 3 38 20 5 0 12 6 3 0 11 10 3 0 6.0
18 68 105 40 109 76 40 438 1 15 8 6 0 6.0
19 34 80 40 29 67 40 28203 2 35 25 22 0 11 6 10 0 5.0
20 25 108 40 36 66 40 2363 2 14 5 15 0 28 6 6 1 5.0
21 31 103 40 73 118 40 2431 2 9 9 3 0 12 9 4 0 4.0
22 41 28 40 104 34 40 45000 2 13 13 11 0 25 25 25 0 4.0
23 112 24 40 30 111 40 226 1 10 7 4 0 6.0
24 39 23 40 108 29 40 2571 2 31 22 6 0 9 9 9 1 6.0
25 34 37 40 75 41 40 32991 2 14 8 8 0 31 25 11 1 4.0
26 38 32 40 25 61 40 13284 3 21 16 30 0 11 10 11 0 12 8 5 1 5.0
27 62 42 40 65 118 40 21616 3 34 16 24 0 9 6 1 0 21 8 12 0 5.0
28 40 76 40 30 115 40 20213 2 31 19 11 0 34 22 22 0 6.0
29 30 64 40 108 117 40 17901 2 31 25 10 0 34 25 5 1 5.0
30 112 114 40 70 113 40 35704 1 28 20 19 0 4.0
31 71 31 40 66 26 40 32064 3 34 11 12 0 19 13 13 0 9 6 6 0 4.0
32 112 29 40 72 30 40 1909 1 12 9 12 0 5.0
33 34 23 40 27 68 40 6836 3 27 11 3 0 20 17 17 0 34 16 11 1 6.0
34 38 34 40 110 70 40 870 1 11 9 3 0 4.0
35 108 33 40 66 116 40 26177 3 9 7 2 0 36 25 20 0 13 11 10 0 5.0
36 38 40 40 101 69 40 331 1 9 6 3 0 4.0
37 41 70 40 34 100 40 9479 1 11 11 11 0 4.0
38 102 71 40 32 40 40 7093 3 11 10 7 0 52 22 6 0 11 9 17 1 6.0
39 70 108 40 103 107 40 7170 1 21 21 6 0 4.0
40 74 99 40 116 72 40 45000 2 33 24 12 0 13 8 8 1 4.0
41 33 102 40 117 40 40 1428 3 25 8 6 0 19 13 1 0 10 10 15 1 6.0
42 101 102 40 105 62 40 2627 2 21 11 17 0 10 10 10 1 6.0
43 118 111 40 68 100 40 5911 3 11 11 6 0 11 8 8 0 34 8 8 1 5.0
44 117 108 40 35 118 40 2377 2 11 11 11 0 10 7 9 0 5.0
45 67 28 40 108 108 40 8903 3 19 13 2 0 16 13 7 0 20 11 30 0 6.0
46 24 39 40 101 111 40 6625 2 29 7 7 0 9 9 6 0 4.0
47 72 108 40 30 79 40 43052 2 29 25 3 0 28 11 11 0 4.0
48 35 34 40 80 116 40 2357 2 11 6 3 0 20 20 7 1 6.0
49 69 118 40 40 69 40 2528 2 20 7 2 0 38 7 4 1 5.0
50 41 111 40 34 110 40 1271 1 22 17 3 0 5.0
51 99 31 40 63 27 40 1422 1 14 13 9 0 6.0
52 116 39 40 107 64 40 13368 2 9 9 6 0 19 12 12 0 4.0
53 31 61 40 36 78 40 886 2 12 10 4 0 11 6 3 1 5.0
54 115 40 40 36 72 40 593 3 17 12 7 0 10 9 7 0 14 10 2 1 6.0
55 78 117 40 117 110 40 26491 2 17 12 28 0 9 6 3 0 4.0
56 34 68 40 117 105 40 1522 1 12 11 8 0 5.0
57 111 32 40 105 64 40 697 2 19 19 3 0 10 8 7 1 6.0
58 40 32 40 39 30 40 19049 1 20 11 14 0 4.0
59 112 34 40 105 34 40 2493 2 11 11 6 0 9 6 4 0 4.0
60 25 76 40 116 79 40 2463 1 24 19 16 1 6.0
61 74 30 40 36 79 40 29925 3 10 10 15 0 10 8 7 0 11 11 15 1 4.0
62 107 109 40 107 106 40 33626 2 19 14 12 0 22 22 18 1 4.0
63 68 118 40 76 103 40 3452 2 11 9 6 1 24 8 14 1 5.0
64 64 26 40 101 63 40 5714 3 11 11 1 0 28 7 7 0 22 17 11 0 6.0
65 61 111 40 33 32 40 17586 2 31 9 28 0 19 14 7 0 5.0
66 39 115 40 79 118 40 113 1 10 7 2 1 6.0
67 65 42 40 72 31 40 13303 2 11 6 3 0 21 14 30 1 5.0
68 114 24 40 104 41 40 45000 2 34 25 30 0 9 6 4 0 4.0
69 66 40 40 41 25 40 531 2 15 10 7 0 10 7 5 0 6.0
70 104 112 40 24 27 40 2543 3 10 10 10 0 9 7 10 1 11 9 8 1 6.0
71 100 80 40 112 40 40 18503 1 31 25 21 0 5.0
72 113 80 40 99 75 40 16012 3 9 6 6 0 24 19 6 0 15 8 4 1 4.0
73 35 30 40 33 108 40 215 1 11 6 2 1 5.0
74 100 78 40 25 66 40 1745 3 11 11 20 0 17 17 20 1 11 6 2 1 6.0
75 80 28 40 28 100 40 404 1 10 7 7 0 6.0
76 71 29 40 99 116 40 8969 3 25 15 4 0 11 11 11 0 28 10 8 0 5.0
77 111 102 40 102 36 40 475 1 12 9 16 0 6.0
78 115 38 40 108 77 40 3680 3 16 12 13 0 17 15 7 0 15 15 6 1 6.0
79 106 42 40 34 79 40 20138 3 23 14 13 0 11 11 2 0 22 20 4 0 4.0
80 38 103 40 32 39 40 2620 1 19 12 7 0 5.0
81 32 42 40 62 27 40 36 1 11 8 1 1 6.0
82 29 74 40 80 115 40 9503 1 21 8 12 0 4.0
83 108 70 40 39 64 40 1603 2 9 6 4 0 9 9 7 1 4.0
84 25 32 40 113 37 40 14484 2 22 14 30 0 15 13 13 0 5.0
85 114 78 40 113 79 40 2521 1 8 7 7 0 4.0
86 71 26 40 36 114 40 2992 1 11 11 8 1 4.0
87 30 24 40 29 104 40 2197 3 11 11 11 0 12 10 6 0 10 7 2 0 6.0
88 117 70 40 99 71 40 26760 1 13 8 30 0 4.0
89 103 115 40 34 42 40 21337 3 11 11 11 0 55 22 8 0 17 7 15 1 5.0
90 40 62 40 109 67 40 7047 2 24 15 8 0 18 7 26 0 5.0
91 105 104 40 110 73 40 4790 1 13 13 10 0 4.0
92 38 113 40 102 25 40 2725 2 17 17 7 0 12 10 3 0 5.0
93 108 35 40 73 40 40 9135 2 22 20 20 0 16 16 6 0 6.0
94 104 115 40 107 78 40 4109 3 10 10 6 0 11 11 2 0 10 7 4 1 4.0
95 118 72 40 102 112 40 15861 2 21 21 30 0 24 19 7 0 6.0
96 64 111 40 99 32 40 2162 2 11 7 7 1 17 6 13 1 5.0
97 35 33 40 79 32 40 4188 2 17 11 5 0 12 12 8 0 5.0
98 80 35 40 34 39 40 8963 3 28 17 14 0 9 9 9 0 9 9 11 1 5.0
99 104 106 40 116 74 40 1057 1 16 12 7 0 6.0
100 37 76 40 36 100 40 20322 3 25 25 20 0 10 7 4 0 10 7 2 0 5.0
101 101 106 40 28 42 40 13137 2 20 11 6 0 31 25 5 0 4.0
102 32 118 40 101 31 40 2379 2 12 9 6 0 14 9 4 1 4.0
103 39 102 40 31 107 40 27127 3 22 9 15 0 26 19 6 0 25 20 25 1 5.0
104 27 102 40 72 104 40 4605 3 10 7 11 0 12 12 11 0 9 6 1 1 5.0
105 73 31 40 73 39 40 6773 2 20 17 11 0 25 25 11 0 6.0
106 113 118 40 64 109 40 4289 2 17 11 16 0 25 20 14 0 6.0
