10    106   45000 60    25    30   
0     70    70    0     70    70    1351  0     
1 72 39 40 36 37 40 4323 3 15 12 6 0 10 6 2 1 10 10 10 1 4.0
2 105 71 40 104 110 40 6981 2 9 9 6 0 17 17 17 1 5.0
3 109 74 40 113 32 40 1475 1 11 10 16 1 6.0
4 99 78 40 110 103 40 34996 2 9 6 2 0 15 15 10 0 4.0
5 110 66 40 30 104 40 9441 3 37 25 26 0 17 17 6 0 31 20 8 1 6.0
6 77 42 40 105 36 40 2571 1 25 20 6 0 6.0
7 75 100 40 27 107 40 4795 3 25 21 6 0 20 20 6 0 13 7 5 1 6.0
8 76 40 40 110 105 40 1806 2 9 9 6 0 11 11 29 1 6.0
9 34 62 40 115 114 40 28488 2 11 9 3 0 23 16 29 1 4.0
10 76 28 40 100 99 40 14586 1 56 25 3 0 4.0
11 30 79 40 42 31 40 140 1 10 10 1 1 5.0
12 106 75 40 111 34 40 2627 2 9 6 3 1 11 11 11 1 5.0
13 26 76 40 104 40 40 6977 2 25 17 3 0 12 12 9 0 4.0
14 39 70 40 34 115 40 424 2 12 7 3 0 11 6 3 0 6.0
15 75 103 40 115 110 40 20825 3 17 17 23 0 25 25 16 0 35 25 15 0 6.0
16 109 65 40 33 40 40 1538 2 9 9 3 0 12 8 9 1 5.0
17 111 65 40 98 100 40 3279 3 9 8 9 0 11 11 11 0 34 23 5 0 6.0
18 67 32 40 28 34 40 2661 1 28 25 4 0 6.0
19 79 42 40 98 34 40 26927 2 23 18 4 0 11 11 11 0 4.0
20 67 113 40 35 34 40 12481 2 21 21 23 0 10 7 5 1 5.0
21 111 70 40 112 43 40 3138 2 20 5 6 0 30 7 9 0 5.0
22 108 78 40 26 111 40 474 2 10 7 12 0 10 7 2 0 6.0
23 68 39 40 103 38 40 381 1 12 12 12 0 6.0
24 101 76 40 43 26 40 1893 2 10 8 7 0 14 10 14 1 6.0
25 103 73 40 29 106 40 3531 2 8 7 5 0 11 10 7 1 4.0
26 102 78 40 101 108 40 6017 3 10 10 2 0 23 17 6 0 14 9 7 1 5.0
27 62 39 40 113 99 40 6098 3 11 8 11 0 14 12 15 0 13 11 10 0 5.0
28 70 38 40 37 98 40 21587 2 14 12 14 0 11 11 11 0 4.0
29 75 115 40 100 29 40 7724 2 29 25 12 0 11 9 7 1 6.0
30 63 34 40 110 34 40 397 1 10 6 6 0 5.0
31 63 110 40 38 29 40 43073 3 17 17 11 0 20 15 11 0 59 24 8 0 4.0
32 38 66 40 34 27 40 894 1 10 7 8 0 5.0
33 64 40 40 37 103 40 9648 3 23 14 13 0 14 14 23 0 9 6 6 1 5.0
34 70 98 40 104 104 40 1978 1 30 24 2 0 5.0
35 42 69 40 105 39 40 2531 3 31 11 4 0 7 6 6 0 12 10 7 0 6.0
36 103 63 40 100 110 40 4981 1 29 10 29 0 6.0
37 108 73 40 33 104 40 968 1 27 9 3 0 5.0
38 66 115 40 115 105 40 2140 3 11 9 3 0 9 7 7 0 11 8 6 1 5.0
39 36 64 40 104 43 40 767 1 12 8 8 0 6.0
40 41 69 40 106 114 40 2150 2 9 8 8 0 11 9 6 1 4.0
41 69 27 40 43 104 40 2336 3 9 6 1 0 28 23 5 0 14 14 6 1 6.0
42 111 79 40 32 107 40 6463 2 19 19 6 0 28 6 6 1 4.0
43 104 79 40 33 102 40 45000 3 20 20 26 0 21 11 9 0 11 9 3 1 4.0
44 104 75 40 108 41 40 1483 2 11 11 14 0 11 10 8 0 6.0
45 30 67 40 99 109 40 927 3 9 7 12 0 10 9 8 0 14 14 13 0 6.0
46 69 37 40 41 43 40 7291 2 16 10 3 0 17 17 6 0 4.0
47 35 74 40 99 115 40 2790 2 17 11 17 0 12 8 2 0 6.0
48 70 114 40 34 30 40 1344 2 9 9 9 0 10 9 5 1 5.0
49 33 63 40 35 27 40 12232 2 9 6 8 0 56 6 11 1 4.0
50 41 73 40 37 100 40 671 1 9 9 9 0 6.0
51 106 63 40 105 40 40 10198 1 42 25 11 0 6.0
52 71 35 40 29 110 40 10281 2 16 10 1 0 20 16 11 0 4.0
53 69 101 40 114 42 40 10504 2 34 23 11 0 21 21 7 1 6.0
54 31 76 40 34 107 40 36952 3 24 19 9 0 17 17 17 0 26 13 11 1 4.0
55 33 75 40 28 40 40 20630 2 17 11 10 0 42 10 7 0 4.0
56 112 69 40 37 35 40 1144 1 17 17 3 0 5.0
57 79 102 40 115 103 40 1460 2 11 10 3 0 9 9 9 1 5.0
58 41 70 40 114 32 40 17034 1 39 20 9 0 4.0
59 76 41 40 30 107 40 4642 2 16 14 9 0 23 23 18 0 6.0
60 77 105 40 98 98 40 1313 1 9 8 17 1 5.0
61 75 36 40 30 37 40 45000 3 12 9 5 0 10 8 5 0 24 8 14 1 4.0
62 63 99 40 32 32 40 3902 2 18 14 7 0 15 11 10 1 5.0
63 104 69 40 107 98 40 10096 2 11 10 9 1 28 23 11 1 5.0
64 78 100 40 106 36 40 45000 3 17 17 17 0 14 14 14 0 20 20 6 0 4.0
65 70 28 40 35 26 40 32762 2 26 25 30 0 9 9 9 0 5.0
66 34 72 40 113 41 40 13046 1 25 12 23 1 4.0
67 113 76 40 40 101 40 42825 2 18 12 21 0 29 25 3 1 4.0
68 74 101 40 26 112 40 14488 2 10 7 2 0 59 25 7 0 5.0
69 33 70 40 101 106 40 11249 2 19 11 25 0 11 8 14 0 5.0
70 29 70 40 36 34 40 2837 3 9 6 5 0 11 6 2 1 13 11 8 1 4.0
71 75 33 40 110 42 40 820 1 13 12 8 0 6.0
72 69 106 40 114 33 40 14213 3 15 12 10 0 23 23 11 0 9 6 6 1 4.0
73 35 66 40 34 31 40 12527 1 19 19 20 1 5.0
74 109 70 40 36 111 40 4456 3 11 6 2 0 17 7 6 1 20 15 11 1 5.0
75 67 107 40 34 100 40 145 1 15 7 4 0 6.0
76 38 65 40 28 31 40 45000 3 10 6 14 0 17 17 17 0 41 25 12 0 4.0
77 111 75 40 98 107 40 2080 1 11 9 11 0 4.0
78 63 28 40 34 111 40 4776 3 10 6 3 0 9 9 3 0 14 14 19 1 5.0
79 68 105 40 101 37 40 4072 3 10 7 2 0 11 11 11 0 15 12 10 0 5.0
80 72 104 40 40 114 40 5329 1 22 16 17 0 6.0
81 74 39 40 108 112 40 305 1 23 14 6 1 6.0
82 101 79 40 32 36 40 229 1 11 9 1 0 4.0
83 39 71 40 28 35 40 7375 2 11 9 6 0 12 10 14 1 4.0
84 79 103 40 115 34 40 1166 2 10 9 5 0 14 6 5 0 5.0
85 67 111 40 27 103 40 6274 1 11 11 13 0 4.0
86 35 76 40 108 102 40 1354 1 13 8 7 1 4.0
87 106 66 40 102 106 40 17543 3 14 11 8 0 10 6 5 0 29 14 30 0 5.0
88 99 72 40 104 102 40 1944 1 24 11 6 0 5.0
89 31 77 40 38 34 40 24511 3 32 25 21 0 10 7 10 0 11 8 6 1 5.0
90 32 73 40 99 106 40 8611 2 34 24 9 0 9 9 9 0 5.0
91 26 73 40 109 34 40 4592 1 47 25 4 0 6.0
92 72 33 40 41 103 40 11574 2 9 6 1 0 25 20 15 0 5.0
93 74 104 40 105 34 40 12970 2 15 10 7 0 52 9 30 0 6.0
94 78 29 40 100 112 40 17153 3 19 9 6 0 19 11 11 0 26 20 6 1 4.0
95 102 65 40 31 102 40 7275 2 14 10 2 0 26 14 14 0 5.0
96 70 108 40 42 114 40 2788 2 30 20 12 1 9 9 9 1 6.0
97 73 26 40 113 109 40 9807 2 45 9 9 0 10 7 2 0 4.0
98 62 27 40 26 100 40 25351 3 10 10 4 0 17 10 7 0 30 17 24 1 4.0
99 76 33 40 98 31 40 607 1 9 9 6 0 5.0
100 77 106 40 38 36 40 6685 3 23 17 2 0 17 17 6 0 22 7 6 0 4.0
101 64 101 40 37 38 40 3504 2 9 6 15 0 17 9 7 0 4.0
102 73 27 40 107 31 40 4858 2 26 15 30 0 15 14 11 1 6.0
103 64 100 40 28 36 40 45000 3 23 16 21 0 9 6 5 0 39 11 11 1 4.0
104 62 112 40 30 27 40 1702 3 14 8 4 0 12 8 8 0 23 17 2 1 6.0
105 72 111 40 42 111 40 5986 2 56 25 2 0 39 20 11 0 6.0
106 41 76 40 110 43 40 6304 2 19 13 13 0 17 8 25 0 6.0
