10    106   45000 60    25    30   
0     70    70    0     70    70    1351  0     
1 37 110 40 33 110 40 8475 3 19 9 15 0 9 7 14 1 9 6 3 1 4.0
2 35 80 40 74 114 40 3271 2 19 19 22 0 15 6 2 1 6.0
3 34 33 40 79 114 40 395 1 11 11 8 1 6.0
4 24 65 40 74 102 40 45000 2 22 11 11 0 17 17 17 0 4.0
5 74 117 40 108 100 40 1448 3 25 19 10 0 9 7 2 0 28 17 3 1 6.0
6 35 40 40 40 114 40 90 1 9 7 2 0 6.0
7 68 28 40 30 101 40 45000 3 33 25 30 0 11 11 11 0 11 11 9 1 5.0
8 107 39 40 67 23 40 2947 2 20 13 4 0 12 8 2 1 4.0
9 70 32 40 117 103 40 3407 2 11 11 8 0 11 11 9 1 5.0
10 23 110 40 102 30 40 4071 1 15 11 7 0 4.0
11 106 110 40 112 30 40 1290 1 15 15 4 1 5.0
12 35 75 40 70 110 40 5244 2 14 8 4 1 25 19 8 1 5.0
13 76 108 40 62 39 40 25134 2 20 18 10 0 17 17 17 0 4.0
14 36 70 40 105 116 40 1103 2 14 10 7 0 9 8 6 0 6.0
15 112 65 40 74 27 40 5381 3 9 7 2 0 10 9 6 0 27 20 8 0 5.0
16 72 118 40 108 75 40 4147 2 11 8 6 0 18 7 11 1 4.0
17 104 114 40 104 32 40 8621 3 17 15 10 0 28 25 3 0 17 9 6 0 5.0
18 68 105 40 109 76 40 358 1 11 9 6 0 6.0
19 34 80 40 29 67 40 17324 2 9 6 5 0 17 17 17 0 4.0
20 25 108 40 36 66 40 2593 2 26 19 2 0 13 8 3 1 4.0
21 31 103 40 73 118 40 5067 2 33 17 3 0 24 11 8 0 5.0
22 41 28 40 104 34 40 45000 2 28 19 11 0 46 25 30 0 5.0
23 112 24 40 30 111 40 3671 1 11 11 11 0 4.0
24 39 23 40 108 29 40 7188 2 13 10 11 0 17 12 12 1 5.0
25 34 37 40 75 41 40 39943 2 38 6 6 0 19 11 30 1 4.0
26 38 32 40 25 61 40 907 3 9 6 5 0 11 6 3 0 39 14 8 1 6.0
27 62 42 40 65 118 40 8371 3 20 16 8 0 29 15 24 0 12 8 3 0 6.0
28 40 76 40 30 115 40 45000 2 11 7 3 0 30 17 30 0 4.0
29 30 64 40 108 117 40 6614 2 58 22 6 0 33 25 6 1 6.0
30 112 114 40 70 113 40 511 1 9 7 17 0 6.0
31 71 31 40 66 26 40 28522 3 31 18 6 0 27 11 11 0 23 12 4 0 4.0
32 112 29 40 72 30 40 2038 1 12 12 12 0 5.0
33 34 23 40 27 68 40 9573 3 28 18 4 0 28 7 8 0 11 11 11 1 5.0
34 38 34 40 110 70 40 3965 1 17 8 8 0 4.0
35 108 33 40 66 116 40 4928 3 26 14 10 0 22 11 14 0 14 14 3 0 6.0
36 38 40 40 101 69 40 712 1 24 7 8 0 6.0
37 41 70 40 34 100 40 1871 1 25 18 6 0 6.0
38 102 71 40 32 40 40 2637 3 10 6 4 0 17 12 12 0 11 11 7 1 6.0
39 70 108 40 103 107 40 8281 1 25 12 22 0 5.0
40 74 99 40 116 72 40 3493 2 19 6 7 0 17 17 6 1 5.0
41 33 102 40 117 40 40 12839 3 17 17 11 0 14 9 1 0 15 15 30 1 5.0
42 101 102 40 105 62 40 3011 2 22 17 28 0 28 7 7 1 6.0
43 118 111 40 68 100 40 29494 3 11 9 2 0 23 15 12 0 14 9 9 1 4.0
44 117 108 40 35 118 40 4521 2 20 19 13 0 9 7 7 0 6.0
45 67 28 40 108 108 40 9222 3 21 18 6 0 17 6 10 0 11 8 3 0 4.0
46 24 39 40 101 111 40 37798 2 11 11 8 0 22 17 28 0 4.0
47 72 108 40 30 79 40 1659 2 10 10 7 0 14 13 8 0 6.0
48 35 34 40 80 116 40 1922 2 24 24 9 0 9 6 1 1 6.0
49 69 118 40 40 69 40 4226 2 13 11 8 0 15 15 3 1 4.0
50 41 111 40 34 110 40 1215 1 13 9 8 0 5.0
51 99 31 40 63 27 40 119 1 9 7 2 0 6.0
52 116 39 40 107 64 40 31193 2 23 23 11 0 18 17 18 0 4.0
53 31 61 40 36 78 40 12296 2 25 19 8 0 15 13 12 1 4.0
54 115 40 40 36 72 40 416 3 16 9 13 0 10 9 5 0 9 9 7 1 6.0
55 78 117 40 117 110 40 8448 2 18 12 20 0 9 6 1 0 5.0
56 34 68 40 117 105 40 5410 1 47 25 6 0 6.0
57 111 32 40 105 64 40 449 2 13 8 4 0 14 6 6 1 6.0
58 40 32 40 39 30 40 7742 1 22 15 11 0 4.0
59 112 34 40 105 34 40 1863 2 17 9 9 0 19 14 6 0 6.0
60 25 76 40 116 79 40 5014 1 17 15 9 1 4.0
61 74 30 40 36 79 40 27775 3 28 20 6 0 17 11 30 0 14 14 6 1 4.0
62 107 109 40 107 106 40 3492 2 11 11 11 0 14 14 14 1 6.0
63 68 118 40 76 103 40 2363 2 11 11 8 1 14 11 4 1 5.0
64 64 26 40 101 63 40 16893 3 17 17 17 0 9 9 6 0 12 9 9 0 4.0
65 61 111 40 33 32 40 8029 2 25 19 8 0 11 8 6 0 5.0
66 39 115 40 79 118 40 642 1 10 9 7 1 5.0
67 65 42 40 72 31 40 10694 2 9 9 9 0 23 19 4 1 4.0
68 114 24 40 104 41 40 9218 2 19 19 9 0 19 14 8 0 5.0
69 66 40 40 41 25 40 450 2 13 8 2 0 11 9 3 0 6.0
70 104 112 40 24 27 40 24211 3 38 7 4 0 32 9 9 1 14 12 4 1 4.0
71 100 80 40 112 40 40 3553 1 18 13 14 0 5.0
72 113 80 40 99 75 40 1589 3 11 9 8 0 22 16 17 0 9 6 5 1 6.0
73 35 30 40 33 108 40 10722 1 17 17 20 1 5.0
74 100 78 40 25 66 40 16273 3 11 11 15 0 18 9 30 1 20 20 30 1 6.0
75 80 28 40 28 100 40 4004 1 15 10 6 0 4.0
76 71 29 40 99 116 40 9500 3 10 8 7 0 9 9 3 0 22 19 6 0 4.0
77 111 102 40 102 36 40 5980 1 27 14 20 0 6.0
78 115 38 40 108 77 40 207 3 9 6 1 0 9 8 4 0 11 9 1 1 6.0
79 106 42 40 34 79 40 45000 3 19 6 6 0 8 8 9 0 23 23 17 0 4.0
80 38 103 40 32 39 40 4433 1 26 23 12 0 6.0
81 32 42 40 62 27 40 1089 1 11 9 14 1 6.0
82 29 74 40 80 115 40 2840 1 19 13 8 0 5.0
83 108 70 40 39 64 40 427 2 10 7 11 0 11 9 1 1 6.0
84 25 32 40 113 37 40 5144 2 13 13 13 0 33 11 4 0 5.0
85 114 78 40 113 79 40 4614 1 13 9 7 0 4.0
86 71 26 40 36 114 40 3465 1 12 11 14 1 5.0
87 30 24 40 29 104 40 9219 3 22 17 22 0 24 22 7 0 17 8 8 0 6.0
88 117 70 40 99 71 40 11247 1 23 23 7 0 4.0
89 103 115 40 34 42 40 38096 3 33 20 30 0 9 6 9 0 27 10 19 1 5.0
90 40 62 40 109 67 40 17898 2 23 22 11 0 17 15 3 0 4.0
91 105 104 40 110 73 40 2333 1 11 8 7 0 4.0
92 38 113 40 102 25 40 3929 2 10 7 6 0 22 20 6 0 5.0
93 108 35 40 73 40 40 15113 2 22 15 20 0 22 22 7 0 5.0
94 104 115 40 107 78 40 44779 3 33 8 8 0 20 16 3 0 29 21 15 1 4.0
95 118 72 40 102 112 40 20260 2 17 11 13 0 28 20 19 0 5.0
96 64 111 40 99 32 40 13604 2 11 11 17 1 24 19 15 1 5.0
97 35 33 40 79 32 40 10688 2 9 6 1 0 17 12 18 0 4.0
98 80 35 40 34 39 40 3006 3 9 9 15 0 10 7 2 0 14 9 10 1 5.0
99 104 106 40 116 74 40 2856 1 33 8 8 0 5.0
100 37 76 40 36 100 40 34464 3 33 25 22 0 9 7 4 0 20 14 3 0 5.0
101 101 106 40 28 42 40 650 2 14 7 4 0 14 12 4 0 6.0
102 32 118 40 101 31 40 45000 2 19 19 14 0 20 14 8 1 4.0
103 39 102 40 31 107 40 6510 3 15 9 3 0 9 8 2 0 25 19 8 1 5.0
104 27 102 40 72 104 40 8472 3 16 15 4 0 17 6 17 0 9 8 7 1 4.0
105 73 31 40 73 39 40 12052 2 30 14 7 0 23 22 27 0 6.0
106 113 118 40 64 109 40 2479 2 14 9 9 0 22 16 4 0 5.0
