10    106   45000 60    25    30   
0     70    70    0     70    70    1351  0     
1 72 39 40 36 37 40 10142 3 16 12 10 0 12 9 6 1 22 12 6 1 4.0
2 105 71 40 104 110 40 2176 2 12 7 3 0 12 9 9 1 5.0
3 109 74 40 113 32 40 1159 1 11 11 22 1 6.0
4 99 78 40 110 103 40 2635 2 10 8 7 0 14 7 2 0 4.0
5 110 66 40 30 104 40 3282 3 21 15 14 0 12 12 12 0 42 8 5 1 6.0
6 77 42 40 105 36 40 843 1 12 12 9 0 6.0
7 75 100 40 27 107 40 15837 3 20 16 17 0 26 9 15 0 15 14 14 1 5.0
8 76 40 40 110 105 40 773 2 11 9 7 0 14 7 1 1 5.0
9 34 62 40 115 114 40 10112 2 22 15 9 0 15 12 15 1 5.0
10 76 28 40 100 99 40 45000 1 23 17 30 0 4.0
11 30 79 40 42 31 40 623 1 12 11 2 1 4.0
12 106 75 40 111 34 40 3050 2 21 13 21 1 25 23 6 1 6.0
13 26 76 40 104 40 40 21137 2 15 12 3 0 24 20 6 0 4.0
14 39 70 40 34 115 40 5011 2 10 7 2 0 26 17 10 0 5.0
15 75 103 40 115 110 40 9073 3 25 18 25 0 18 12 6 0 12 12 12 0 6.0
16 109 65 40 33 40 40 11826 2 11 7 11 0 15 15 6 1 4.0
17 111 65 40 98 100 40 956 3 14 10 9 0 12 9 10 0 24 20 4 0 6.0
18 67 32 40 28 34 40 1324 1 12 9 6 0 4.0
19 79 42 40 98 34 40 37861 2 26 22 7 0 12 10 7 0 4.0
20 67 113 40 35 34 40 8883 2 60 9 9 0 19 10 8 1 5.0
21 111 70 40 112 43 40 12484 2 10 10 10 0 39 22 22 0 6.0
22 108 78 40 26 111 40 6003 2 15 10 22 0 10 7 1 0 5.0
23 68 39 40 103 38 40 1402 1 11 8 7 0 4.0
24 101 76 40 43 26 40 3773 2 17 15 4 0 40 25 4 1 6.0
25 103 73 40 29 106 40 6140 2 17 12 4 0 18 12 12 1 5.0
26 102 78 40 101 108 40 16938 3 10 7 1 0 26 25 26 0 28 22 6 1 6.0
27 62 39 40 113 99 40 5856 3 12 10 12 0 60 14 6 0 18 12 6 0 6.0
28 70 38 40 37 98 40 11455 2 26 9 15 0 13 9 9 0 4.0
29 75 115 40 100 29 40 3397 2 17 14 10 0 55 9 5 1 6.0
30 63 34 40 110 34 40 39 1 12 9 1 0 6.0
31 63 110 40 38 29 40 45000 3 17 15 12 0 25 17 1 0 37 9 9 0 4.0
32 38 66 40 34 27 40 3830 1 25 25 25 0 6.0
33 64 40 40 37 103 40 1702 3 21 9 2 0 11 10 17 0 15 14 4 1 6.0
34 70 98 40 104 104 40 3871 1 12 10 7 0 4.0
35 42 69 40 105 39 40 10115 3 10 10 10 0 40 22 22 0 14 14 15 0 6.0
36 103 63 40 100 110 40 2901 1 34 20 7 0 6.0
37 108 73 40 33 104 40 1797 1 10 8 10 0 4.0
38 66 115 40 115 105 40 2734 3 10 7 4 0 10 7 2 0 20 20 7 1 6.0
39 36 64 40 104 43 40 142 1 12 10 1 0 5.0
40 41 69 40 106 114 40 35651 2 17 16 13 0 55 25 9 1 4.0
41 69 27 40 43 104 40 6310 3 22 12 7 0 16 16 1 0 23 23 6 1 5.0
42 111 79 40 32 107 40 496 2 10 7 2 0 11 8 5 1 6.0
43 104 79 40 33 102 40 27471 3 15 12 3 0 22 10 3 0 14 12 12 1 4.0
44 104 75 40 108 41 40 2873 2 18 18 3 0 10 7 2 0 4.0
45 30 67 40 99 109 40 3825 3 10 9 10 0 17 10 8 0 18 12 6 0 5.0
46 69 37 40 41 43 40 8475 2 17 17 6 0 21 21 5 0 4.0
47 35 74 40 99 115 40 3426 2 10 7 10 0 20 14 7 0 5.0
48 70 114 40 34 30 40 3188 2 21 20 4 0 10 7 5 1 5.0
49 33 63 40 35 27 40 12461 2 14 11 10 0 12 11 6 1 4.0
50 41 73 40 37 100 40 6828 1 23 15 17 0 5.0
51 106 63 40 105 40 40 448 1 10 7 7 0 6.0
52 71 35 40 29 110 40 5777 2 29 22 7 0 44 25 2 0 6.0
53 69 101 40 114 42 40 11285 2 39 11 8 0 15 10 14 1 4.0
54 31 76 40 34 107 40 2709 3 10 8 7 0 18 13 7 0 15 12 14 1 6.0
55 33 75 40 28 40 40 44878 2 11 7 6 0 25 25 23 0 4.0
56 112 69 40 37 35 40 3613 1 17 11 6 0 4.0
57 79 102 40 115 103 40 543 2 12 7 17 0 10 7 7 1 6.0
58 41 70 40 114 32 40 14523 1 60 18 9 0 5.0
59 76 41 40 30 107 40 33634 2 25 25 30 0 18 18 9 0 5.0
60 77 105 40 98 98 40 106 1 10 7 1 1 5.0
61 75 36 40 30 37 40 45000 3 25 12 18 0 20 12 10 0 21 16 8 1 4.0
62 63 99 40 32 32 40 9753 2 12 12 18 0 22 18 12 1 5.0
63 104 69 40 107 98 40 1106 2 10 10 3 1 12 8 5 1 5.0
64 78 100 40 106 36 40 45000 3 13 10 10 0 31 25 18 0 16 13 10 0 4.0
65 70 28 40 35 26 40 793 2 14 10 4 0 10 9 8 0 6.0
66 34 72 40 113 41 40 348 1 15 10 1 1 4.0
67 113 76 40 40 101 40 3795 2 18 13 9 0 23 19 2 1 5.0
68 74 101 40 26 112 40 706 2 10 7 10 0 25 25 2 0 6.0
69 33 70 40 101 106 40 4720 2 12 10 2 0 16 10 18 0 5.0
70 29 70 40 36 34 40 45000 3 12 10 9 0 22 20 20 1 22 19 19 1 4.0
71 75 33 40 110 42 40 1565 1 20 16 17 0 6.0
72 69 106 40 114 33 40 5957 3 37 7 10 0 33 11 30 0 12 10 17 1 6.0
73 35 66 40 34 31 40 2932 1 13 8 7 1 4.0
74 109 70 40 36 111 40 2553 3 22 15 4 0 37 14 8 1 10 7 1 1 6.0
75 67 107 40 34 100 40 9369 1 25 13 13 0 4.0
76 38 65 40 28 31 40 22135 3 12 12 12 0 15 10 6 0 22 12 12 0 4.0
77 111 75 40 98 107 40 8779 1 20 17 13 0 5.0
78 63 28 40 34 111 40 42125 3 15 15 9 0 18 12 12 0 15 13 19 1 4.0
79 68 105 40 101 37 40 20047 3 12 9 8 0 14 14 6 0 37 12 10 0 4.0
80 72 104 40 40 114 40 24478 1 56 20 12 0 5.0
81 74 39 40 108 112 40 7911 1 22 22 12 1 5.0
82 101 79 40 32 36 40 636 1 13 9 4 0 5.0
83 39 71 40 28 35 40 3364 2 17 11 6 0 14 7 3 1 4.0
84 79 103 40 115 34 40 3731 2 14 12 2 0 14 11 10 0 5.0
85 67 111 40 27 103 40 3969 1 12 8 8 0 4.0
86 35 76 40 108 102 40 463 1 10 7 7 1 5.0
87 106 66 40 102 106 40 1618 3 12 9 8 0 30 20 6 0 18 12 6 0 6.0
88 99 72 40 104 102 40 1838 1 12 12 9 0 5.0
89 31 77 40 38 34 40 20606 3 25 22 26 0 15 10 3 0 17 7 15 1 5.0
90 32 73 40 99 106 40 4890 2 44 25 10 0 10 8 7 0 6.0
91 26 73 40 109 34 40 853 1 11 7 4 0 4.0
92 72 33 40 41 103 40 2755 2 10 10 6 0 12 9 6 0 4.0
93 74 104 40 105 34 40 3638 2 18 12 8 0 35 9 9 0 6.0
94 78 29 40 100 112 40 8140 3 25 21 7 0 11 10 9 0 16 10 6 1 5.0
95 102 65 40 31 102 40 271 2 12 7 2 0 14 14 2 0 6.0
96 70 108 40 42 114 40 12229 2 28 22 9 1 25 22 9 1 5.0
97 73 26 40 113 109 40 16841 2 16 12 4 0 37 25 4 0 4.0
98 62 27 40 26 100 40 1952 3 12 12 12 0 19 13 10 0 11 8 4 1 6.0
99 76 33 40 98 31 40 521 1 12 12 12 0 6.0
100 77 106 40 38 36 40 20174 3 23 23 6 0 10 7 1 0 16 16 7 0 4.0
101 64 101 40 37 38 40 17441 2 31 25 22 0 22 9 22 0 6.0
102 73 27 40 107 31 40 18204 2 31 20 18 0 24 10 7 1 5.0
103 64 100 40 28 36 40 6550 3 25 18 2 0 33 7 5 0 18 10 18 1 5.0
104 62 112 40 30 27 40 2764 3 18 7 3 0 10 7 6 0 14 14 30 1 6.0
105 72 111 40 42 111 40 20369 2 12 12 12 0 31 15 30 0 5.0
106 41 76 40 110 43 40 4902 2 30 15 9 0 10 7 6 0 5.0
