10    106   45000 60    25    30   
0     70    70    0     70    70    1351  0     
1 37 110 40 33 110 40 3804 4 13 11 5 0 9 6 2 1 9 9 9 1 8 8 6 1 4.0
2 35 80 40 74 114 40 4364 1 15 15 15 1 5.0
3 34 33 40 79 114 40 2615 3 10 9 14 0 8 6 2 0 14 14 9 1 6.0
4 24 65 40 74 102 40 45000 1 33 24 23 1 4.0
5 74 117 40 108 100 40 3388 5 15 15 5 0 28 18 8 0 23 18 5 0 23 19 5 1 18 18 5 1 6.0
6 35 40 40 40 114 40 3068 4 12 7 5 0 8 8 5 0 10 10 26 0 10 8 3 0 6.0
7 68 28 40 30 101 40 10393 5 21 15 26 0 50 24 3 0 9 9 1 0 8 6 3 1 10 10 10 1 6.0
8 107 39 40 67 23 40 468 1 23 15 3 1 6.0
9 70 32 40 117 103 40 3114 2 11 11 8 0 11 7 3 0 4.0
10 23 110 40 102 30 40 16253 2 10 6 3 0 15 15 20 0 4.0
11 106 110 40 112 30 40 26106 4 23 23 14 0 31 24 14 0 8 8 3 0 11 7 8 1 5.0
12 35 75 40 70 110 40 901 1 8 8 8 1 5.0
13 76 108 40 62 39 40 2714 1 10 10 10 0 4.0
14 36 70 40 105 116 40 6762 4 30 20 4 0 25 25 4 0 20 16 4 0 10 10 10 1 6.0
15 112 65 40 74 27 40 5769 3 19 19 21 0 9 6 4 0 18 5 5 1 6.0
16 72 118 40 108 75 40 1801 1 27 6 8 0 5.0
17 104 114 40 104 32 40 2244 5 9 7 11 0 9 6 2 0 11 11 11 0 9 7 6 1 13 9 13 1 6.0
18 68 105 40 109 76 40 726 2 8 7 4 0 10 9 6 0 6.0
19 34 80 40 29 67 40 26486 4 9 9 2 0 20 15 5 0 12 8 6 0 10 7 10 0 4.0
20 25 108 40 36 66 40 13883 5 12 11 13 0 12 10 9 0 12 11 12 0 10 10 10 0 26 22 11 0 5.0
21 31 103 40 73 118 40 1013 2 10 8 6 0 9 6 6 1 5.0
22 41 28 40 104 34 40 8572 5 15 15 10 0 18 14 10 0 53 22 8 0 9 7 8 0 20 13 12 1 6.0
23 112 24 40 30 111 40 808 2 13 13 20 0 8 6 6 0 6.0
24 39 23 40 108 29 40 2337 4 27 22 2 0 28 10 4 0 7 6 5 1 11 9 6 1 6.0
25 34 37 40 75 41 40 22396 2 26 9 26 0 24 8 3 0 4.0
26 38 32 40 25 61 40 3474 5 10 8 3 0 8 6 6 0 10 8 5 0 11 7 7 1 8 8 8 1 5.0
27 62 42 40 65 118 40 3135 3 10 8 6 0 8 6 1 0 25 20 4 1 5.0
28 40 76 40 30 115 40 20391 3 13 13 5 0 17 17 6 0 25 6 6 0 4.0
29 30 64 40 108 117 40 9503 5 18 18 24 0 19 10 8 0 10 8 3 0 10 10 13 1 10 9 8 1 6.0
30 112 114 40 70 113 40 680 1 8 7 11 0 5.0
31 71 31 40 66 26 40 9760 4 9 8 7 0 13 13 12 1 14 9 3 1 15 15 5 1 4.0
32 112 29 40 72 30 40 3592 1 15 10 15 0 5.0
33 34 23 40 27 68 40 4690 5 11 8 2 0 8 8 8 0 9 8 5 0 8 6 7 1 50 6 10 1 5.0
34 38 34 40 110 70 40 13752 2 8 8 8 0 38 25 10 0 5.0
35 108 33 40 66 116 40 14088 5 14 9 1 0 18 14 10 0 30 20 10 1 19 19 6 1 21 17 8 1 6.0
36 38 40 40 101 69 40 3705 2 15 15 15 0 24 12 10 0 6.0
37 41 70 40 34 100 40 4885 2 15 10 9 0 37 9 7 0 5.0
38 102 71 40 32 40 40 2463 3 15 15 3 0 10 9 3 1 8 8 8 1 5.0
39 70 108 40 103 107 40 12980 3 35 18 8 0 15 13 8 0 20 20 16 1 6.0
40 74 99 40 116 72 40 1764 1 8 8 15 0 4.0
41 33 102 40 117 40 40 1510 3 11 8 5 0 9 7 4 1 21 8 13 1 6.0
42 101 102 40 105 62 40 23444 5 16 13 6 0 13 10 9 0 10 9 8 0 25 20 10 0 15 15 15 0 4.0
43 118 111 40 68 100 40 45000 5 13 13 13 0 18 18 5 0 24 24 30 0 8 8 8 0 23 11 20 1 4.0
44 117 108 40 35 118 40 3112 3 16 11 19 0 26 25 3 1 9 6 2 1 6.0
45 67 28 40 108 108 40 3017 5 53 25 6 0 17 10 22 0 10 8 13 0 8 6 5 0 10 6 2 1 6.0
46 24 39 40 101 111 40 24565 5 12 10 8 0 12 11 7 0 13 11 9 0 20 20 10 0 8 6 6 1 4.0
47 72 108 40 30 79 40 7183 5 17 17 18 0 10 6 2 0 15 7 5 0 18 14 10 0 13 6 4 1 6.0
48 35 34 40 80 116 40 800 1 9 6 13 1 5.0
49 69 118 40 40 69 40 39336 2 15 15 15 0 36 25 11 1 4.0
50 41 111 40 34 110 40 885 2 10 8 10 0 9 6 3 1 6.0
51 99 31 40 63 27 40 170 1 8 8 3 1 6.0
52 116 39 40 107 64 40 27340 5 13 13 17 0 9 7 2 0 10 10 10 0 13 11 9 1 20 15 15 1 4.0
53 31 61 40 36 78 40 1240 2 20 13 5 0 10 8 1 1 6.0
54 115 40 40 36 72 40 6845 4 10 8 5 0 11 9 13 0 9 8 5 0 13 6 4 0 4.0
55 78 117 40 117 110 40 11426 3 10 10 12 0 12 7 6 0 12 10 8 1 4.0
56 34 68 40 117 105 40 356 1 9 6 5 0 5.0
57 111 32 40 105 64 40 32694 5 26 12 28 0 22 10 6 0 28 24 19 0 9 6 9 0 10 8 5 1 5.0
58 40 32 40 39 30 40 14054 2 30 22 8 0 8 8 8 0 4.0
59 112 34 40 105 34 40 8837 5 42 25 4 0 8 6 1 0 23 18 14 0 14 9 7 0 46 8 30 0 6.0
60 25 76 40 116 79 40 4869 3 17 8 5 0 17 10 10 0 24 18 5 0 5.0
61 74 30 40 36 79 40 45000 3 13 9 2 0 24 13 13 0 27 18 11 1 4.0
62 107 109 40 107 106 40 585 1 8 8 8 0 5.0
63 68 118 40 76 103 40 3201 1 40 8 8 0 5.0
64 64 26 40 101 63 40 45000 5 9 6 2 0 9 9 4 0 15 9 7 0 27 15 22 0 8 8 5 0 4.0
65 61 111 40 33 32 40 6408 5 20 15 2 0 15 15 5 0 20 7 6 0 8 6 14 0 15 8 6 0 5.0
66 39 115 40 79 118 40 19058 1 24 14 30 0 4.0
67 65 42 40 72 31 40 45000 3 14 13 10 0 20 15 19 0 8 6 5 1 4.0
68 114 24 40 104 41 40 5350 2 35 10 10 0 13 7 4 0 5.0
69 66 40 40 41 25 40 939 1 11 7 7 1 5.0
70 104 112 40 24 27 40 26807 5 20 15 2 0 50 25 2 0 35 18 10 0 17 12 12 1 15 8 23 1 4.0
71 100 80 40 112 40 40 197 1 10 10 3 0 6.0
72 113 80 40 99 75 40 11418 4 16 10 6 0 9 9 9 0 18 16 14 0 11 10 6 0 4.0
73 35 30 40 33 108 40 5158 2 30 8 8 0 13 9 9 0 5.0
74 100 78 40 25 66 40 16257 4 10 8 3 0 17 17 25 0 23 18 13 1 20 19 6 1 5.0
75 80 28 40 28 100 40 1498 2 16 8 2 0 34 12 10 1 6.0
76 71 29 40 99 116 40 14228 3 26 25 4 0 25 19 5 0 13 9 6 0 4.0
77 111 102 40 102 36 40 6388 5 10 6 3 0 9 7 4 0 11 10 12 0 10 9 12 0 8 8 8 0 4.0
78 115 38 40 108 77 40 14106 3 30 20 15 0 8 8 7 0 28 25 4 0 5.0
79 106 42 40 34 79 40 1591 3 8 6 6 0 15 8 6 0 9 6 5 0 5.0
80 38 103 40 32 39 40 374 1 10 7 6 0 6.0
81 32 42 40 62 27 40 204 4 8 6 1 0 9 7 3 0 10 8 8 0 10 7 6 1 6.0
82 29 74 40 80 115 40 3325 1 16 15 6 0 4.0
83 108 70 40 39 64 40 12735 4 12 9 13 0 17 7 10 0 8 8 10 0 11 9 7 1 4.0
84 25 32 40 113 37 40 1098 2 9 8 7 0 9 7 5 0 5.0
85 114 78 40 113 79 40 718 1 10 6 3 0 4.0
86 71 26 40 36 114 40 13613 3 9 7 4 0 12 12 19 0 19 19 12 1 4.0
87 30 24 40 29 104 40 9329 3 20 10 25 0 11 9 8 0 10 10 15 0 5.0
88 117 70 40 99 71 40 982 1 10 10 8 1 5.0
89 103 115 40 34 42 40 22869 5 45 13 8 0 10 8 8 0 47 6 30 0 30 17 4 0 10 10 10 1 5.0
90 40 62 40 109 67 40 1399 2 8 8 8 0 10 10 8 0 5.0
91 105 104 40 110 73 40 991 4 9 6 2 0 10 6 3 0 13 6 5 0 8 7 6 1 6.0
92 38 113 40 102 25 40 147 1 8 6 2 0 5.0
93 108 35 40 73 40 40 578 1 12 8 7 0 6.0
94 104 115 40 107 78 40 9350 5 9 9 14 0 8 8 8 0 9 7 5 0 30 6 4 0 13 8 8 1 4.0
95 118 72 40 102 112 40 9371 2 25 25 10 0 15 15 3 0 5.0
96 64 111 40 99 32 40 127 1 15 8 3 1 6.0
97 35 33 40 79 32 40 11815 2 8 6 3 0 16 12 23 0 4.0
98 80 35 40 34 39 40 10478 4 9 6 2 0 20 15 2 0 10 10 4 0 16 16 18 1 4.0
99 104 106 40 116 74 40 29491 5 26 8 8 0 33 25 22 0 10 6 6 0 15 11 18 1 11 7 6 1 5.0
100 37 76 40 36 100 40 15485 5 12 10 8 0 10 10 15 0 14 14 9 0 8 6 6 1 24 18 8 1 4.0
101 101 106 40 28 42 40 6330 2 19 14 7 0 16 16 6 1 4.0
102 32 118 40 101 31 40 3056 4 30 9 4 0 9 7 14 0 35 15 10 1 8 8 25 1 6.0
103 39 102 40 31 107 40 19202 5 12 12 13 0 11 6 4 0 9 6 3 0 11 11 15 0 15 10 2 1 4.0
104 27 102 40 72 104 40 5663 4 23 19 4 0 9 8 9 0 15 15 18 0 10 10 2 0 6.0
105 73 31 40 73 39 40 8599 5 18 11 20 0 17 15 5 0 16 16 30 0 18 13 8 0 15 13 8 0 6.0
106 113 118 40 64 109 40 7057 2 30 20 8 0 17 17 9 0 6.0
