10    106   45000 60    25    30   
0     70    70    0     70    70    1351  0     
1 37 83 40 66 96 40 34130 3 27 20 6 0 12 7 9 1 31 25 11 1 4.0
2 109 65 40 74 95 40 13022 2 23 9 30 0 11 10 4 1 5.0
3 50 35 40 71 71 40 4409 1 25 20 15 1 6.0
4 107 67 40 42 30 40 698 2 9 7 6 0 9 6 4 0 5.0
5 73 114 40 44 23 40 2570 3 23 21 5 0 10 7 5 0 30 24 13 1 6.0
6 48 25 40 107 87 40 1574 1 9 7 12 0 5.0
7 100 30 40 99 70 40 45000 3 12 9 8 0 34 19 5 0 40 17 11 1 4.0
8 109 34 40 106 51 40 7894 2 26 20 9 0 26 23 6 1 6.0
9 87 119 40 22 88 40 2089 2 23 6 3 0 37 6 6 1 5.0
10 91 89 40 69 101 40 3235 1 20 14 6 0 5.0
11 71 72 40 89 34 40 768 1 13 9 5 1 5.0
12 71 39 40 120 55 40 11046 2 46 25 2 1 11 7 3 1 4.0
13 113 80 40 42 43 40 20719 2 14 10 6 0 20 11 18 0 4.0
14 60 77 40 54 112 40 45000 2 10 6 6 0 60 23 6 0 4.0
15 47 79 40 51 62 40 2076 3 9 7 5 0 18 16 16 0 17 17 6 0 6.0
16 100 80 40 97 53 40 6366 2 15 15 6 0 38 25 11 1 6.0
17 47 22 40 105 105 40 12036 3 9 6 2 0 11 11 10 0 15 15 15 0 4.0
18 63 60 40 117 100 40 373 1 16 14 5 0 6.0
19 104 74 40 95 24 40 4238 2 18 6 7 0 9 7 8 0 4.0
20 40 75 40 62 29 40 1342 2 11 9 8 0 11 11 6 1 6.0
21 99 34 40 104 27 40 5634 2 36 22 30 0 14 9 4 0 6.0
22 27 99 40 49 102 40 7775 2 12 10 5 0 9 9 9 0 4.0
23 116 83 40 104 89 40 1601 1 38 25 6 0 6.0
24 48 70 40 108 57 40 3045 2 10 10 10 0 30 15 25 1 6.0
25 114 101 40 115 37 40 17723 2 11 9 6 0 10 9 6 1 4.0
26 77 61 40 76 61 40 1878 3 9 6 4 0 17 12 10 0 10 9 5 1 6.0
27 70 73 40 101 114 40 13072 3 14 11 14 0 11 11 11 0 25 15 17 0 5.0
28 37 32 40 86 42 40 8613 2 11 7 7 0 30 17 14 0 5.0
29 45 115 40 87 41 40 11143 2 19 16 21 0 11 9 9 1 5.0
30 106 65 40 104 20 40 13543 1 26 25 16 0 5.0
31 48 74 40 34 39 40 29099 3 32 15 15 0 16 9 3 0 27 13 4 0 4.0
32 39 100 40 92 36 40 177 1 11 9 6 0 6.0
33 98 80 40 96 76 40 10586 3 23 7 7 0 18 9 18 0 39 6 6 1 5.0
34 98 101 40 110 21 40 551 1 9 7 4 0 5.0
35 101 53 40 51 52 40 17283 3 9 6 3 0 46 17 5 0 25 22 27 0 6.0
36 46 40 40 98 78 40 181 1 9 7 6 0 6.0
37 106 103 40 92 43 40 370 1 9 6 1 0 4.0
38 43 77 40 76 50 40 1299 3 9 7 9 0 25 17 3 0 10 8 5 1 6.0
39 91 67 40 93 56 40 1989 1 9 9 9 0 4.0
40 63 51 40 71 108 40 3597 2 35 13 6 0 20 17 11 1 6.0
41 100 79 40 112 76 40 5259 3 17 10 7 0 13 9 4 0 17 9 4 1 4.0
42 98 47 40 54 80 40 1461 2 9 9 9 0 17 9 6 1 6.0
43 43 57 40 80 103 40 9916 3 19 13 7 0 21 13 15 0 11 9 6 1 5.0
44 38 70 40 40 101 40 6863 2 11 9 1 0 22 17 9 0 5.0
45 106 57 40 95 103 40 7412 3 19 11 7 0 30 19 19 0 20 20 5 0 6.0
46 39 60 40 97 62 40 9210 2 9 6 4 0 9 9 9 0 4.0
47 52 36 40 119 38 40 11722 2 9 9 11 0 29 19 17 0 5.0
48 108 30 40 51 81 40 964 2 11 9 7 0 10 7 6 1 6.0
49 116 110 40 45 35 40 17293 2 12 12 14 0 23 17 14 1 4.0
50 72 92 40 102 22 40 1466 1 19 19 26 0 6.0
51 95 111 40 92 108 40 835 1 11 9 6 0 5.0
52 120 26 40 67 54 40 45000 2 11 9 1 0 30 21 30 0 4.0
53 113 72 40 115 51 40 1715 2 11 9 3 0 10 10 3 1 4.0
54 20 96 40 28 98 40 15216 3 26 14 7 0 11 7 7 0 37 25 13 1 5.0
55 108 97 40 81 70 40 2034 2 13 10 7 0 9 6 3 0 5.0
56 66 20 40 57 119 40 1246 1 36 9 3 0 5.0
57 57 94 40 24 108 40 20786 2 30 20 10 0 17 12 3 1 4.0
58 80 40 40 26 74 40 45000 1 57 25 11 0 4.0
59 62 75 40 66 79 40 1303 2 11 9 7 0 10 9 7 0 6.0
60 103 63 40 37 95 40 985 1 12 10 15 1 6.0
61 23 59 40 102 46 40 2352 3 14 10 2 0 10 7 7 0 9 6 6 1 5.0
62 47 64 40 38 80 40 15812 2 10 9 6 0 17 9 30 1 4.0
63 113 27 40 55 69 40 594 2 9 6 3 1 11 6 5 1 5.0
64 71 60 40 91 34 40 45000 3 17 17 6 0 14 9 9 0 14 9 14 0 4.0
65 108 113 40 70 30 40 460 2 11 11 3 0 11 7 5 0 6.0
66 114 117 40 117 68 40 946 1 37 20 3 1 6.0
67 38 26 40 94 111 40 19384 2 31 25 11 0 14 14 11 1 5.0
68 106 34 40 41 47 40 2181 2 18 18 10 0 12 8 4 0 6.0
69 76 60 40 44 71 40 3455 2 31 6 5 0 23 18 15 0 6.0
70 41 20 40 106 54 40 45000 3 17 11 2 0 33 25 23 1 15 9 6 1 4.0
71 52 104 40 109 66 40 277 1 11 11 6 0 6.0
72 57 55 40 116 108 40 24841 3 19 16 14 0 39 6 6 0 29 23 11 1 5.0
73 94 76 40 78 87 40 45000 1 37 14 25 1 4.0
74 90 109 40 47 48 40 30473 3 9 9 6 0 60 25 11 1 12 11 5 1 5.0
75 115 60 40 27 120 40 1666 1 17 9 4 0 4.0
76 78 55 40 44 81 40 43646 3 26 22 11 0 12 8 5 0 29 17 23 0 4.0
77 89 79 40 117 55 40 997 1 29 6 7 0 6.0
78 40 98 40 49 43 40 12119 3 20 11 17 0 17 14 29 0 11 10 8 1 5.0
79 108 69 40 28 106 40 15966 3 15 13 5 0 10 9 12 0 26 21 7 0 4.0
80 46 107 40 67 27 40 5377 1 23 11 29 0 6.0
81 94 21 40 112 91 40 155 1 10 8 2 1 6.0
82 63 25 40 70 92 40 1084 1 8 7 9 0 5.0
83 114 115 40 72 111 40 6861 2 13 9 15 0 9 6 6 1 4.0
84 42 99 40 62 22 40 3023 2 9 9 11 0 12 12 12 0 5.0
85 27 43 40 31 21 40 2571 1 14 11 8 0 5.0
86 80 28 40 78 39 40 5790 1 23 17 11 1 5.0
87 55 22 40 60 75 40 3581 3 19 9 9 0 17 11 17 0 9 6 3 0 6.0
88 59 65 40 89 60 40 3149 1 18 10 7 0 4.0
89 56 36 40 32 91 40 25731 3 19 9 19 0 20 11 21 0 9 9 3 1 4.0
90 73 85 40 23 56 40 2051 2 17 11 11 0 9 9 6 0 6.0
91 43 28 40 81 65 40 9527 1 9 9 20 0 4.0
92 75 115 40 55 76 40 4994 2 26 25 11 0 17 11 9 0 6.0
93 89 83 40 35 53 40 468 2 9 6 3 0 11 9 3 0 5.0
94 94 95 40 77 113 40 30239 3 11 9 9 0 20 14 6 0 45 7 30 1 4.0
95 82 35 40 77 53 40 356 2 11 6 2 0 13 9 1 0 5.0
96 49 114 40 91 42 40 2919 2 15 14 13 1 17 17 17 1 6.0
97 55 99 40 51 104 40 2861 2 11 11 9 0 9 6 2 0 4.0
98 109 28 40 85 59 40 16406 3 9 9 7 0 30 22 17 0 17 11 3 1 5.0
99 83 115 40 98 57 40 326 1 9 6 3 0 5.0
100 97 71 40 53 88 40 45000 3 23 9 2 0 20 20 14 0 23 18 6 0 4.0
101 118 46 40 120 92 40 32299 2 18 18 21 0 10 10 3 0 4.0
102 49 106 40 102 49 40 793 2 12 12 12 0 11 7 3 1 6.0
103 34 89 40 79 92 40 25017 3 24 14 11 0 11 11 11 0 10 10 10 1 4.0
104 65 74 40 34 97 40 13409 3 39 25 2 0 20 17 11 0 36 25 7 1 5.0
105 67 57 40 98 76 40 2787 2 9 6 5 0 10 9 6 0 4.0
106 100 55 40 25 69 40 2508 2 13 13 10 0 11 6 2 0 5.0
