10    106   45000 60    25    30   
0     70    70    0     70    70    1351  0     
1 37 110 40 33 110 40 10142 3 16 12 10 0 12 9 6 1 22 12 6 1 4.0
2 35 80 40 74 114 40 2176 2 12 7 3 0 12 9 9 1 5.0
3 34 33 40 79 114 40 1159 1 11 11 22 1 6.0
4 24 65 40 74 102 40 2635 2 10 8 7 0 14 7 2 0 4.0
5 74 117 40 108 100 40 3282 3 21 15 14 0 12 12 12 0 42 8 5 1 6.0
6 35 40 40 40 114 40 843 1 12 12 9 0 6.0
7 68 28 40 30 101 40 15837 3 20 16 17 0 26 9 15 0 15 14 14 1 5.0
8 107 39 40 67 23 40 773 2 11 9 7 0 14 7 1 1 5.0
9 70 32 40 117 103 40 10112 2 22 15 9 0 15 12 15 1 5.0
10 23 110 40 102 30 40 45000 1 23 17 30 0 4.0
11 106 110 40 112 30 40 623 1 12 11 2 1 4.0
12 35 75 40 70 110 40 3050 2 21 13 21 1 25 23 6 1 6.0
13 76 108 40 62 39 40 21137 2 15 12 3 0 24 20 6 0 4.0
14 36 70 40 105 116 40 5011 2 10 7 2 0 26 17 10 0 5.0
15 112 65 40 74 27 40 9073 3 25 18 25 0 18 12 6 0 12 12 12 0 6.0
16 72 118 40 108 75 40 11826 2 11 7 11 0 15 15 6 1 4.0
17 104 114 40 104 32 40 956 3 14 10 9 0 12 9 10 0 24 20 4 0 6.0
18 68 105 40 109 76 40 1324 1 12 9 6 0 4.0
19 34 80 40 29 67 40 37861 2 26 22 7 0 12 10 7 0 4.0
20 25 108 40 36 66 40 8883 2 60 9 9 0 19 10 8 1 5.0
21 31 103 40 73 118 40 12484 2 10 10 10 0 39 22 22 0 6.0
22 41 28 40 104 34 40 6003 2 15 10 22 0 10 7 1 0 5.0
23 112 24 40 30 111 40 1402 1 11 8 7 0 4.0
24 39 23 40 108 29 40 3773 2 17 15 4 0 40 25 4 1 6.0
25 34 37 40 75 41 40 6140 2 17 12 4 0 18 12 12 1 5.0
26 38 32 40 25 61 40 16938 3 10 7 1 0 26 25 26 0 28 22 6 1 6.0
27 62 42 40 65 118 40 5856 3 12 10 12 0 60 14 6 0 18 12 6 0 6.0
28 40 76 40 30 115 40 11455 2 26 9 15 0 13 9 9 0 4.0
29 30 64 40 108 117 40 3397 2 17 14 10 0 55 9 5 1 6.0
30 112 114 40 70 113 40 39 1 12 9 1 0 6.0
31 71 31 40 66 26 40 45000 3 17 15 12 0 25 17 1 0 37 9 9 0 4.0
32 112 29 40 72 30 40 3830 1 25 25 25 0 6.0
33 34 23 40 27 68 40 1702 3 21 9 2 0 11 10 17 0 15 14 4 1 6.0
34 38 34 40 110 70 40 3871 1 12 10 7 0 4.0
35 108 33 40 66 116 40 10115 3 10 10 10 0 40 22 22 0 14 14 15 0 6.0
36 38 40 40 101 69 40 2901 1 34 20 7 0 6.0
37 41 70 40 34 100 40 1797 1 10 8 10 0 4.0
38 102 71 40 32 40 40 2734 3 10 7 4 0 10 7 2 0 20 20 7 1 6.0
39 70 108 40 103 107 40 142 1 12 10 1 0 5.0
40 74 99 40 116 72 40 35651 2 17 16 13 0 55 25 9 1 4.0
41 33 102 40 117 40 40 6310 3 22 12 7 0 16 16 1 0 23 23 6 1 5.0
42 101 102 40 105 62 40 496 2 10 7 2 0 11 8 5 1 6.0
43 118 111 40 68 100 40 27471 3 15 12 3 0 22 10 3 0 14 12 12 1 4.0
44 117 108 40 35 118 40 2873 2 18 18 3 0 10 7 2 0 4.0
45 67 28 40 108 108 40 3825 3 10 9 10 0 17 10 8 0 18 12 6 0 5.0
46 24 39 40 101 111 40 8475 2 17 17 6 0 21 21 5 0 4.0
47 72 108 40 30 79 40 3426 2 10 7 10 0 20 14 7 0 5.0
48 35 34 40 80 116 40 3188 2 21 20 4 0 10 7 5 1 5.0
49 69 118 40 40 69 40 12461 2 14 11 10 0 12 11 6 1 4.0
50 41 111 40 34 110 40 6828 1 23 15 17 0 5.0
51 99 31 40 63 27 40 448 1 10 7 7 0 6.0
52 116 39 40 107 64 40 5777 2 29 22 7 0 44 25 2 0 6.0
53 31 61 40 36 78 40 11285 2 39 11 8 0 15 10 14 1 4.0
54 115 40 40 36 72 40 2709 3 10 8 7 0 18 13 7 0 15 12 14 1 6.0
55 78 117 40 117 110 40 44878 2 11 7 6 0 25 25 23 0 4.0
56 34 68 40 117 105 40 3613 1 17 11 6 0 4.0
57 111 32 40 105 64 40 543 2 12 7 17 0 10 7 7 1 6.0
58 40 32 40 39 30 40 14523 1 60 18 9 0 5.0
59 112 34 40 105 34 40 33634 2 25 25 30 0 18 18 9 0 5.0
60 25 76 40 116 79 40 106 1 10 7 1 1 5.0
61 74 30 40 36 79 40 45000 3 25 12 18 0 20 12 10 0 21 16 8 1 4.0
62 107 109 40 107 106 40 9753 2 12 12 18 0 22 18 12 1 5.0
63 68 118 40 76 103 40 1106 2 10 10 3 1 12 8 5 1 5.0
64 64 26 40 101 63 40 45000 3 13 10 10 0 31 25 18 0 16 13 10 0 4.0
65 61 111 40 33 32 40 793 2 14 10 4 0 10 9 8 0 6.0
66 39 115 40 79 118 40 348 1 15 10 1 1 4.0
67 65 42 40 72 31 40 3795 2 18 13 9 0 23 19 2 1 5.0
68 114 24 40 104 41 40 706 2 10 7 10 0 25 25 2 0 6.0
69 66 40 40 41 25 40 4720 2 12 10 2 0 16 10 18 0 5.0
70 104 112 40 24 27 40 45000 3 12 10 9 0 22 20 20 1 22 19 19 1 4.0
71 100 80 40 112 40 40 1565 1 20 16 17 0 6.0
72 113 80 40 99 75 40 5957 3 37 7 10 0 33 11 30 0 12 10 17 1 6.0
73 35 30 40 33 108 40 2932 1 13 8 7 1 4.0
74 100 78 40 25 66 40 2553 3 22 15 4 0 37 14 8 1 10 7 1 1 6.0
75 80 28 40 28 100 40 9369 1 25 13 13 0 4.0
76 71 29 40 99 116 40 22135 3 12 12 12 0 15 10 6 0 22 12 12 0 4.0
77 111 102 40 102 36 40 8779 1 20 17 13 0 5.0
78 115 38 40 108 77 40 42125 3 15 15 9 0 18 12 12 0 15 13 19 1 4.0
79 106 42 40 34 79 40 20047 3 12 9 8 0 14 14 6 0 37 12 10 0 4.0
80 38 103 40 32 39 40 24478 1 56 20 12 0 5.0
81 32 42 40 62 27 40 7911 1 22 22 12 1 5.0
82 29 74 40 80 115 40 636 1 13 9 4 0 5.0
83 108 70 40 39 64 40 3364 2 17 11 6 0 14 7 3 1 4.0
84 25 32 40 113 37 40 3731 2 14 12 2 0 14 11 10 0 5.0
85 114 78 40 113 79 40 3969 1 12 8 8 0 4.0
86 71 26 40 36 114 40 463 1 10 7 7 1 5.0
87 30 24 40 29 104 40 1618 3 12 9 8 0 30 20 6 0 18 12 6 0 6.0
88 117 70 40 99 71 40 1838 1 12 12 9 0 5.0
89 103 115 40 34 42 40 20606 3 25 22 26 0 15 10 3 0 17 7 15 1 5.0
90 40 62 40 109 67 40 4890 2 44 25 10 0 10 8 7 0 6.0
91 105 104 40 110 73 40 853 1 11 7 4 0 4.0
92 38 113 40 102 25 40 2755 2 10 10 6 0 12 9 6 0 4.0
93 108 35 40 73 40 40 3638 2 18 12 8 0 35 9 9 0 6.0
94 104 115 40 107 78 40 8140 3 25 21 7 0 11 10 9 0 16 10 6 1 5.0
95 118 72 40 102 112 40 271 2 12 7 2 0 14 14 2 0 6.0
96 64 111 40 99 32 40 12229 2 28 22 9 1 25 22 9 1 5.0
97 35 33 40 79 32 40 16841 2 16 12 4 0 37 25 4 0 4.0
98 80 35 40 34 39 40 1952 3 12 12 12 0 19 13 10 0 11 8 4 1 6.0
99 104 106 40 116 74 40 521 1 12 12 12 0 6.0
100 37 76 40 36 100 40 20174 3 23 23 6 0 10 7 1 0 16 16 7 0 4.0
101 101 106 40 28 42 40 17441 2 31 25 22 0 22 9 22 0 6.0
102 32 118 40 101 31 40 18204 2 31 20 18 0 24 10 7 1 5.0
103 39 102 40 31 107 40 6550 3 25 18 2 0 33 7 5 0 18 10 18 1 5.0
104 27 102 40 72 104 40 2764 3 18 7 3 0 10 7 6 0 14 14 30 1 6.0
105 73 31 40 73 39 40 20369 2 12 12 12 0 31 15 30 0 5.0
106 113 118 40 64 109 40 4902 2 30 15 9 0 10 7 6 0 5.0
