10    106   45000 60    25    30   
0     70    70    0     70    70    1351  0     
1 72 39 40 36 37 40 8475 3 19 9 15 0 9 7 14 1 9 6 3 1 4.0
2 105 71 40 104 110 40 3271 2 19 19 22 0 15 6 2 1 6.0
3 109 74 40 113 32 40 395 1 11 11 8 1 6.0
4 99 78 40 110 103 40 45000 2 22 11 11 0 17 17 17 0 4.0
5 110 66 40 30 104 40 1448 3 25 19 10 0 9 7 2 0 28 17 3 1 6.0
6 77 42 40 105 36 40 90 1 9 7 2 0 6.0
7 75 100 40 27 107 40 45000 3 33 25 30 0 11 11 11 0 11 11 9 1 5.0
8 76 40 40 110 105 40 2947 2 20 13 4 0 12 8 2 1 4.0
9 34 62 40 115 114 40 3407 2 11 11 8 0 11 11 9 1 5.0
10 76 28 40 100 99 40 4071 1 15 11 7 0 4.0
11 30 79 40 42 31 40 1290 1 15 15 4 1 5.0
12 106 75 40 111 34 40 5244 2 14 8 4 1 25 19 8 1 5.0
13 26 76 40 104 40 40 25134 2 20 18 10 0 17 17 17 0 4.0
14 39 70 40 34 115 40 1103 2 14 10 7 0 9 8 6 0 6.0
15 75 103 40 115 110 40 5381 3 9 7 2 0 10 9 6 0 27 20 8 0 5.0
16 109 65 40 33 40 40 4147 2 11 8 6 0 18 7 11 1 4.0
17 111 65 40 98 100 40 8621 3 17 15 10 0 28 25 3 0 17 9 6 0 5.0
18 67 32 40 28 34 40 358 1 11 9 6 0 6.0
19 79 42 40 98 34 40 17324 2 9 6 5 0 17 17 17 0 4.0
20 67 113 40 35 34 40 2593 2 26 19 2 0 13 8 3 1 4.0
21 111 70 40 112 43 40 5067 2 33 17 3 0 24 11 8 0 5.0
22 108 78 40 26 111 40 45000 2 28 19 11 0 46 25 30 0 5.0
23 68 39 40 103 38 40 3671 1 11 11 11 0 4.0
24 101 76 40 43 26 40 7188 2 13 10 11 0 17 12 12 1 5.0
25 103 73 40 29 106 40 39943 2 38 6 6 0 19 11 30 1 4.0
26 102 78 40 101 108 40 907 3 9 6 5 0 11 6 3 0 39 14 8 1 6.0
27 62 39 40 113 99 40 8371 3 20 16 8 0 29 15 24 0 12 8 3 0 6.0
28 70 38 40 37 98 40 45000 2 11 7 3 0 30 17 30 0 4.0
29 75 115 40 100 29 40 6614 2 58 22 6 0 33 25 6 1 6.0
30 63 34 40 110 34 40 511 1 9 7 17 0 6.0
31 63 110 40 38 29 40 28522 3 31 18 6 0 27 11 11 0 23 12 4 0 4.0
32 38 66 40 34 27 40 2038 1 12 12 12 0 5.0
33 64 40 40 37 103 40 9573 3 28 18 4 0 28 7 8 0 11 11 11 1 5.0
34 70 98 40 104 104 40 3965 1 17 8 8 0 4.0
35 42 69 40 105 39 40 4928 3 26 14 10 0 22 11 14 0 14 14 3 0 6.0
36 103 63 40 100 110 40 712 1 24 7 8 0 6.0
37 108 73 40 33 104 40 1871 1 25 18 6 0 6.0
38 66 115 40 115 105 40 2637 3 10 6 4 0 17 12 12 0 11 11 7 1 6.0
39 36 64 40 104 43 40 8281 1 25 12 22 0 5.0
40 41 69 40 106 114 40 3493 2 19 6 7 0 17 17 6 1 5.0
41 69 27 40 43 104 40 12839 3 17 17 11 0 14 9 1 0 15 15 30 1 5.0
42 111 79 40 32 107 40 3011 2 22 17 28 0 28 7 7 1 6.0
43 104 79 40 33 102 40 29494 3 11 9 2 0 23 15 12 0 14 9 9 1 4.0
44 104 75 40 108 41 40 4521 2 20 19 13 0 9 7 7 0 6.0
45 30 67 40 99 109 40 9222 3 21 18 6 0 17 6 10 0 11 8 3 0 4.0
46 69 37 40 41 43 40 37798 2 11 11 8 0 22 17 28 0 4.0
47 35 74 40 99 115 40 1659 2 10 10 7 0 14 13 8 0 6.0
48 70 114 40 34 30 40 1922 2 24 24 9 0 9 6 1 1 6.0
49 33 63 40 35 27 40 4226 2 13 11 8 0 15 15 3 1 4.0
50 41 73 40 37 100 40 1215 1 13 9 8 0 5.0
51 106 63 40 105 40 40 119 1 9 7 2 0 6.0
52 71 35 40 29 110 40 31193 2 23 23 11 0 18 17 18 0 4.0
53 69 101 40 114 42 40 12296 2 25 19 8 0 15 13 12 1 4.0
54 31 76 40 34 107 40 416 3 16 9 13 0 10 9 5 0 9 9 7 1 6.0
55 33 75 40 28 40 40 8448 2 18 12 20 0 9 6 1 0 5.0
56 112 69 40 37 35 40 5410 1 47 25 6 0 6.0
57 79 102 40 115 103 40 449 2 13 8 4 0 14 6 6 1 6.0
58 41 70 40 114 32 40 7742 1 22 15 11 0 4.0
59 76 41 40 30 107 40 1863 2 17 9 9 0 19 14 6 0 6.0
60 77 105 40 98 98 40 5014 1 17 15 9 1 4.0
61 75 36 40 30 37 40 27775 3 28 20 6 0 17 11 30 0 14 14 6 1 4.0
62 63 99 40 32 32 40 3492 2 11 11 11 0 14 14 14 1 6.0
63 104 69 40 107 98 40 2363 2 11 11 8 1 14 11 4 1 5.0
64 78 100 40 106 36 40 16893 3 17 17 17 0 9 9 6 0 12 9 9 0 4.0
65 70 28 40 35 26 40 8029 2 25 19 8 0 11 8 6 0 5.0
66 34 72 40 113 41 40 642 1 10 9 7 1 5.0
67 113 76 40 40 101 40 10694 2 9 9 9 0 23 19 4 1 4.0
68 74 101 40 26 112 40 9218 2 19 19 9 0 19 14 8 0 5.0
69 33 70 40 101 106 40 450 2 13 8 2 0 11 9 3 0 6.0
70 29 70 40 36 34 40 24211 3 38 7 4 0 32 9 9 1 14 12 4 1 4.0
71 75 33 40 110 42 40 3553 1 18 13 14 0 5.0
72 69 106 40 114 33 40 1589 3 11 9 8 0 22 16 17 0 9 6 5 1 6.0
73 35 66 40 34 31 40 10722 1 17 17 20 1 5.0
74 109 70 40 36 111 40 16273 3 11 11 15 0 18 9 30 1 20 20 30 1 6.0
75 67 107 40 34 100 40 4004 1 15 10 6 0 4.0
76 38 65 40 28 31 40 9500 3 10 8 7 0 9 9 3 0 22 19 6 0 4.0
77 111 75 40 98 107 40 5980 1 27 14 20 0 6.0
78 63 28 40 34 111 40 207 3 9 6 1 0 9 8 4 0 11 9 1 1 6.0
79 68 105 40 101 37 40 45000 3 19 6 6 0 8 8 9 0 23 23 17 0 4.0
80 72 104 40 40 114 40 4433 1 26 23 12 0 6.0
81 74 39 40 108 112 40 1089 1 11 9 14 1 6.0
82 101 79 40 32 36 40 2840 1 19 13 8 0 5.0
83 39 71 40 28 35 40 427 2 10 7 11 0 11 9 1 1 6.0
84 79 103 40 115 34 40 5144 2 13 13 13 0 33 11 4 0 5.0
85 67 111 40 27 103 40 4614 1 13 9 7 0 4.0
86 35 76 40 108 102 40 3465 1 12 11 14 1 5.0
87 106 66 40 102 106 40 9219 3 22 17 22 0 24 22 7 0 17 8 8 0 6.0
88 99 72 40 104 102 40 11247 1 23 23 7 0 4.0
89 31 77 40 38 34 40 38096 3 33 20 30 0 9 6 9 0 27 10 19 1 5.0
90 32 73 40 99 106 40 17898 2 23 22 11 0 17 15 3 0 4.0
91 26 73 40 109 34 40 2333 1 11 8 7 0 4.0
92 72 33 40 41 103 40 3929 2 10 7 6 0 22 20 6 0 5.0
93 74 104 40 105 34 40 15113 2 22 15 20 0 22 22 7 0 5.0
94 78 29 40 100 112 40 44779 3 33 8 8 0 20 16 3 0 29 21 15 1 4.0
95 102 65 40 31 102 40 20260 2 17 11 13 0 28 20 19 0 5.0
96 70 108 40 42 114 40 13604 2 11 11 17 1 24 19 15 1 5.0
97 73 26 40 113 109 40 10688 2 9 6 1 0 17 12 18 0 4.0
98 62 27 40 26 100 40 3006 3 9 9 15 0 10 7 2 0 14 9 10 1 5.0
99 76 33 40 98 31 40 2856 1 33 8 8 0 5.0
100 77 106 40 38 36 40 34464 3 33 25 22 0 9 7 4 0 20 14 3 0 5.0
101 64 101 40 37 38 40 650 2 14 7 4 0 14 12 4 0 6.0
102 73 27 40 107 31 40 45000 2 19 19 14 0 20 14 8 1 4.0
103 64 100 40 28 36 40 6510 3 15 9 3 0 9 8 2 0 25 19 8 1 5.0
104 62 112 40 30 27 40 8472 3 16 15 4 0 17 6 17 0 9 8 7 1 4.0
105 72 111 40 42 111 40 12052 2 30 14 7 0 23 22 27 0 6.0
106 41 76 40 110 43 40 2479 2 14 9 9 0 22 16 4 0 5.0
