10    106   45000 60    25    30   
0     70    70    0     70    70    1351  0     
1 37 110 40 33 110 40 32407 4 24 17 5 0 10 6 8 1 27 23 9 1 20 7 27 1 4.0
2 35 80 40 74 114 40 470 1 10 8 3 1 5.0
3 34 33 40 79 114 40 3070 3 22 17 13 0 8 6 5 0 8 5 3 1 6.0
4 24 65 40 74 102 40 1692 1 20 18 4 1 5.0
5 74 117 40 108 100 40 1914 5 8 6 4 0 26 21 11 0 7 6 10 0 10 7 7 1 30 16 4 1 6.0
6 35 40 40 40 114 40 21384 4 35 15 10 0 22 17 7 0 22 20 5 0 20 5 2 0 5.0
7 68 28 40 30 101 40 23437 5 32 5 5 0 17 12 5 0 11 8 4 0 40 25 2 1 10 6 3 1 4.0
8 107 39 40 67 23 40 516 1 12 9 5 1 6.0
9 70 32 40 117 103 40 2986 2 17 9 15 0 8 5 5 0 5.0
10 23 110 40 102 30 40 10383 2 52 20 5 0 8 6 4 0 5.0
11 106 110 40 112 30 40 15979 4 15 14 14 0 15 15 5 0 13 13 5 0 33 22 10 1 5.0
12 35 75 40 70 110 40 349 1 8 5 2 1 4.0
13 76 108 40 62 39 40 3885 1 10 10 9 0 4.0
14 36 70 40 105 116 40 24264 4 13 13 13 0 14 12 4 0 15 5 6 0 8 6 7 1 4.0
15 112 65 40 74 27 40 5823 3 9 8 7 0 10 10 5 0 31 19 30 1 6.0
16 72 118 40 108 75 40 155 1 12 8 3 0 6.0
17 104 114 40 104 32 40 32674 5 10 8 4 0 8 8 8 0 33 24 5 0 8 8 8 1 26 13 22 1 4.0
18 68 105 40 109 76 40 238 2 10 8 5 0 9 7 5 0 6.0
19 34 80 40 29 67 40 10145 4 8 5 3 0 15 10 8 0 8 8 4 0 12 10 12 0 4.0
20 25 108 40 36 66 40 12391 5 10 10 10 0 22 13 14 0 10 6 6 0 26 14 12 0 17 14 18 0 6.0
21 31 103 40 73 118 40 1687 2 10 7 7 0 22 22 14 1 6.0
22 41 28 40 104 34 40 40835 5 28 13 13 0 14 8 3 0 24 11 3 0 10 8 5 0 20 6 6 1 4.0
23 112 24 40 30 111 40 814 2 16 8 16 0 34 5 5 0 6.0
24 39 23 40 108 29 40 3052 4 8 6 3 0 8 5 3 0 40 15 4 1 22 19 23 1 6.0
25 34 37 40 75 41 40 4376 2 8 6 5 0 8 5 1 0 4.0
26 38 32 40 25 61 40 2373 5 8 6 8 0 21 15 2 0 9 7 4 0 8 7 8 1 31 11 5 1 6.0
27 62 42 40 65 118 40 4684 3 17 15 10 0 15 8 6 0 11 8 3 1 5.0
28 40 76 40 30 115 40 1624 3 14 8 3 0 8 8 8 0 15 8 5 0 5.0
29 30 64 40 108 117 40 9071 5 16 11 6 0 18 11 13 0 10 7 5 0 10 8 1 1 19 14 7 1 5.0
30 112 114 40 70 113 40 1250 1 16 10 6 0 5.0
31 71 31 40 66 26 40 26806 4 26 16 16 0 17 17 4 1 8 5 3 1 8 7 7 1 4.0
32 112 29 40 72 30 40 191 1 8 8 10 0 6.0
33 34 23 40 27 68 40 22331 5 25 16 15 0 10 7 6 0 9 6 5 0 10 10 12 1 20 15 12 1 5.0
34 38 34 40 110 70 40 14676 2 17 17 22 0 10 7 5 0 5.0
35 108 33 40 66 116 40 12897 5 10 8 1 0 26 18 26 0 10 8 2 1 8 8 2 1 22 12 6 1 6.0
36 38 40 40 101 69 40 4375 2 10 6 6 0 32 25 11 0 6.0
37 41 70 40 34 100 40 4895 2 11 9 6 0 8 5 3 0 4.0
38 102 71 40 32 40 40 2719 3 31 7 2 0 26 17 9 1 14 10 2 1 6.0
39 70 108 40 103 107 40 32078 3 50 22 10 0 10 7 6 0 8 7 6 1 4.0
40 74 99 40 116 72 40 650 1 10 9 13 0 6.0
41 33 102 40 117 40 40 1631 3 12 9 2 0 8 6 6 1 8 5 5 1 4.0
42 101 102 40 105 62 40 4758 5 9 8 5 0 15 8 30 0 8 5 2 0 10 5 4 0 15 15 5 0 6.0
43 118 111 40 68 100 40 4789 5 12 7 7 0 12 7 12 0 10 10 2 0 9 6 4 0 32 17 2 1 5.0
44 117 108 40 35 118 40 20278 3 27 25 10 0 12 12 10 1 16 16 8 1 5.0
45 67 28 40 108 108 40 10087 5 10 7 3 0 27 5 4 0 20 15 13 0 15 10 2 0 29 25 20 1 6.0
46 24 39 40 101 111 40 45000 5 13 8 5 0 10 10 5 0 16 14 12 0 34 5 5 0 25 20 10 1 4.0
47 72 108 40 30 79 40 25717 5 32 12 22 0 8 8 5 0 52 25 10 0 10 10 4 0 14 8 3 1 5.0
48 35 34 40 80 116 40 3785 1 23 19 10 1 6.0
49 69 118 40 40 69 40 17962 2 10 7 4 0 25 15 20 1 4.0
50 41 111 40 34 110 40 515 2 25 5 6 0 17 10 15 1 6.0
51 99 31 40 63 27 40 6329 1 15 12 25 1 5.0
52 116 39 40 107 64 40 22043 5 10 8 7 0 13 11 4 0 9 8 10 0 22 18 6 1 20 10 25 1 4.0
53 31 61 40 36 78 40 1327 2 9 7 2 0 7 6 8 1 4.0
54 115 40 40 36 72 40 3005 4 11 8 13 0 8 5 5 0 8 8 10 0 10 10 10 0 5.0
55 78 117 40 117 110 40 9193 3 12 9 7 0 20 15 10 0 17 8 8 1 5.0
56 34 68 40 117 105 40 2884 1 15 10 15 0 5.0
57 111 32 40 105 64 40 17359 5 8 5 2 0 16 8 6 0 16 7 16 0 17 9 18 0 8 8 2 1 4.0
58 40 32 40 39 30 40 9082 2 15 10 10 0 8 8 5 0 4.0
59 112 34 40 105 34 40 6497 5 8 7 17 0 22 22 9 0 15 10 7 0 8 5 2 0 10 8 2 0 6.0
60 25 76 40 116 79 40 4155 3 10 7 7 0 17 12 5 0 39 6 26 0 6.0
61 74 30 40 36 79 40 3975 3 9 5 1 0 11 8 1 0 13 12 11 1 5.0
62 107 109 40 107 106 40 10403 1 15 15 15 0 4.0
63 68 118 40 76 103 40 845 1 10 10 7 0 5.0
64 64 26 40 101 63 40 45000 5 8 5 2 0 8 8 6 0 26 19 15 0 15 10 2 0 8 5 2 0 4.0
65 61 111 40 33 32 40 5828 5 20 7 1 0 17 17 12 0 20 16 5 0 15 15 18 0 9 8 3 0 6.0
66 39 115 40 79 118 40 426 1 10 10 10 0 6.0
67 65 42 40 72 31 40 6149 3 10 6 2 0 21 12 9 0 10 10 10 1 5.0
68 114 24 40 104 41 40 930 2 9 9 9 0 34 24 1 0 6.0
69 66 40 40 41 25 40 1234 1 17 15 10 1 6.0
70 104 112 40 24 27 40 21381 5 31 25 6 0 8 5 4 0 8 8 5 0 11 11 9 1 9 5 2 1 4.0
71 100 80 40 112 40 40 134 1 10 7 5 0 6.0
72 113 80 40 99 75 40 2473 4 10 8 1 0 13 12 4 0 22 5 5 0 8 5 1 0 5.0
73 35 30 40 33 108 40 21167 2 25 20 10 0 11 7 4 0 4.0
74 100 78 40 25 66 40 8871 4 14 7 3 0 35 10 2 0 9 6 4 1 21 17 11 1 5.0
75 80 28 40 28 100 40 32186 2 24 20 24 0 15 10 2 1 4.0
76 71 29 40 99 116 40 7466 3 17 7 22 0 8 5 8 0 8 5 4 0 4.0
77 111 102 40 102 36 40 5843 5 10 10 13 0 32 19 2 0 14 14 4 0 10 8 6 0 16 14 15 0 6.0
78 115 38 40 108 77 40 2645 3 10 10 10 0 15 15 5 0 13 10 3 0 5.0
79 106 42 40 34 79 40 11274 3 17 17 10 0 9 5 3 0 15 15 5 0 4.0
80 38 103 40 32 39 40 242 1 15 11 2 0 6.0
81 32 42 40 62 27 40 4822 4 10 5 4 0 30 16 4 0 8 5 3 0 23 17 7 1 6.0
82 29 74 40 80 115 40 194 1 9 5 2 0 5.0
83 108 70 40 39 64 40 11428 4 14 7 2 0 15 15 11 0 12 8 3 0 9 8 7 1 4.0
84 25 32 40 113 37 40 519 2 10 7 3 0 8 5 6 0 5.0
85 114 78 40 113 79 40 83 1 8 5 1 0 5.0
86 71 26 40 36 114 40 11336 3 20 13 30 0 8 8 8 0 9 6 2 1 5.0
87 30 24 40 29 104 40 8524 3 8 5 5 0 23 5 11 0 29 25 14 0 6.0
88 117 70 40 99 71 40 45000 1 52 12 30 1 4.0
89 103 115 40 34 42 40 41590 5 9 6 7 0 12 9 8 0 10 10 10 0 29 25 14 0 18 8 5 1 4.0
90 40 62 40 109 67 40 2063 2 13 11 6 0 10 10 17 0 6.0
91 105 104 40 110 73 40 10974 4 17 12 1 0 8 6 8 0 11 10 9 0 8 6 6 1 4.0
92 38 113 40 102 25 40 119 1 7 5 6 0 6.0
93 108 35 40 73 40 40 1060 1 16 13 5 0 5.0
94 104 115 40 107 78 40 31177 5 8 7 3 0 32 7 7 0 10 8 2 0 37 25 10 0 12 8 13 1 4.0
95 118 72 40 102 112 40 1474 2 11 8 4 0 8 5 17 0 5.0
96 64 111 40 99 32 40 2291 1 20 15 20 1 6.0
97 35 33 40 79 32 40 8721 2 10 8 6 0 16 9 22 0 4.0
98 80 35 40 34 39 40 11321 4 10 8 4 0 11 11 9 0 8 8 8 0 20 11 30 1 5.0
99 104 106 40 116 74 40 6387 5 20 14 2 0 13 9 15 0 8 6 4 0 9 6 5 1 10 8 5 1 5.0
100 37 76 40 36 100 40 45000 5 9 8 7 0 16 10 10 0 8 8 8 0 17 12 17 1 35 25 7 1 4.0
101 101 106 40 28 42 40 8911 2 8 4 5 0 12 10 15 1 4.0
102 32 118 40 101 31 40 6150 4 12 10 7 0 15 15 2 0 27 25 15 1 21 15 12 1 6.0
103 39 102 40 31 107 40 35141 5 15 10 15 0 8 5 1 0 9 6 2 0 8 8 2 0 22 18 15 1 4.0
104 27 102 40 72 104 40 28064 4 30 25 30 0 18 16 7 0 16 13 2 0 9 6 3 0 5.0
105 73 31 40 73 39 40 11026 5 12 10 5 0 16 7 7 0 17 17 5 0 9 5 3 0 8 6 5 0 4.0
106 113 118 40 64 109 40 2214 2 42 5 4 0 8 8 12 0 5.0
