10    106   45000 60    25    30   
0     70    70    0     70    70    1351  0     
1 72 39 40 36 37 40 34130 3 27 20 6 0 12 7 9 1 31 25 11 1 4.0
2 105 71 40 104 110 40 13022 2 23 9 30 0 11 10 4 1 5.0
3 109 74 40 113 32 40 4409 1 25 20 15 1 6.0
4 99 78 40 110 103 40 698 2 9 7 6 0 9 6 4 0 5.0
5 110 66 40 30 104 40 2570 3 23 21 5 0 10 7 5 0 30 24 13 1 6.0
6 77 42 40 105 36 40 1574 1 9 7 12 0 5.0
7 75 100 40 27 107 40 45000 3 12 9 8 0 34 19 5 0 40 17 11 1 4.0
8 76 40 40 110 105 40 7894 2 26 20 9 0 26 23 6 1 6.0
9 34 62 40 115 114 40 2089 2 23 6 3 0 37 6 6 1 5.0
10 76 28 40 100 99 40 3235 1 20 14 6 0 5.0
11 30 79 40 42 31 40 768 1 13 9 5 1 5.0
12 106 75 40 111 34 40 11046 2 46 25 2 1 11 7 3 1 4.0
13 26 76 40 104 40 40 20719 2 14 10 6 0 20 11 18 0 4.0
14 39 70 40 34 115 40 45000 2 10 6 6 0 60 23 6 0 4.0
15 75 103 40 115 110 40 2076 3 9 7 5 0 18 16 16 0 17 17 6 0 6.0
16 109 65 40 33 40 40 6366 2 15 15 6 0 38 25 11 1 6.0
17 111 65 40 98 100 40 12036 3 9 6 2 0 11 11 10 0 15 15 15 0 4.0
18 67 32 40 28 34 40 373 1 16 14 5 0 6.0
19 79 42 40 98 34 40 4238 2 18 6 7 0 9 7 8 0 4.0
20 67 113 40 35 34 40 1342 2 11 9 8 0 11 11 6 1 6.0
21 111 70 40 112 43 40 5634 2 36 22 30 0 14 9 4 0 6.0
22 108 78 40 26 111 40 7775 2 12 10 5 0 9 9 9 0 4.0
23 68 39 40 103 38 40 1601 1 38 25 6 0 6.0
24 101 76 40 43 26 40 3045 2 10 10 10 0 30 15 25 1 6.0
25 103 73 40 29 106 40 17723 2 11 9 6 0 10 9 6 1 4.0
26 102 78 40 101 108 40 1878 3 9 6 4 0 17 12 10 0 10 9 5 1 6.0
27 62 39 40 113 99 40 13072 3 14 11 14 0 11 11 11 0 25 15 17 0 5.0
28 70 38 40 37 98 40 8613 2 11 7 7 0 30 17 14 0 5.0
29 75 115 40 100 29 40 11143 2 19 16 21 0 11 9 9 1 5.0
30 63 34 40 110 34 40 13543 1 26 25 16 0 5.0
31 63 110 40 38 29 40 29099 3 32 15 15 0 16 9 3 0 27 13 4 0 4.0
32 38 66 40 34 27 40 177 1 11 9 6 0 6.0
33 64 40 40 37 103 40 10586 3 23 7 7 0 18 9 18 0 39 6 6 1 5.0
34 70 98 40 104 104 40 551 1 9 7 4 0 5.0
35 42 69 40 105 39 40 17283 3 9 6 3 0 46 17 5 0 25 22 27 0 6.0
36 103 63 40 100 110 40 181 1 9 7 6 0 6.0
37 108 73 40 33 104 40 370 1 9 6 1 0 4.0
38 66 115 40 115 105 40 1299 3 9 7 9 0 25 17 3 0 10 8 5 1 6.0
39 36 64 40 104 43 40 1989 1 9 9 9 0 4.0
40 41 69 40 106 114 40 3597 2 35 13 6 0 20 17 11 1 6.0
41 69 27 40 43 104 40 5259 3 17 10 7 0 13 9 4 0 17 9 4 1 4.0
42 111 79 40 32 107 40 1461 2 9 9 9 0 17 9 6 1 6.0
43 104 79 40 33 102 40 9916 3 19 13 7 0 21 13 15 0 11 9 6 1 5.0
44 104 75 40 108 41 40 6863 2 11 9 1 0 22 17 9 0 5.0
45 30 67 40 99 109 40 7412 3 19 11 7 0 30 19 19 0 20 20 5 0 6.0
46 69 37 40 41 43 40 9210 2 9 6 4 0 9 9 9 0 4.0
47 35 74 40 99 115 40 11722 2 9 9 11 0 29 19 17 0 5.0
48 70 114 40 34 30 40 964 2 11 9 7 0 10 7 6 1 6.0
49 33 63 40 35 27 40 17293 2 12 12 14 0 23 17 14 1 4.0
50 41 73 40 37 100 40 1466 1 19 19 26 0 6.0
51 106 63 40 105 40 40 835 1 11 9 6 0 5.0
52 71 35 40 29 110 40 45000 2 11 9 1 0 30 21 30 0 4.0
53 69 101 40 114 42 40 1715 2 11 9 3 0 10 10 3 1 4.0
54 31 76 40 34 107 40 15216 3 26 14 7 0 11 7 7 0 37 25 13 1 5.0
55 33 75 40 28 40 40 2034 2 13 10 7 0 9 6 3 0 5.0
56 112 69 40 37 35 40 1246 1 36 9 3 0 5.0
57 79 102 40 115 103 40 20786 2 30 20 10 0 17 12 3 1 4.0
58 41 70 40 114 32 40 45000 1 57 25 11 0 4.0
59 76 41 40 30 107 40 1303 2 11 9 7 0 10 9 7 0 6.0
60 77 105 40 98 98 40 985 1 12 10 15 1 6.0
61 75 36 40 30 37 40 2352 3 14 10 2 0 10 7 7 0 9 6 6 1 5.0
62 63 99 40 32 32 40 15812 2 10 9 6 0 17 9 30 1 4.0
63 104 69 40 107 98 40 594 2 9 6 3 1 11 6 5 1 5.0
64 78 100 40 106 36 40 45000 3 17 17 6 0 14 9 9 0 14 9 14 0 4.0
65 70 28 40 35 26 40 460 2 11 11 3 0 11 7 5 0 6.0
66 34 72 40 113 41 40 946 1 37 20 3 1 6.0
67 113 76 40 40 101 40 19384 2 31 25 11 0 14 14 11 1 5.0
68 74 101 40 26 112 40 2181 2 18 18 10 0 12 8 4 0 6.0
69 33 70 40 101 106 40 3455 2 31 6 5 0 23 18 15 0 6.0
70 29 70 40 36 34 40 45000 3 17 11 2 0 33 25 23 1 15 9 6 1 4.0
71 75 33 40 110 42 40 277 1 11 11 6 0 6.0
72 69 106 40 114 33 40 24841 3 19 16 14 0 39 6 6 0 29 23 11 1 5.0
73 35 66 40 34 31 40 45000 1 37 14 25 1 4.0
74 109 70 40 36 111 40 30473 3 9 9 6 0 60 25 11 1 12 11 5 1 5.0
75 67 107 40 34 100 40 1666 1 17 9 4 0 4.0
76 38 65 40 28 31 40 43646 3 26 22 11 0 12 8 5 0 29 17 23 0 4.0
77 111 75 40 98 107 40 997 1 29 6 7 0 6.0
78 63 28 40 34 111 40 12119 3 20 11 17 0 17 14 29 0 11 10 8 1 5.0
79 68 105 40 101 37 40 15966 3 15 13 5 0 10 9 12 0 26 21 7 0 4.0
80 72 104 40 40 114 40 5377 1 23 11 29 0 6.0
81 74 39 40 108 112 40 155 1 10 8 2 1 6.0
82 101 79 40 32 36 40 1084 1 8 7 9 0 5.0
83 39 71 40 28 35 40 6861 2 13 9 15 0 9 6 6 1 4.0
84 79 103 40 115 34 40 3023 2 9 9 11 0 12 12 12 0 5.0
85 67 111 40 27 103 40 2571 1 14 11 8 0 5.0
86 35 76 40 108 102 40 5790 1 23 17 11 1 5.0
87 106 66 40 102 106 40 3581 3 19 9 9 0 17 11 17 0 9 6 3 0 6.0
88 99 72 40 104 102 40 3149 1 18 10 7 0 4.0
89 31 77 40 38 34 40 25731 3 19 9 19 0 20 11 21 0 9 9 3 1 4.0
90 32 73 40 99 106 40 2051 2 17 11 11 0 9 9 6 0 6.0
91 26 73 40 109 34 40 9527 1 9 9 20 0 4.0
92 72 33 40 41 103 40 4994 2 26 25 11 0 17 11 9 0 6.0
93 74 104 40 105 34 40 468 2 9 6 3 0 11 9 3 0 5.0
94 78 29 40 100 112 40 30239 3 11 9 9 0 20 14 6 0 45 7 30 1 4.0
95 102 65 40 31 102 40 356 2 11 6 2 0 13 9 1 0 5.0
96 70 108 40 42 114 40 2919 2 15 14 13 1 17 17 17 1 6.0
97 73 26 40 113 109 40 2861 2 11 11 9 0 9 6 2 0 4.0
98 62 27 40 26 100 40 16406 3 9 9 7 0 30 22 17 0 17 11 3 1 5.0
99 76 33 40 98 31 40 326 1 9 6 3 0 5.0
100 77 106 40 38 36 40 45000 3 23 9 2 0 20 20 14 0 23 18 6 0 4.0
101 64 101 40 37 38 40 32299 2 18 18 21 0 10 10 3 0 4.0
102 73 27 40 107 31 40 793 2 12 12 12 0 11 7 3 1 6.0
103 64 100 40 28 36 40 25017 3 24 14 11 0 11 11 11 0 10 10 10 1 4.0
104 62 112 40 30 27 40 13409 3 39 25 2 0 20 17 11 0 36 25 7 1 5.0
105 72 111 40 42 111 40 2787 2 9 6 5 0 10 9 6 0 4.0
106 41 76 40 110 43 40 2508 2 13 13 10 0 11 6 2 0 5.0
