10    106   45000 60    25    30   
0     70    70    0     70    70    1351  0     
1 37 110 40 33 110 40 19266 4 17 8 13 0 8 6 12 1 8 5 2 1 17 17 20 1 4.0
2 35 80 40 74 114 40 26 1 13 5 1 1 6.0
3 34 33 40 79 114 40 2453 3 10 9 7 0 20 10 10 0 15 15 15 1 6.0
4 24 65 40 74 102 40 22060 1 23 17 9 1 4.0
5 74 117 40 108 100 40 5592 5 8 6 1 0 25 15 2 0 8 6 1 0 30 25 30 1 10 10 10 1 6.0
6 35 40 40 40 114 40 1585 4 10 10 8 0 18 12 3 0 11 7 1 0 10 10 7 0 6.0
7 68 28 40 30 101 40 8581 5 9 9 8 0 13 10 6 0 13 13 3 0 13 7 4 1 22 17 7 1 5.0
8 107 39 40 67 23 40 6201 1 18 16 9 1 4.0
9 70 32 40 117 103 40 6752 2 15 15 15 0 13 9 6 0 5.0
10 23 110 40 102 30 40 1156 2 8 7 5 0 8 6 1 0 4.0
11 106 110 40 112 30 40 6592 4 9 8 5 0 24 18 7 0 10 7 5 0 16 6 9 1 5.0
12 35 75 40 70 110 40 2167 1 15 13 9 1 5.0
13 76 108 40 62 39 40 3691 1 25 25 2 0 4.0
14 36 70 40 105 116 40 3543 4 15 8 5 0 10 8 5 0 8 5 4 0 15 15 15 1 6.0
15 112 65 40 74 27 40 2065 3 23 17 2 0 11 7 3 0 30 15 2 1 5.0
16 72 118 40 108 75 40 3185 1 21 10 7 0 4.0
17 104 114 40 104 32 40 45000 5 25 17 10 0 41 22 27 0 10 10 10 0 11 9 10 1 15 10 10 1 5.0
18 68 105 40 109 76 40 3590 2 34 5 5 0 17 10 30 0 6.0
19 34 80 40 29 67 40 16278 4 8 5 4 0 9 5 2 0 34 12 7 0 18 14 7 0 4.0
20 25 108 40 36 66 40 45000 5 26 13 22 0 11 7 3 0 10 6 3 0 27 15 30 0 52 20 5 0 4.0
21 31 103 40 73 118 40 5968 2 30 25 5 0 8 6 15 1 5.0
22 41 28 40 104 34 40 10423 5 28 16 5 0 24 9 9 0 20 11 3 0 10 10 10 0 25 16 3 1 5.0
23 112 24 40 30 111 40 5654 2 25 6 7 0 10 10 10 0 4.0
24 39 23 40 108 29 40 11333 4 15 7 7 0 23 13 9 0 20 10 12 1 12 12 2 1 5.0
25 34 37 40 75 41 40 14235 2 21 6 7 0 23 16 5 0 4.0
26 38 32 40 25 61 40 1416 5 9 5 3 0 15 10 10 0 10 10 6 0 23 11 19 1 17 5 6 1 6.0
27 62 42 40 65 118 40 2186 3 15 15 5 0 15 15 10 0 12 8 1 1 6.0
28 40 76 40 30 115 40 45000 3 14 14 30 0 20 15 25 0 25 6 6 0 4.0
29 30 64 40 108 117 40 4135 5 10 8 2 0 21 14 11 0 13 8 8 0 18 17 11 1 8 6 6 1 6.0
30 112 114 40 70 113 40 726 1 19 16 5 0 6.0
31 71 31 40 66 26 40 33492 4 15 5 9 0 9 7 3 1 10 10 7 1 20 15 25 1 4.0
32 112 29 40 72 30 40 573 1 9 9 6 0 5.0
33 34 23 40 27 68 40 11427 5 12 11 7 0 22 22 8 0 8 5 1 0 11 9 7 1 13 13 2 1 5.0
34 38 34 40 110 70 40 2595 2 11 8 7 0 8 6 2 0 4.0
35 108 33 40 66 116 40 8315 5 20 20 9 0 16 15 16 0 22 17 7 1 13 12 10 1 14 8 11 1 6.0
36 38 40 40 101 69 40 356 2 9 8 4 0 8 8 6 0 6.0
37 41 70 40 34 100 40 2024 2 16 10 18 0 8 5 1 0 6.0
38 102 71 40 32 40 40 4328 3 42 25 5 0 12 7 3 1 12 5 5 1 6.0
39 70 108 40 103 107 40 5997 3 20 14 10 0 15 8 8 0 17 12 5 1 5.0
40 74 99 40 116 72 40 2318 1 15 14 8 0 5.0
41 33 102 40 117 40 40 9615 3 25 18 5 0 15 10 30 1 13 12 5 1 5.0
42 101 102 40 105 62 40 1791 5 10 9 9 0 12 12 12 0 10 10 7 0 12 9 4 0 15 15 15 0 6.0
43 118 111 40 68 100 40 23657 5 8 8 5 0 11 8 8 0 22 17 7 0 9 7 5 0 9 8 6 1 4.0
44 117 108 40 35 118 40 3273 3 8 8 8 0 21 17 3 1 17 17 8 1 6.0
45 67 28 40 108 108 40 11577 5 17 13 7 0 12 7 2 0 10 8 2 0 33 6 4 0 28 8 8 1 4.0
46 24 39 40 101 111 40 24919 5 12 11 4 0 16 12 12 0 10 8 7 0 19 14 15 0 8 5 4 1 4.0
47 72 108 40 30 79 40 15114 5 15 15 18 0 10 10 14 0 16 8 30 0 18 18 30 0 14 9 5 1 6.0
48 35 34 40 80 116 40 139 1 9 7 6 1 6.0
49 69 118 40 40 69 40 4247 2 8 8 2 0 20 17 5 1 4.0
50 41 111 40 34 110 40 6780 2 24 12 18 0 8 5 1 1 5.0
51 99 31 40 63 27 40 211 1 8 7 4 1 6.0
52 116 39 40 107 64 40 33354 5 10 8 1 0 17 5 5 0 7 7 8 0 21 21 15 1 23 20 10 1 4.0
53 31 61 40 36 78 40 4704 2 10 8 13 0 17 11 7 1 4.0
54 115 40 40 36 72 40 445 4 9 6 9 0 10 8 1 0 11 11 11 0 30 10 4 0 6.0
55 78 117 40 117 110 40 15371 3 11 8 6 0 11 10 13 0 20 15 20 1 5.0
56 34 68 40 117 105 40 1934 1 21 20 6 0 6.0
57 111 32 40 105 64 40 11494 5 15 7 7 0 21 21 6 0 30 18 30 0 8 5 8 0 24 9 17 1 6.0
58 40 32 40 39 30 40 9854 2 21 20 10 0 15 14 2 0 4.0
59 112 34 40 105 34 40 6196 5 9 7 6 0 9 6 5 0 20 18 5 0 20 14 18 0 20 20 6 0 6.0
60 25 76 40 116 79 40 19424 3 30 7 7 0 18 14 2 0 26 19 14 0 4.0
61 74 30 40 36 79 40 29565 3 15 10 11 0 25 18 17 0 10 10 15 1 4.0
62 107 109 40 107 106 40 4166 1 22 17 13 0 6.0
63 68 118 40 76 103 40 60 1 8 5 1 0 5.0
64 64 26 40 101 63 40 15236 5 15 10 16 0 8 8 13 0 9 6 2 0 13 8 9 0 30 7 7 0 4.0
65 61 111 40 33 32 40 27424 5 30 22 20 0 8 6 3 0 18 13 3 0 12 6 3 0 13 10 4 0 5.0
66 39 115 40 79 118 40 3532 1 17 17 12 0 5.0
67 65 42 40 72 31 40 8522 3 18 13 7 0 14 8 2 0 8 7 2 1 4.0
68 114 24 40 104 41 40 5832 2 22 17 7 0 14 14 4 0 5.0
69 66 40 40 41 25 40 1002 1 15 5 15 1 6.0
70 104 112 40 24 27 40 45000 5 8 7 6 0 27 12 6 0 21 19 24 0 12 8 8 1 19 14 3 1 4.0
71 100 80 40 112 40 40 3660 1 15 15 15 0 5.0
72 113 80 40 99 75 40 385 4 13 10 6 0 9 9 7 0 8 8 5 0 8 5 1 0 6.0
73 35 30 40 33 108 40 9730 2 10 7 1 0 23 15 15 0 5.0
74 100 78 40 25 66 40 7119 4 17 8 13 0 8 5 1 0 22 17 7 1 16 13 18 1 6.0
75 80 28 40 28 100 40 8151 2 13 8 8 0 10 10 10 1 4.0
76 71 29 40 99 116 40 45000 3 22 15 5 0 30 20 30 0 9 8 6 0 4.0
77 111 102 40 102 36 40 3896 5 10 7 4 0 15 14 15 0 16 10 6 0 8 5 5 0 8 6 7 0 6.0
78 115 38 40 108 77 40 1610 3 8 5 4 0 17 15 10 0 8 6 15 0 6.0
79 106 42 40 34 79 40 37138 3 10 10 8 0 23 17 16 0 8 6 2 0 4.0
80 38 103 40 32 39 40 198 1 8 8 5 0 6.0
81 32 42 40 62 27 40 7453 4 15 15 15 0 15 7 10 0 17 9 20 0 10 10 20 1 6.0
82 29 74 40 80 115 40 862 1 12 10 5 0 5.0
83 108 70 40 39 64 40 2618 4 9 8 10 0 9 6 3 0 15 15 17 0 13 8 6 1 6.0
84 25 32 40 113 37 40 9540 2 15 12 20 0 16 9 22 0 5.0
85 114 78 40 113 79 40 2929 1 13 8 5 0 4.0
86 71 26 40 36 114 40 3253 3 12 10 10 0 9 5 1 0 10 7 7 1 5.0
87 30 24 40 29 104 40 2289 3 10 7 3 0 8 6 2 0 15 13 15 0 6.0
88 117 70 40 99 71 40 8213 1 16 13 13 1 4.0
89 103 115 40 34 42 40 39212 5 8 7 5 0 27 22 12 0 32 22 4 0 8 6 2 0 30 24 22 1 5.0
90 40 62 40 109 67 40 565 2 8 5 1 0 8 5 4 0 4.0
91 105 104 40 110 73 40 17204 4 11 7 1 0 19 16 7 0 13 10 17 0 8 8 2 1 4.0
92 38 113 40 102 25 40 3274 1 30 17 5 0 5.0
93 108 35 40 73 40 40 303 1 10 10 2 0 5.0
94 104 115 40 107 78 40 42501 5 9 5 2 0 16 7 3 0 9 9 10 0 8 5 5 0 29 25 14 1 4.0
95 118 72 40 102 112 40 887 2 7 6 6 0 8 5 8 0 5.0
96 64 111 40 99 32 40 183 1 8 5 3 1 5.0
97 35 33 40 79 32 40 4808 2 10 10 15 0 16 11 1 0 4.0
98 80 35 40 34 39 40 12166 4 22 16 19 0 8 6 5 0 18 5 15 0 16 16 9 1 5.0
99 104 106 40 116 74 40 10479 5 15 12 10 0 32 19 4 0 14 12 12 0 16 6 6 1 12 7 11 1 5.0
100 37 76 40 36 100 40 12308 5 30 15 2 0 25 20 4 0 11 5 4 0 49 25 3 1 11 7 1 1 5.0
101 101 106 40 28 42 40 1397 2 23 16 6 0 8 5 2 1 6.0
102 32 118 40 101 31 40 37925 4 25 7 5 0 13 8 8 0 8 8 8 1 15 15 2 1 4.0
103 39 102 40 31 107 40 9115 5 13 10 8 0 11 5 3 0 17 9 15 0 20 17 7 0 7 5 6 1 5.0
104 27 102 40 72 104 40 26762 4 42 25 8 0 13 10 3 0 8 5 4 0 12 8 12 0 4.0
105 73 31 40 73 39 40 1522 5 16 6 6 0 10 7 2 0 8 8 5 0 34 5 5 0 10 7 3 0 6.0
106 113 118 40 64 109 40 4043 2 16 16 11 0 19 14 5 0 5.0
