10    106   45000 60    25    30   
0     70    70    0     70    70    1351  0     
1 37 83 40 66 96 40 4323 3 15 12 6 0 10 6 2 1 10 10 10 1 4.0
2 109 65 40 74 95 40 6981 2 9 9 6 0 17 17 17 1 5.0
3 50 35 40 71 71 40 1475 1 11 10 16 1 6.0
4 107 67 40 42 30 40 34996 2 9 6 2 0 15 15 10 0 4.0
5 73 114 40 44 23 40 9441 3 37 25 26 0 17 17 6 0 31 20 8 1 6.0
6 48 25 40 107 87 40 2571 1 25 20 6 0 6.0
7 100 30 40 99 70 40 4795 3 25 21 6 0 20 20 6 0 13 7 5 1 6.0
8 109 34 40 106 51 40 1806 2 9 9 6 0 11 11 29 1 6.0
9 87 119 40 22 88 40 28488 2 11 9 3 0 23 16 29 1 4.0
10 91 89 40 69 101 40 14586 1 56 25 3 0 4.0
11 71 72 40 89 34 40 140 1 10 10 1 1 5.0
12 71 39 40 120 55 40 2627 2 9 6 3 1 11 11 11 1 5.0
13 113 80 40 42 43 40 6977 2 25 17 3 0 12 12 9 0 4.0
14 60 77 40 54 112 40 424 2 12 7 3 0 11 6 3 0 6.0
15 47 79 40 51 62 40 20825 3 17 17 23 0 25 25 16 0 35 25 15 0 6.0
16 100 80 40 97 53 40 1538 2 9 9 3 0 12 8 9 1 5.0
17 47 22 40 105 105 40 3279 3 9 8 9 0 11 11 11 0 34 23 5 0 6.0
18 63 60 40 117 100 40 2661 1 28 25 4 0 6.0
19 104 74 40 95 24 40 26927 2 23 18 4 0 11 11 11 0 4.0
20 40 75 40 62 29 40 12481 2 21 21 23 0 10 7 5 1 5.0
21 99 34 40 104 27 40 3138 2 20 5 6 0 30 7 9 0 5.0
22 27 99 40 49 102 40 474 2 10 7 12 0 10 7 2 0 6.0
23 116 83 40 104 89 40 381 1 12 12 12 0 6.0
24 48 70 40 108 57 40 1893 2 10 8 7 0 14 10 14 1 6.0
25 114 101 40 115 37 40 3531 2 8 7 5 0 11 10 7 1 4.0
26 77 61 40 76 61 40 6017 3 10 10 2 0 23 17 6 0 14 9 7 1 5.0
27 70 73 40 101 114 40 6098 3 11 8 11 0 14 12 15 0 13 11 10 0 5.0
28 37 32 40 86 42 40 21587 2 14 12 14 0 11 11 11 0 4.0
29 45 115 40 87 41 40 7724 2 29 25 12 0 11 9 7 1 6.0
30 106 65 40 104 20 40 397 1 10 6 6 0 5.0
31 48 74 40 34 39 40 43073 3 17 17 11 0 20 15 11 0 59 24 8 0 4.0
32 39 100 40 92 36 40 894 1 10 7 8 0 5.0
33 98 80 40 96 76 40 9648 3 23 14 13 0 14 14 23 0 9 6 6 1 5.0
34 98 101 40 110 21 40 1978 1 30 24 2 0 5.0
35 101 53 40 51 52 40 2531 3 31 11 4 0 7 6 6 0 12 10 7 0 6.0
36 46 40 40 98 78 40 4981 1 29 10 29 0 6.0
37 106 103 40 92 43 40 968 1 27 9 3 0 5.0
38 43 77 40 76 50 40 2140 3 11 9 3 0 9 7 7 0 11 8 6 1 5.0
39 91 67 40 93 56 40 767 1 12 8 8 0 6.0
40 63 51 40 71 108 40 2150 2 9 8 8 0 11 9 6 1 4.0
41 100 79 40 112 76 40 2336 3 9 6 1 0 28 23 5 0 14 14 6 1 6.0
42 98 47 40 54 80 40 6463 2 19 19 6 0 28 6 6 1 4.0
43 43 57 40 80 103 40 45000 3 20 20 26 0 21 11 9 0 11 9 3 1 4.0
44 38 70 40 40 101 40 1483 2 11 11 14 0 11 10 8 0 6.0
45 106 57 40 95 103 40 927 3 9 7 12 0 10 9 8 0 14 14 13 0 6.0
46 39 60 40 97 62 40 7291 2 16 10 3 0 17 17 6 0 4.0
47 52 36 40 119 38 40 2790 2 17 11 17 0 12 8 2 0 6.0
48 108 30 40 51 81 40 1344 2 9 9 9 0 10 9 5 1 5.0
49 116 110 40 45 35 40 12232 2 9 6 8 0 56 6 11 1 4.0
50 72 92 40 102 22 40 671 1 9 9 9 0 6.0
51 95 111 40 92 108 40 10198 1 42 25 11 0 6.0
52 120 26 40 67 54 40 10281 2 16 10 1 0 20 16 11 0 4.0
53 113 72 40 115 51 40 10504 2 34 23 11 0 21 21 7 1 6.0
54 20 96 40 28 98 40 36952 3 24 19 9 0 17 17 17 0 26 13 11 1 4.0
55 108 97 40 81 70 40 20630 2 17 11 10 0 42 10 7 0 4.0
56 66 20 40 57 119 40 1144 1 17 17 3 0 5.0
57 57 94 40 24 108 40 1460 2 11 10 3 0 9 9 9 1 5.0
58 80 40 40 26 74 40 17034 1 39 20 9 0 4.0
59 62 75 40 66 79 40 4642 2 16 14 9 0 23 23 18 0 6.0
60 103 63 40 37 95 40 1313 1 9 8 17 1 5.0
61 23 59 40 102 46 40 45000 3 12 9 5 0 10 8 5 0 24 8 14 1 4.0
62 47 64 40 38 80 40 3902 2 18 14 7 0 15 11 10 1 5.0
63 113 27 40 55 69 40 10096 2 11 10 9 1 28 23 11 1 5.0
64 71 60 40 91 34 40 45000 3 17 17 17 0 14 14 14 0 20 20 6 0 4.0
65 108 113 40 70 30 40 32762 2 26 25 30 0 9 9 9 0 5.0
66 114 117 40 117 68 40 13046 1 25 12 23 1 4.0
67 38 26 40 94 111 40 42825 2 18 12 21 0 29 25 3 1 4.0
68 106 34 40 41 47 40 14488 2 10 7 2 0 59 25 7 0 5.0
69 76 60 40 44 71 40 11249 2 19 11 25 0 11 8 14 0 5.0
70 41 20 40 106 54 40 2837 3 9 6 5 0 11 6 2 1 13 11 8 1 4.0
71 52 104 40 109 66 40 820 1 13 12 8 0 6.0
72 57 55 40 116 108 40 14213 3 15 12 10 0 23 23 11 0 9 6 6 1 4.0
73 94 76 40 78 87 40 12527 1 19 19 20 1 5.0
74 90 109 40 47 48 40 4456 3 11 6 2 0 17 7 6 1 20 15 11 1 5.0
75 115 60 40 27 120 40 145 1 15 7 4 0 6.0
76 78 55 40 44 81 40 45000 3 10 6 14 0 17 17 17 0 41 25 12 0 4.0
77 89 79 40 117 55 40 2080 1 11 9 11 0 4.0
78 40 98 40 49 43 40 4776 3 10 6 3 0 9 9 3 0 14 14 19 1 5.0
79 108 69 40 28 106 40 4072 3 10 7 2 0 11 11 11 0 15 12 10 0 5.0
80 46 107 40 67 27 40 5329 1 22 16 17 0 6.0
81 94 21 40 112 91 40 305 1 23 14 6 1 6.0
82 63 25 40 70 92 40 229 1 11 9 1 0 4.0
83 114 115 40 72 111 40 7375 2 11 9 6 0 12 10 14 1 4.0
84 42 99 40 62 22 40 1166 2 10 9 5 0 14 6 5 0 5.0
85 27 43 40 31 21 40 6274 1 11 11 13 0 4.0
86 80 28 40 78 39 40 1354 1 13 8 7 1 4.0
87 55 22 40 60 75 40 17543 3 14 11 8 0 10 6 5 0 29 14 30 0 5.0
88 59 65 40 89 60 40 1944 1 24 11 6 0 5.0
89 56 36 40 32 91 40 24511 3 32 25 21 0 10 7 10 0 11 8 6 1 5.0
90 73 85 40 23 56 40 8611 2 34 24 9 0 9 9 9 0 5.0
91 43 28 40 81 65 40 4592 1 47 25 4 0 6.0
92 75 115 40 55 76 40 11574 2 9 6 1 0 25 20 15 0 5.0
93 89 83 40 35 53 40 12970 2 15 10 7 0 52 9 30 0 6.0
94 94 95 40 77 113 40 17153 3 19 9 6 0 19 11 11 0 26 20 6 1 4.0
95 82 35 40 77 53 40 7275 2 14 10 2 0 26 14 14 0 5.0
96 49 114 40 91 42 40 2788 2 30 20 12 1 9 9 9 1 6.0
97 55 99 40 51 104 40 9807 2 45 9 9 0 10 7 2 0 4.0
98 109 28 40 85 59 40 25351 3 10 10 4 0 17 10 7 0 30 17 24 1 4.0
99 83 115 40 98 57 40 607 1 9 9 6 0 5.0
100 97 71 40 53 88 40 6685 3 23 17 2 0 17 17 6 0 22 7 6 0 4.0
101 118 46 40 120 92 40 3504 2 9 6 15 0 17 9 7 0 4.0
102 49 106 40 102 49 40 4858 2 26 15 30 0 15 14 11 1 6.0
103 34 89 40 79 92 40 45000 3 23 16 21 0 9 6 5 0 39 11 11 1 4.0
104 65 74 40 34 97 40 1702 3 14 8 4 0 12 8 8 0 23 17 2 1 6.0
105 67 57 40 98 76 40 5986 2 56 25 2 0 39 20 11 0 6.0
106 100 55 40 25 69 40 6304 2 19 13 13 0 17 8 25 0 6.0
