10    106   45000 60    25    30   
0     70    70    0     70    70    1351  0     
1 72 39 40 36 37 40 32407 4 24 17 5 0 10 6 8 1 27 23 9 1 20 7 27 1 4.0
2 105 71 40 104 110 40 470 1 10 8 3 1 5.0
3 109 74 40 113 32 40 3070 3 22 17 13 0 8 6 5 0 8 5 3 1 6.0
4 99 78 40 110 103 40 1692 1 20 18 4 1 5.0
5 110 66 40 30 104 40 1914 5 8 6 4 0 26 21 11 0 7 6 10 0 10 7 7 1 30 16 4 1 6.0
6 77 42 40 105 36 40 21384 4 35 15 10 0 22 17 7 0 22 20 5 0 20 5 2 0 5.0
7 75 100 40 27 107 40 23437 5 32 5 5 0 17 12 5 0 11 8 4 0 40 25 2 1 10 6 3 1 4.0
8 76 40 40 110 105 40 516 1 12 9 5 1 6.0
9 34 62 40 115 114 40 2986 2 17 9 15 0 8 5 5 0 5.0
10 76 28 40 100 99 40 10383 2 52 20 5 0 8 6 4 0 5.0
11 30 79 40 42 31 40 15979 4 15 14 14 0 15 15 5 0 13 13 5 0 33 22 10 1 5.0
12 106 75 40 111 34 40 349 1 8 5 2 1 4.0
13 26 76 40 104 40 40 3885 1 10 10 9 0 4.0
14 39 70 40 34 115 40 24264 4 13 13 13 0 14 12 4 0 15 5 6 0 8 6 7 1 4.0
15 75 103 40 115 110 40 5823 3 9 8 7 0 10 10 5 0 31 19 30 1 6.0
16 109 65 40 33 40 40 155 1 12 8 3 0 6.0
17 111 65 40 98 100 40 32674 5 10 8 4 0 8 8 8 0 33 24 5 0 8 8 8 1 26 13 22 1 4.0
18 67 32 40 28 34 40 238 2 10 8 5 0 9 7 5 0 6.0
19 79 42 40 98 34 40 10145 4 8 5 3 0 15 10 8 0 8 8 4 0 12 10 12 0 4.0
20 67 113 40 35 34 40 12391 5 10 10 10 0 22 13 14 0 10 6 6 0 26 14 12 0 17 14 18 0 6.0
21 111 70 40 112 43 40 1687 2 10 7 7 0 22 22 14 1 6.0
22 108 78 40 26 111 40 40835 5 28 13 13 0 14 8 3 0 24 11 3 0 10 8 5 0 20 6 6 1 4.0
23 68 39 40 103 38 40 814 2 16 8 16 0 34 5 5 0 6.0
24 101 76 40 43 26 40 3052 4 8 6 3 0 8 5 3 0 40 15 4 1 22 19 23 1 6.0
25 103 73 40 29 106 40 4376 2 8 6 5 0 8 5 1 0 4.0
26 102 78 40 101 108 40 2373 5 8 6 8 0 21 15 2 0 9 7 4 0 8 7 8 1 31 11 5 1 6.0
27 62 39 40 113 99 40 4684 3 17 15 10 0 15 8 6 0 11 8 3 1 5.0
28 70 38 40 37 98 40 1624 3 14 8 3 0 8 8 8 0 15 8 5 0 5.0
29 75 115 40 100 29 40 9071 5 16 11 6 0 18 11 13 0 10 7 5 0 10 8 1 1 19 14 7 1 5.0
30 63 34 40 110 34 40 1250 1 16 10 6 0 5.0
31 63 110 40 38 29 40 26806 4 26 16 16 0 17 17 4 1 8 5 3 1 8 7 7 1 4.0
32 38 66 40 34 27 40 191 1 8 8 10 0 6.0
33 64 40 40 37 103 40 22331 5 25 16 15 0 10 7 6 0 9 6 5 0 10 10 12 1 20 15 12 1 5.0
34 70 98 40 104 104 40 14676 2 17 17 22 0 10 7 5 0 5.0
35 42 69 40 105 39 40 12897 5 10 8 1 0 26 18 26 0 10 8 2 1 8 8 2 1 22 12 6 1 6.0
36 103 63 40 100 110 40 4375 2 10 6 6 0 32 25 11 0 6.0
37 108 73 40 33 104 40 4895 2 11 9 6 0 8 5 3 0 4.0
38 66 115 40 115 105 40 2719 3 31 7 2 0 26 17 9 1 14 10 2 1 6.0
39 36 64 40 104 43 40 32078 3 50 22 10 0 10 7 6 0 8 7 6 1 4.0
40 41 69 40 106 114 40 650 1 10 9 13 0 6.0
41 69 27 40 43 104 40 1631 3 12 9 2 0 8 6 6 1 8 5 5 1 4.0
42 111 79 40 32 107 40 4758 5 9 8 5 0 15 8 30 0 8 5 2 0 10 5 4 0 15 15 5 0 6.0
43 104 79 40 33 102 40 4789 5 12 7 7 0 12 7 12 0 10 10 2 0 9 6 4 0 32 17 2 1 5.0
44 104 75 40 108 41 40 20278 3 27 25 10 0 12 12 10 1 16 16 8 1 5.0
45 30 67 40 99 109 40 10087 5 10 7 3 0 27 5 4 0 20 15 13 0 15 10 2 0 29 25 20 1 6.0
46 69 37 40 41 43 40 45000 5 13 8 5 0 10 10 5 0 16 14 12 0 34 5 5 0 25 20 10 1 4.0
47 35 74 40 99 115 40 25717 5 32 12 22 0 8 8 5 0 52 25 10 0 10 10 4 0 14 8 3 1 5.0
48 70 114 40 34 30 40 3785 1 23 19 10 1 6.0
49 33 63 40 35 27 40 17962 2 10 7 4 0 25 15 20 1 4.0
50 41 73 40 37 100 40 515 2 25 5 6 0 17 10 15 1 6.0
51 106 63 40 105 40 40 6329 1 15 12 25 1 5.0
52 71 35 40 29 110 40 22043 5 10 8 7 0 13 11 4 0 9 8 10 0 22 18 6 1 20 10 25 1 4.0
53 69 101 40 114 42 40 1327 2 9 7 2 0 7 6 8 1 4.0
54 31 76 40 34 107 40 3005 4 11 8 13 0 8 5 5 0 8 8 10 0 10 10 10 0 5.0
55 33 75 40 28 40 40 9193 3 12 9 7 0 20 15 10 0 17 8 8 1 5.0
56 112 69 40 37 35 40 2884 1 15 10 15 0 5.0
57 79 102 40 115 103 40 17359 5 8 5 2 0 16 8 6 0 16 7 16 0 17 9 18 0 8 8 2 1 4.0
58 41 70 40 114 32 40 9082 2 15 10 10 0 8 8 5 0 4.0
59 76 41 40 30 107 40 6497 5 8 7 17 0 22 22 9 0 15 10 7 0 8 5 2 0 10 8 2 0 6.0
60 77 105 40 98 98 40 4155 3 10 7 7 0 17 12 5 0 39 6 26 0 6.0
61 75 36 40 30 37 40 3975 3 9 5 1 0 11 8 1 0 13 12 11 1 5.0
62 63 99 40 32 32 40 10403 1 15 15 15 0 4.0
63 104 69 40 107 98 40 845 1 10 10 7 0 5.0
64 78 100 40 106 36 40 45000 5 8 5 2 0 8 8 6 0 26 19 15 0 15 10 2 0 8 5 2 0 4.0
65 70 28 40 35 26 40 5828 5 20 7 1 0 17 17 12 0 20 16 5 0 15 15 18 0 9 8 3 0 6.0
66 34 72 40 113 41 40 426 1 10 10 10 0 6.0
67 113 76 40 40 101 40 6149 3 10 6 2 0 21 12 9 0 10 10 10 1 5.0
68 74 101 40 26 112 40 930 2 9 9 9 0 34 24 1 0 6.0
69 33 70 40 101 106 40 1234 1 17 15 10 1 6.0
70 29 70 40 36 34 40 21381 5 31 25 6 0 8 5 4 0 8 8 5 0 11 11 9 1 9 5 2 1 4.0
71 75 33 40 110 42 40 134 1 10 7 5 0 6.0
72 69 106 40 114 33 40 2473 4 10 8 1 0 13 12 4 0 22 5 5 0 8 5 1 0 5.0
73 35 66 40 34 31 40 21167 2 25 20 10 0 11 7 4 0 4.0
74 109 70 40 36 111 40 8871 4 14 7 3 0 35 10 2 0 9 6 4 1 21 17 11 1 5.0
75 67 107 40 34 100 40 32186 2 24 20 24 0 15 10 2 1 4.0
76 38 65 40 28 31 40 7466 3 17 7 22 0 8 5 8 0 8 5 4 0 4.0
77 111 75 40 98 107 40 5843 5 10 10 13 0 32 19 2 0 14 14 4 0 10 8 6 0 16 14 15 0 6.0
78 63 28 40 34 111 40 2645 3 10 10 10 0 15 15 5 0 13 10 3 0 5.0
79 68 105 40 101 37 40 11274 3 17 17 10 0 9 5 3 0 15 15 5 0 4.0
80 72 104 40 40 114 40 242 1 15 11 2 0 6.0
81 74 39 40 108 112 40 4822 4 10 5 4 0 30 16 4 0 8 5 3 0 23 17 7 1 6.0
82 101 79 40 32 36 40 194 1 9 5 2 0 5.0
83 39 71 40 28 35 40 11428 4 14 7 2 0 15 15 11 0 12 8 3 0 9 8 7 1 4.0
84 79 103 40 115 34 40 519 2 10 7 3 0 8 5 6 0 5.0
85 67 111 40 27 103 40 83 1 8 5 1 0 5.0
86 35 76 40 108 102 40 11336 3 20 13 30 0 8 8 8 0 9 6 2 1 5.0
87 106 66 40 102 106 40 8524 3 8 5 5 0 23 5 11 0 29 25 14 0 6.0
88 99 72 40 104 102 40 45000 1 52 12 30 1 4.0
89 31 77 40 38 34 40 41590 5 9 6 7 0 12 9 8 0 10 10 10 0 29 25 14 0 18 8 5 1 4.0
90 32 73 40 99 106 40 2063 2 13 11 6 0 10 10 17 0 6.0
91 26 73 40 109 34 40 10974 4 17 12 1 0 8 6 8 0 11 10 9 0 8 6 6 1 4.0
92 72 33 40 41 103 40 119 1 7 5 6 0 6.0
93 74 104 40 105 34 40 1060 1 16 13 5 0 5.0
94 78 29 40 100 112 40 31177 5 8 7 3 0 32 7 7 0 10 8 2 0 37 25 10 0 12 8 13 1 4.0
95 102 65 40 31 102 40 1474 2 11 8 4 0 8 5 17 0 5.0
96 70 108 40 42 114 40 2291 1 20 15 20 1 6.0
97 73 26 40 113 109 40 8721 2 10 8 6 0 16 9 22 0 4.0
98 62 27 40 26 100 40 11321 4 10 8 4 0 11 11 9 0 8 8 8 0 20 11 30 1 5.0
99 76 33 40 98 31 40 6387 5 20 14 2 0 13 9 15 0 8 6 4 0 9 6 5 1 10 8 5 1 5.0
100 77 106 40 38 36 40 45000 5 9 8 7 0 16 10 10 0 8 8 8 0 17 12 17 1 35 25 7 1 4.0
101 64 101 40 37 38 40 8911 2 8 4 5 0 12 10 15 1 4.0
102 73 27 40 107 31 40 6150 4 12 10 7 0 15 15 2 0 27 25 15 1 21 15 12 1 6.0
103 64 100 40 28 36 40 35141 5 15 10 15 0 8 5 1 0 9 6 2 0 8 8 2 0 22 18 15 1 4.0
104 62 112 40 30 27 40 28064 4 30 25 30 0 18 16 7 0 16 13 2 0 9 6 3 0 5.0
105 72 111 40 42 111 40 11026 5 12 10 5 0 16 7 7 0 17 17 5 0 9 5 3 0 8 6 5 0 4.0
106 41 76 40 110 43 40 2214 2 42 5 4 0 8 8 12 0 5.0
