10    106   45000 60    25    30   
0     70    70    0     70    70    1351  0     
1 37 110 40 33 110 40 6156 4 13 10 8 0 10 8 5 1 18 10 5 1 10 6 3 1 4.0
2 35 80 40 74 114 40 871 1 10 7 7 1 5.0
3 34 33 40 79 114 40 844 3 9 9 18 0 8 7 6 0 12 6 2 1 6.0
4 24 65 40 74 102 40 8533 1 17 12 12 1 4.0
5 74 117 40 108 100 40 3383 5 10 10 10 0 35 7 4 0 10 10 8 0 17 13 14 1 21 8 13 1 6.0
6 35 40 40 40 114 40 2764 4 13 12 12 0 9 8 6 0 12 6 1 0 18 13 8 0 6.0
7 68 28 40 30 101 40 19176 5 13 10 13 0 19 14 28 0 10 9 2 0 17 11 17 1 20 19 5 1 5.0
8 107 39 40 67 23 40 381 1 13 10 3 1 5.0
9 70 32 40 117 103 40 3225 2 20 17 5 0 9 6 2 0 5.0
10 23 110 40 102 30 40 43931 2 22 14 8 0 20 15 20 0 4.0
11 106 110 40 112 30 40 7272 4 15 10 5 0 10 10 10 0 9 6 9 0 13 13 5 1 4.0
12 35 75 40 70 110 40 223 1 12 8 7 1 6.0
13 76 108 40 62 39 40 4450 1 10 8 9 0 4.0
14 36 70 40 105 116 40 4954 4 20 17 4 0 10 8 5 0 21 18 6 0 10 8 6 1 5.0
15 112 65 40 74 27 40 3081 3 52 8 8 0 16 9 7 0 8 8 8 1 6.0
16 72 118 40 108 75 40 45000 1 33 18 18 0 4.0
17 104 114 40 104 32 40 1222 5 13 8 18 0 8 6 1 0 9 7 6 0 14 12 4 1 33 25 3 1 6.0
18 68 105 40 109 76 40 4210 2 14 10 4 0 15 10 10 0 4.0
19 34 80 40 29 67 40 45000 4 8 6 1 0 21 21 21 0 23 18 5 0 10 9 10 0 4.0
20 25 108 40 36 66 40 11152 5 52 11 5 0 15 10 5 0 21 8 13 0 11 8 8 0 14 12 9 0 5.0
21 31 103 40 73 118 40 969 2 46 8 4 0 10 7 1 1 6.0
22 41 28 40 104 34 40 22473 5 14 12 10 0 20 14 1 0 31 8 8 0 21 20 20 0 17 8 2 1 5.0
23 112 24 40 30 111 40 3565 2 9 9 14 0 12 12 3 0 4.0
24 39 23 40 108 29 40 9973 4 10 8 6 0 8 8 8 0 33 18 18 1 12 11 12 1 6.0
25 34 37 40 75 41 40 6037 2 29 16 6 0 9 7 9 0 5.0
26 38 32 40 25 61 40 3201 5 8 6 4 0 8 6 2 0 16 16 6 0 10 8 1 1 14 13 11 1 6.0
27 62 42 40 65 118 40 6484 3 46 20 8 0 18 10 6 0 13 13 1 1 6.0
28 40 76 40 30 115 40 5405 3 19 19 5 0 8 6 2 0 9 7 4 0 4.0
29 30 64 40 108 117 40 1922 5 13 10 3 0 18 9 3 0 11 10 10 0 15 15 3 1 8 6 2 1 6.0
30 112 114 40 70 113 40 162 1 8 7 8 0 6.0
31 71 31 40 66 26 40 45000 4 14 9 7 0 15 10 5 1 14 14 5 1 17 17 4 1 4.0
32 112 29 40 72 30 40 94 1 8 6 8 0 6.0
33 34 23 40 27 68 40 2009 5 17 11 6 0 17 16 4 0 8 6 4 0 11 9 8 1 10 9 5 1 6.0
34 38 34 40 110 70 40 17263 2 19 13 14 0 8 6 6 0 4.0
35 108 33 40 66 116 40 3371 5 24 18 6 0 37 23 2 0 33 9 7 1 12 8 11 1 8 7 6 1 6.0
36 38 40 40 101 69 40 1481 2 15 11 6 0 12 10 12 0 6.0
37 41 70 40 34 100 40 17678 2 9 6 5 0 20 20 19 0 4.0
38 102 71 40 32 40 40 1493 3 14 9 5 0 10 6 14 1 8 6 6 1 6.0
39 70 108 40 103 107 40 21183 3 51 15 8 0 20 20 25 0 15 15 8 1 5.0
40 74 99 40 116 72 40 108 1 8 6 1 0 4.0
41 33 102 40 117 40 40 7158 3 20 10 15 0 16 10 9 1 17 13 7 1 5.0
42 101 102 40 105 62 40 4760 5 10 10 15 0 18 15 10 0 8 8 3 0 10 7 4 0 11 9 9 0 6.0
43 118 111 40 68 100 40 45000 5 26 20 15 0 13 11 8 0 12 8 4 0 9 7 7 0 13 9 1 1 4.0
44 117 108 40 35 118 40 5973 3 15 11 8 0 19 16 2 1 8 6 8 1 4.0
45 67 28 40 108 108 40 8751 5 20 20 2 0 10 8 2 0 13 8 15 0 10 9 8 0 18 17 16 1 5.0
46 24 39 40 101 111 40 38170 5 18 16 16 0 17 13 14 0 31 6 8 0 27 9 30 0 10 9 14 1 4.0
47 72 108 40 30 79 40 8188 5 11 7 6 0 18 13 3 0 31 12 7 0 8 6 1 0 21 11 11 1 5.0
48 35 34 40 80 116 40 1571 1 10 10 10 1 5.0
49 69 118 40 40 69 40 12183 2 12 8 5 0 18 10 10 1 4.0
50 41 111 40 34 110 40 4622 2 17 14 11 0 13 13 8 1 5.0
51 99 31 40 63 27 40 1370 1 15 10 10 1 6.0
52 116 39 40 107 64 40 12167 5 13 11 16 0 10 8 7 0 12 12 5 0 31 10 8 1 47 17 10 1 6.0
53 31 61 40 36 78 40 7238 2 18 18 10 0 11 7 4 1 4.0
54 115 40 40 36 72 40 1120 4 14 9 5 0 12 6 3 0 12 10 2 0 12 9 8 0 6.0
55 78 117 40 117 110 40 3835 3 10 7 7 0 8 6 6 0 10 7 7 1 4.0
56 34 68 40 117 105 40 6843 1 25 17 5 0 4.0
57 111 32 40 105 64 40 2950 5 15 10 5 0 10 10 7 0 20 18 21 0 13 8 3 0 14 6 13 1 6.0
58 40 32 40 39 30 40 11322 2 36 25 8 0 9 7 6 0 5.0
59 112 34 40 105 34 40 5205 5 9 6 3 0 8 8 5 0 10 8 5 0 15 10 7 0 29 7 7 0 5.0
60 25 76 40 116 79 40 4909 3 21 17 6 0 9 8 8 0 13 8 5 0 5.0
61 74 30 40 36 79 40 17037 3 10 6 2 0 12 12 2 0 23 18 8 1 4.0
62 107 109 40 107 106 40 3825 1 20 18 8 0 5.0
63 68 118 40 76 103 40 553 1 13 10 3 0 5.0
64 64 26 40 101 63 40 24980 5 31 20 4 0 10 10 10 0 16 11 8 0 9 7 4 0 10 10 10 0 4.0
65 61 111 40 33 32 40 10047 5 19 19 5 0 8 6 1 0 13 13 6 0 26 23 18 0 18 8 18 0 6.0
66 39 115 40 79 118 40 15371 1 26 17 15 0 4.0
67 65 42 40 72 31 40 2965 3 20 9 6 0 20 15 2 0 27 6 4 1 5.0
68 114 24 40 104 41 40 749 2 15 8 15 0 15 6 3 0 6.0
69 66 40 40 41 25 40 363 1 8 6 5 1 5.0
70 104 112 40 24 27 40 45000 5 11 11 30 0 10 10 10 0 26 13 26 0 25 13 7 1 8 6 5 1 4.0
71 100 80 40 112 40 40 166 1 12 8 6 0 6.0
72 113 80 40 99 75 40 1589 4 11 11 6 0 16 12 14 0 10 8 3 0 9 6 9 0 6.0
73 35 30 40 33 108 40 9954 2 21 16 5 0 11 8 9 0 4.0
74 100 78 40 25 66 40 3305 4 11 8 4 0 18 13 13 0 15 10 15 1 20 19 4 1 6.0
75 80 28 40 28 100 40 8063 2 9 9 6 0 35 18 5 1 4.0
76 71 29 40 99 116 40 22200 3 49 23 3 0 16 10 5 0 51 8 4 0 4.0
77 111 102 40 102 36 40 20189 5 15 6 6 0 13 12 13 0 10 10 8 0 8 7 8 0 23 12 23 0 5.0
78 115 38 40 108 77 40 45000 3 48 20 5 0 31 22 30 0 10 8 5 0 4.0
79 106 42 40 34 79 40 7635 3 8 6 1 0 20 15 3 0 19 8 10 0 4.0
80 38 103 40 32 39 40 1071 1 14 14 3 0 5.0
81 32 42 40 62 27 40 19531 4 10 10 10 0 36 10 30 0 8 6 6 0 15 10 15 1 5.0
82 29 74 40 80 115 40 65 1 8 6 1 0 5.0
83 108 70 40 39 64 40 14417 4 10 8 6 0 19 18 5 0 11 11 14 0 21 8 13 1 4.0
84 25 32 40 113 37 40 9707 2 21 16 13 0 8 8 8 0 5.0
85 114 78 40 113 79 40 45000 1 53 15 18 0 4.0
86 71 26 40 36 114 40 8071 3 31 10 6 0 30 19 10 0 11 10 9 1 5.0
87 30 24 40 29 104 40 1561 3 13 13 13 0 30 10 8 0 8 8 15 0 6.0
88 117 70 40 99 71 40 2396 1 13 10 13 1 5.0
89 103 115 40 34 42 40 11210 5 18 10 8 0 16 10 8 0 19 19 11 0 10 6 2 0 14 13 12 1 5.0
90 40 62 40 109 67 40 1330 2 15 13 11 0 10 10 10 0 6.0
91 105 104 40 110 73 40 21376 4 12 12 14 0 14 11 10 0 15 8 4 0 23 20 8 1 4.0
92 38 113 40 102 25 40 417 1 9 7 3 0 4.0
93 108 35 40 73 40 40 1005 1 35 6 6 0 6.0
94 104 115 40 107 78 40 30597 5 16 14 8 0 21 18 6 0 29 25 23 0 9 6 2 0 10 6 5 1 5.0
95 118 72 40 102 112 40 1005 2 30 23 2 0 11 9 7 0 6.0
96 64 111 40 99 32 40 1133 1 12 9 9 1 5.0
97 35 33 40 79 32 40 3720 2 9 7 4 0 21 7 5 0 4.0
98 80 35 40 34 39 40 1503 4 15 8 10 0 18 13 5 0 8 8 10 0 26 19 1 1 6.0
99 104 106 40 116 74 40 3870 5 9 8 6 0 14 10 2 0 20 12 1 0 10 10 3 1 28 23 18 1 6.0
100 37 76 40 36 100 40 45000 5 32 25 20 0 11 11 18 0 8 6 10 0 12 11 13 1 8 7 2 1 4.0
101 101 106 40 28 42 40 1496 2 12 7 4 0 15 10 10 1 6.0
102 32 118 40 101 31 40 24838 4 10 7 6 0 9 7 4 0 38 11 26 1 20 13 23 1 5.0
103 39 102 40 31 107 40 4201 5 10 8 8 0 11 8 4 0 10 7 1 0 14 7 3 0 17 15 8 1 5.0
104 27 102 40 72 104 40 10391 4 8 8 8 0 8 6 2 0 20 10 10 0 30 25 30 0 6.0
105 73 31 40 73 39 40 9065 5 8 7 8 0 18 14 1 0 21 15 15 0 8 8 8 0 16 13 5 0 5.0
106 113 118 40 64 109 40 1776 2 14 10 3 0 10 8 15 0 5.0
