10    106   45000 60    25    30   
0     70    70    0     70    70    1351  0     
1 72 39 40 36 37 40 19266 4 17 8 13 0 8 6 12 1 8 5 2 1 17 17 20 1 4.0
2 105 71 40 104 110 40 26 1 13 5 1 1 6.0
3 109 74 40 113 32 40 2453 3 10 9 7 0 20 10 10 0 15 15 15 1 6.0
4 99 78 40 110 103 40 22060 1 23 17 9 1 4.0
5 110 66 40 30 104 40 5592 5 8 6 1 0 25 15 2 0 8 6 1 0 30 25 30 1 10 10 10 1 6.0
6 77 42 40 105 36 40 1585 4 10 10 8 0 18 12 3 0 11 7 1 0 10 10 7 0 6.0
7 75 100 40 27 107 40 8581 5 9 9 8 0 13 10 6 0 13 13 3 0 13 7 4 1 22 17 7 1 5.0
8 76 40 40 110 105 40 6201 1 18 16 9 1 4.0
9 34 62 40 115 114 40 6752 2 15 15 15 0 13 9 6 0 5.0
10 76 28 40 100 99 40 1156 2 8 7 5 0 8 6 1 0 4.0
11 30 79 40 42 31 40 6592 4 9 8 5 0 24 18 7 0 10 7 5 0 16 6 9 1 5.0
12 106 75 40 111 34 40 2167 1 15 13 9 1 5.0
13 26 76 40 104 40 40 3691 1 25 25 2 0 4.0
14 39 70 40 34 115 40 3543 4 15 8 5 0 10 8 5 0 8 5 4 0 15 15 15 1 6.0
15 75 103 40 115 110 40 2065 3 23 17 2 0 11 7 3 0 30 15 2 1 5.0
16 109 65 40 33 40 40 3185 1 21 10 7 0 4.0
17 111 65 40 98 100 40 45000 5 25 17 10 0 41 22 27 0 10 10 10 0 11 9 10 1 15 10 10 1 5.0
18 67 32 40 28 34 40 3590 2 34 5 5 0 17 10 30 0 6.0
19 79 42 40 98 34 40 16278 4 8 5 4 0 9 5 2 0 34 12 7 0 18 14 7 0 4.0
20 67 113 40 35 34 40 45000 5 26 13 22 0 11 7 3 0 10 6 3 0 27 15 30 0 52 20 5 0 4.0
21 111 70 40 112 43 40 5968 2 30 25 5 0 8 6 15 1 5.0
22 108 78 40 26 111 40 10423 5 28 16 5 0 24 9 9 0 20 11 3 0 10 10 10 0 25 16 3 1 5.0
23 68 39 40 103 38 40 5654 2 25 6 7 0 10 10 10 0 4.0
24 101 76 40 43 26 40 11333 4 15 7 7 0 23 13 9 0 20 10 12 1 12 12 2 1 5.0
25 103 73 40 29 106 40 14235 2 21 6 7 0 23 16 5 0 4.0
26 102 78 40 101 108 40 1416 5 9 5 3 0 15 10 10 0 10 10 6 0 23 11 19 1 17 5 6 1 6.0
27 62 39 40 113 99 40 2186 3 15 15 5 0 15 15 10 0 12 8 1 1 6.0
28 70 38 40 37 98 40 45000 3 14 14 30 0 20 15 25 0 25 6 6 0 4.0
29 75 115 40 100 29 40 4135 5 10 8 2 0 21 14 11 0 13 8 8 0 18 17 11 1 8 6 6 1 6.0
30 63 34 40 110 34 40 726 1 19 16 5 0 6.0
31 63 110 40 38 29 40 33492 4 15 5 9 0 9 7 3 1 10 10 7 1 20 15 25 1 4.0
32 38 66 40 34 27 40 573 1 9 9 6 0 5.0
33 64 40 40 37 103 40 11427 5 12 11 7 0 22 22 8 0 8 5 1 0 11 9 7 1 13 13 2 1 5.0
34 70 98 40 104 104 40 2595 2 11 8 7 0 8 6 2 0 4.0
35 42 69 40 105 39 40 8315 5 20 20 9 0 16 15 16 0 22 17 7 1 13 12 10 1 14 8 11 1 6.0
36 103 63 40 100 110 40 356 2 9 8 4 0 8 8 6 0 6.0
37 108 73 40 33 104 40 2024 2 16 10 18 0 8 5 1 0 6.0
38 66 115 40 115 105 40 4328 3 42 25 5 0 12 7 3 1 12 5 5 1 6.0
39 36 64 40 104 43 40 5997 3 20 14 10 0 15 8 8 0 17 12 5 1 5.0
40 41 69 40 106 114 40 2318 1 15 14 8 0 5.0
41 69 27 40 43 104 40 9615 3 25 18 5 0 15 10 30 1 13 12 5 1 5.0
42 111 79 40 32 107 40 1791 5 10 9 9 0 12 12 12 0 10 10 7 0 12 9 4 0 15 15 15 0 6.0
43 104 79 40 33 102 40 23657 5 8 8 5 0 11 8 8 0 22 17 7 0 9 7 5 0 9 8 6 1 4.0
44 104 75 40 108 41 40 3273 3 8 8 8 0 21 17 3 1 17 17 8 1 6.0
45 30 67 40 99 109 40 11577 5 17 13 7 0 12 7 2 0 10 8 2 0 33 6 4 0 28 8 8 1 4.0
46 69 37 40 41 43 40 24919 5 12 11 4 0 16 12 12 0 10 8 7 0 19 14 15 0 8 5 4 1 4.0
47 35 74 40 99 115 40 15114 5 15 15 18 0 10 10 14 0 16 8 30 0 18 18 30 0 14 9 5 1 6.0
48 70 114 40 34 30 40 139 1 9 7 6 1 6.0
49 33 63 40 35 27 40 4247 2 8 8 2 0 20 17 5 1 4.0
50 41 73 40 37 100 40 6780 2 24 12 18 0 8 5 1 1 5.0
51 106 63 40 105 40 40 211 1 8 7 4 1 6.0
52 71 35 40 29 110 40 33354 5 10 8 1 0 17 5 5 0 7 7 8 0 21 21 15 1 23 20 10 1 4.0
53 69 101 40 114 42 40 4704 2 10 8 13 0 17 11 7 1 4.0
54 31 76 40 34 107 40 445 4 9 6 9 0 10 8 1 0 11 11 11 0 30 10 4 0 6.0
55 33 75 40 28 40 40 15371 3 11 8 6 0 11 10 13 0 20 15 20 1 5.0
56 112 69 40 37 35 40 1934 1 21 20 6 0 6.0
57 79 102 40 115 103 40 11494 5 15 7 7 0 21 21 6 0 30 18 30 0 8 5 8 0 24 9 17 1 6.0
58 41 70 40 114 32 40 9854 2 21 20 10 0 15 14 2 0 4.0
59 76 41 40 30 107 40 6196 5 9 7 6 0 9 6 5 0 20 18 5 0 20 14 18 0 20 20 6 0 6.0
60 77 105 40 98 98 40 19424 3 30 7 7 0 18 14 2 0 26 19 14 0 4.0
61 75 36 40 30 37 40 29565 3 15 10 11 0 25 18 17 0 10 10 15 1 4.0
62 63 99 40 32 32 40 4166 1 22 17 13 0 6.0
63 104 69 40 107 98 40 60 1 8 5 1 0 5.0
64 78 100 40 106 36 40 15236 5 15 10 16 0 8 8 13 0 9 6 2 0 13 8 9 0 30 7 7 0 4.0
65 70 28 40 35 26 40 27424 5 30 22 20 0 8 6 3 0 18 13 3 0 12 6 3 0 13 10 4 0 5.0
66 34 72 40 113 41 40 3532 1 17 17 12 0 5.0
67 113 76 40 40 101 40 8522 3 18 13 7 0 14 8 2 0 8 7 2 1 4.0
68 74 101 40 26 112 40 5832 2 22 17 7 0 14 14 4 0 5.0
69 33 70 40 101 106 40 1002 1 15 5 15 1 6.0
70 29 70 40 36 34 40 45000 5 8 7 6 0 27 12 6 0 21 19 24 0 12 8 8 1 19 14 3 1 4.0
71 75 33 40 110 42 40 3660 1 15 15 15 0 5.0
72 69 106 40 114 33 40 385 4 13 10 6 0 9 9 7 0 8 8 5 0 8 5 1 0 6.0
73 35 66 40 34 31 40 9730 2 10 7 1 0 23 15 15 0 5.0
74 109 70 40 36 111 40 7119 4 17 8 13 0 8 5 1 0 22 17 7 1 16 13 18 1 6.0
75 67 107 40 34 100 40 8151 2 13 8 8 0 10 10 10 1 4.0
76 38 65 40 28 31 40 45000 3 22 15 5 0 30 20 30 0 9 8 6 0 4.0
77 111 75 40 98 107 40 3896 5 10 7 4 0 15 14 15 0 16 10 6 0 8 5 5 0 8 6 7 0 6.0
78 63 28 40 34 111 40 1610 3 8 5 4 0 17 15 10 0 8 6 15 0 6.0
79 68 105 40 101 37 40 37138 3 10 10 8 0 23 17 16 0 8 6 2 0 4.0
80 72 104 40 40 114 40 198 1 8 8 5 0 6.0
81 74 39 40 108 112 40 7453 4 15 15 15 0 15 7 10 0 17 9 20 0 10 10 20 1 6.0
82 101 79 40 32 36 40 862 1 12 10 5 0 5.0
83 39 71 40 28 35 40 2618 4 9 8 10 0 9 6 3 0 15 15 17 0 13 8 6 1 6.0
84 79 103 40 115 34 40 9540 2 15 12 20 0 16 9 22 0 5.0
85 67 111 40 27 103 40 2929 1 13 8 5 0 4.0
86 35 76 40 108 102 40 3253 3 12 10 10 0 9 5 1 0 10 7 7 1 5.0
87 106 66 40 102 106 40 2289 3 10 7 3 0 8 6 2 0 15 13 15 0 6.0
88 99 72 40 104 102 40 8213 1 16 13 13 1 4.0
89 31 77 40 38 34 40 39212 5 8 7 5 0 27 22 12 0 32 22 4 0 8 6 2 0 30 24 22 1 5.0
90 32 73 40 99 106 40 565 2 8 5 1 0 8 5 4 0 4.0
91 26 73 40 109 34 40 17204 4 11 7 1 0 19 16 7 0 13 10 17 0 8 8 2 1 4.0
92 72 33 40 41 103 40 3274 1 30 17 5 0 5.0
93 74 104 40 105 34 40 303 1 10 10 2 0 5.0
94 78 29 40 100 112 40 42501 5 9 5 2 0 16 7 3 0 9 9 10 0 8 5 5 0 29 25 14 1 4.0
95 102 65 40 31 102 40 887 2 7 6 6 0 8 5 8 0 5.0
96 70 108 40 42 114 40 183 1 8 5 3 1 5.0
97 73 26 40 113 109 40 4808 2 10 10 15 0 16 11 1 0 4.0
98 62 27 40 26 100 40 12166 4 22 16 19 0 8 6 5 0 18 5 15 0 16 16 9 1 5.0
99 76 33 40 98 31 40 10479 5 15 12 10 0 32 19 4 0 14 12 12 0 16 6 6 1 12 7 11 1 5.0
100 77 106 40 38 36 40 12308 5 30 15 2 0 25 20 4 0 11 5 4 0 49 25 3 1 11 7 1 1 5.0
101 64 101 40 37 38 40 1397 2 23 16 6 0 8 5 2 1 6.0
102 73 27 40 107 31 40 37925 4 25 7 5 0 13 8 8 0 8 8 8 1 15 15 2 1 4.0
103 64 100 40 28 36 40 9115 5 13 10 8 0 11 5 3 0 17 9 15 0 20 17 7 0 7 5 6 1 5.0
104 62 112 40 30 27 40 26762 4 42 25 8 0 13 10 3 0 8 5 4 0 12 8 12 0 4.0
105 72 111 40 42 111 40 1522 5 16 6 6 0 10 7 2 0 8 8 5 0 34 5 5 0 10 7 3 0 6.0
106 41 76 40 110 43 40 4043 2 16 16 11 0 19 14 5 0 5.0
