10    106   45000 60    25    30   
0     70    70    0     70    70    1351  0     
1 37 110 40 33 110 40 4323 3 15 12 6 0 10 6 2 1 10 10 10 1 4.0
2 35 80 40 74 114 40 6981 2 9 9 6 0 17 17 17 1 5.0
3 34 33 40 79 114 40 1475 1 11 10 16 1 6.0
4 24 65 40 74 102 40 34996 2 9 6 2 0 15 15 10 0 4.0
5 74 117 40 108 100 40 9441 3 37 25 26 0 17 17 6 0 31 20 8 1 6.0
6 35 40 40 40 114 40 2571 1 25 20 6 0 6.0
7 68 28 40 30 101 40 4795 3 25 21 6 0 20 20 6 0 13 7 5 1 6.0
8 107 39 40 67 23 40 1806 2 9 9 6 0 11 11 29 1 6.0
9 70 32 40 117 103 40 28488 2 11 9 3 0 23 16 29 1 4.0
10 23 110 40 102 30 40 14586 1 56 25 3 0 4.0
11 106 110 40 112 30 40 140 1 10 10 1 1 5.0
12 35 75 40 70 110 40 2627 2 9 6 3 1 11 11 11 1 5.0
13 76 108 40 62 39 40 6977 2 25 17 3 0 12 12 9 0 4.0
14 36 70 40 105 116 40 424 2 12 7 3 0 11 6 3 0 6.0
15 112 65 40 74 27 40 20825 3 17 17 23 0 25 25 16 0 35 25 15 0 6.0
16 72 118 40 108 75 40 1538 2 9 9 3 0 12 8 9 1 5.0
17 104 114 40 104 32 40 3279 3 9 8 9 0 11 11 11 0 34 23 5 0 6.0
18 68 105 40 109 76 40 2661 1 28 25 4 0 6.0
19 34 80 40 29 67 40 26927 2 23 18 4 0 11 11 11 0 4.0
20 25 108 40 36 66 40 12481 2 21 21 23 0 10 7 5 1 5.0
21 31 103 40 73 118 40 3138 2 20 5 6 0 30 7 9 0 5.0
22 41 28 40 104 34 40 474 2 10 7 12 0 10 7 2 0 6.0
23 112 24 40 30 111 40 381 1 12 12 12 0 6.0
24 39 23 40 108 29 40 1893 2 10 8 7 0 14 10 14 1 6.0
25 34 37 40 75 41 40 3531 2 8 7 5 0 11 10 7 1 4.0
26 38 32 40 25 61 40 6017 3 10 10 2 0 23 17 6 0 14 9 7 1 5.0
27 62 42 40 65 118 40 6098 3 11 8 11 0 14 12 15 0 13 11 10 0 5.0
28 40 76 40 30 115 40 21587 2 14 12 14 0 11 11 11 0 4.0
29 30 64 40 108 117 40 7724 2 29 25 12 0 11 9 7 1 6.0
30 112 114 40 70 113 40 397 1 10 6 6 0 5.0
31 71 31 40 66 26 40 43073 3 17 17 11 0 20 15 11 0 59 24 8 0 4.0
32 112 29 40 72 30 40 894 1 10 7 8 0 5.0
33 34 23 40 27 68 40 9648 3 23 14 13 0 14 14 23 0 9 6 6 1 5.0
34 38 34 40 110 70 40 1978 1 30 24 2 0 5.0
35 108 33 40 66 116 40 2531 3 31 11 4 0 7 6 6 0 12 10 7 0 6.0
36 38 40 40 101 69 40 4981 1 29 10 29 0 6.0
37 41 70 40 34 100 40 968 1 27 9 3 0 5.0
38 102 71 40 32 40 40 2140 3 11 9 3 0 9 7 7 0 11 8 6 1 5.0
39 70 108 40 103 107 40 767 1 12 8 8 0 6.0
40 74 99 40 116 72 40 2150 2 9 8 8 0 11 9 6 1 4.0
41 33 102 40 117 40 40 2336 3 9 6 1 0 28 23 5 0 14 14 6 1 6.0
42 101 102 40 105 62 40 6463 2 19 19 6 0 28 6 6 1 4.0
43 118 111 40 68 100 40 45000 3 20 20 26 0 21 11 9 0 11 9 3 1 4.0
44 117 108 40 35 118 40 1483 2 11 11 14 0 11 10 8 0 6.0
45 67 28 40 108 108 40 927 3 9 7 12 0 10 9 8 0 14 14 13 0 6.0
46 24 39 40 101 111 40 7291 2 16 10 3 0 17 17 6 0 4.0
47 72 108 40 30 79 40 2790 2 17 11 17 0 12 8 2 0 6.0
48 35 34 40 80 116 40 1344 2 9 9 9 0 10 9 5 1 5.0
49 69 118 40 40 69 40 12232 2 9 6 8 0 56 6 11 1 4.0
50 41 111 40 34 110 40 671 1 9 9 9 0 6.0
51 99 31 40 63 27 40 10198 1 42 25 11 0 6.0
52 116 39 40 107 64 40 10281 2 16 10 1 0 20 16 11 0 4.0
53 31 61 40 36 78 40 10504 2 34 23 11 0 21 21 7 1 6.0
54 115 40 40 36 72 40 36952 3 24 19 9 0 17 17 17 0 26 13 11 1 4.0
55 78 117 40 117 110 40 20630 2 17 11 10 0 42 10 7 0 4.0
56 34 68 40 117 105 40 1144 1 17 17 3 0 5.0
57 111 32 40 105 64 40 1460 2 11 10 3 0 9 9 9 1 5.0
58 40 32 40 39 30 40 17034 1 39 20 9 0 4.0
59 112 34 40 105 34 40 4642 2 16 14 9 0 23 23 18 0 6.0
60 25 76 40 116 79 40 1313 1 9 8 17 1 5.0
61 74 30 40 36 79 40 45000 3 12 9 5 0 10 8 5 0 24 8 14 1 4.0
62 107 109 40 107 106 40 3902 2 18 14 7 0 15 11 10 1 5.0
63 68 118 40 76 103 40 10096 2 11 10 9 1 28 23 11 1 5.0
64 64 26 40 101 63 40 45000 3 17 17 17 0 14 14 14 0 20 20 6 0 4.0
65 61 111 40 33 32 40 32762 2 26 25 30 0 9 9 9 0 5.0
66 39 115 40 79 118 40 13046 1 25 12 23 1 4.0
67 65 42 40 72 31 40 42825 2 18 12 21 0 29 25 3 1 4.0
68 114 24 40 104 41 40 14488 2 10 7 2 0 59 25 7 0 5.0
69 66 40 40 41 25 40 11249 2 19 11 25 0 11 8 14 0 5.0
70 104 112 40 24 27 40 2837 3 9 6 5 0 11 6 2 1 13 11 8 1 4.0
71 100 80 40 112 40 40 820 1 13 12 8 0 6.0
72 113 80 40 99 75 40 14213 3 15 12 10 0 23 23 11 0 9 6 6 1 4.0
73 35 30 40 33 108 40 12527 1 19 19 20 1 5.0
74 100 78 40 25 66 40 4456 3 11 6 2 0 17 7 6 1 20 15 11 1 5.0
75 80 28 40 28 100 40 145 1 15 7 4 0 6.0
76 71 29 40 99 116 40 45000 3 10 6 14 0 17 17 17 0 41 25 12 0 4.0
77 111 102 40 102 36 40 2080 1 11 9 11 0 4.0
78 115 38 40 108 77 40 4776 3 10 6 3 0 9 9 3 0 14 14 19 1 5.0
79 106 42 40 34 79 40 4072 3 10 7 2 0 11 11 11 0 15 12 10 0 5.0
80 38 103 40 32 39 40 5329 1 22 16 17 0 6.0
81 32 42 40 62 27 40 305 1 23 14 6 1 6.0
82 29 74 40 80 115 40 229 1 11 9 1 0 4.0
83 108 70 40 39 64 40 7375 2 11 9 6 0 12 10 14 1 4.0
84 25 32 40 113 37 40 1166 2 10 9 5 0 14 6 5 0 5.0
85 114 78 40 113 79 40 6274 1 11 11 13 0 4.0
86 71 26 40 36 114 40 1354 1 13 8 7 1 4.0
87 30 24 40 29 104 40 17543 3 14 11 8 0 10 6 5 0 29 14 30 0 5.0
88 117 70 40 99 71 40 1944 1 24 11 6 0 5.0
89 103 115 40 34 42 40 24511 3 32 25 21 0 10 7 10 0 11 8 6 1 5.0
90 40 62 40 109 67 40 8611 2 34 24 9 0 9 9 9 0 5.0
91 105 104 40 110 73 40 4592 1 47 25 4 0 6.0
92 38 113 40 102 25 40 11574 2 9 6 1 0 25 20 15 0 5.0
93 108 35 40 73 40 40 12970 2 15 10 7 0 52 9 30 0 6.0
94 104 115 40 107 78 40 17153 3 19 9 6 0 19 11 11 0 26 20 6 1 4.0
95 118 72 40 102 112 40 7275 2 14 10 2 0 26 14 14 0 5.0
96 64 111 40 99 32 40 2788 2 30 20 12 1 9 9 9 1 6.0
97 35 33 40 79 32 40 9807 2 45 9 9 0 10 7 2 0 4.0
98 80 35 40 34 39 40 25351 3 10 10 4 0 17 10 7 0 30 17 24 1 4.0
99 104 106 40 116 74 40 607 1 9 9 6 0 5.0
100 37 76 40 36 100 40 6685 3 23 17 2 0 17 17 6 0 22 7 6 0 4.0
101 101 106 40 28 42 40 3504 2 9 6 15 0 17 9 7 0 4.0
102 32 118 40 101 31 40 4858 2 26 15 30 0 15 14 11 1 6.0
103 39 102 40 31 107 40 45000 3 23 16 21 0 9 6 5 0 39 11 11 1 4.0
104 27 102 40 72 104 40 1702 3 14 8 4 0 12 8 8 0 23 17 2 1 6.0
105 73 31 40 73 39 40 5986 2 56 25 2 0 39 20 11 0 6.0
106 113 118 40 64 109 40 6304 2 19 13 13 0 17 8 25 0 6.0
