10    106   45000 60    25    30   
0     70    70    0     70    70    1351  0     
1 72 39 40 36 37 40 45000 3 11 11 11 0 26 20 9 1 50 7 30 1 4.0
2 105 71 40 104 110 40 1293 2 18 10 10 0 13 8 4 1 6.0
3 109 74 40 113 32 40 72 1 13 7 2 1 6.0
4 99 78 40 110 103 40 3282 2 9 6 6 0 12 11 9 0 4.0
5 110 66 40 30 104 40 5443 3 19 12 7 0 9 6 6 0 21 15 16 1 6.0
6 77 42 40 105 36 40 677 1 10 6 3 0 4.0
7 75 100 40 27 107 40 42468 3 9 8 3 0 11 11 11 0 20 20 20 1 4.0
8 76 40 40 110 105 40 809 2 20 8 3 0 12 12 16 1 6.0
9 34 62 40 115 114 40 2126 2 12 12 7 0 9 6 1 1 5.0
10 76 28 40 100 99 40 1492 1 11 9 7 0 4.0
11 30 79 40 42 31 40 5768 1 17 17 17 1 5.0
12 106 75 40 111 34 40 2994 2 10 8 6 1 12 12 14 1 5.0
13 26 76 40 104 40 40 11000 2 14 11 11 0 59 25 2 0 4.0
14 39 70 40 34 115 40 5760 2 17 17 17 0 52 13 7 0 6.0
15 75 103 40 115 110 40 4030 3 13 9 1 0 16 14 11 0 9 9 3 0 5.0
16 109 65 40 33 40 40 2954 2 10 6 4 0 39 6 6 1 5.0
17 111 65 40 98 100 40 1445 3 38 20 5 0 12 6 3 0 11 10 3 0 6.0
18 67 32 40 28 34 40 438 1 15 8 6 0 6.0
19 79 42 40 98 34 40 28203 2 35 25 22 0 11 6 10 0 5.0
20 67 113 40 35 34 40 2363 2 14 5 15 0 28 6 6 1 5.0
21 111 70 40 112 43 40 2431 2 9 9 3 0 12 9 4 0 4.0
22 108 78 40 26 111 40 45000 2 13 13 11 0 25 25 25 0 4.0
23 68 39 40 103 38 40 226 1 10 7 4 0 6.0
24 101 76 40 43 26 40 2571 2 31 22 6 0 9 9 9 1 6.0
25 103 73 40 29 106 40 32991 2 14 8 8 0 31 25 11 1 4.0
26 102 78 40 101 108 40 13284 3 21 16 30 0 11 10 11 0 12 8 5 1 5.0
27 62 39 40 113 99 40 21616 3 34 16 24 0 9 6 1 0 21 8 12 0 5.0
28 70 38 40 37 98 40 20213 2 31 19 11 0 34 22 22 0 6.0
29 75 115 40 100 29 40 17901 2 31 25 10 0 34 25 5 1 5.0
30 63 34 40 110 34 40 35704 1 28 20 19 0 4.0
31 63 110 40 38 29 40 32064 3 34 11 12 0 19 13 13 0 9 6 6 0 4.0
32 38 66 40 34 27 40 1909 1 12 9 12 0 5.0
33 64 40 40 37 103 40 6836 3 27 11 3 0 20 17 17 0 34 16 11 1 6.0
34 70 98 40 104 104 40 870 1 11 9 3 0 4.0
35 42 69 40 105 39 40 26177 3 9 7 2 0 36 25 20 0 13 11 10 0 5.0
36 103 63 40 100 110 40 331 1 9 6 3 0 4.0
37 108 73 40 33 104 40 9479 1 11 11 11 0 4.0
38 66 115 40 115 105 40 7093 3 11 10 7 0 52 22 6 0 11 9 17 1 6.0
39 36 64 40 104 43 40 7170 1 21 21 6 0 4.0
40 41 69 40 106 114 40 45000 2 33 24 12 0 13 8 8 1 4.0
41 69 27 40 43 104 40 1428 3 25 8 6 0 19 13 1 0 10 10 15 1 6.0
42 111 79 40 32 107 40 2627 2 21 11 17 0 10 10 10 1 6.0
43 104 79 40 33 102 40 5911 3 11 11 6 0 11 8 8 0 34 8 8 1 5.0
44 104 75 40 108 41 40 2377 2 11 11 11 0 10 7 9 0 5.0
45 30 67 40 99 109 40 8903 3 19 13 2 0 16 13 7 0 20 11 30 0 6.0
46 69 37 40 41 43 40 6625 2 29 7 7 0 9 9 6 0 4.0
47 35 74 40 99 115 40 43052 2 29 25 3 0 28 11 11 0 4.0
48 70 114 40 34 30 40 2357 2 11 6 3 0 20 20 7 1 6.0
49 33 63 40 35 27 40 2528 2 20 7 2 0 38 7 4 1 5.0
50 41 73 40 37 100 40 1271 1 22 17 3 0 5.0
51 106 63 40 105 40 40 1422 1 14 13 9 0 6.0
52 71 35 40 29 110 40 13368 2 9 9 6 0 19 12 12 0 4.0
53 69 101 40 114 42 40 886 2 12 10 4 0 11 6 3 1 5.0
54 31 76 40 34 107 40 593 3 17 12 7 0 10 9 7 0 14 10 2 1 6.0
55 33 75 40 28 40 40 26491 2 17 12 28 0 9 6 3 0 4.0
56 112 69 40 37 35 40 1522 1 12 11 8 0 5.0
57 79 102 40 115 103 40 697 2 19 19 3 0 10 8 7 1 6.0
58 41 70 40 114 32 40 19049 1 20 11 14 0 4.0
59 76 41 40 30 107 40 2493 2 11 11 6 0 9 6 4 0 4.0
60 77 105 40 98 98 40 2463 1 24 19 16 1 6.0
61 75 36 40 30 37 40 29925 3 10 10 15 0 10 8 7 0 11 11 15 1 4.0
62 63 99 40 32 32 40 33626 2 19 14 12 0 22 22 18 1 4.0
63 104 69 40 107 98 40 3452 2 11 9 6 1 24 8 14 1 5.0
64 78 100 40 106 36 40 5714 3 11 11 1 0 28 7 7 0 22 17 11 0 6.0
65 70 28 40 35 26 40 17586 2 31 9 28 0 19 14 7 0 5.0
66 34 72 40 113 41 40 113 1 10 7 2 1 6.0
67 113 76 40 40 101 40 13303 2 11 6 3 0 21 14 30 1 5.0
68 74 101 40 26 112 40 45000 2 34 25 30 0 9 6 4 0 4.0
69 33 70 40 101 106 40 531 2 15 10 7 0 10 7 5 0 6.0
70 29 70 40 36 34 40 2543 3 10 10 10 0 9 7 10 1 11 9 8 1 6.0
71 75 33 40 110 42 40 18503 1 31 25 21 0 5.0
72 69 106 40 114 33 40 16012 3 9 6 6 0 24 19 6 0 15 8 4 1 4.0
73 35 66 40 34 31 40 215 1 11 6 2 1 5.0
74 109 70 40 36 111 40 1745 3 11 11 20 0 17 17 20 1 11 6 2 1 6.0
75 67 107 40 34 100 40 404 1 10 7 7 0 6.0
76 38 65 40 28 31 40 8969 3 25 15 4 0 11 11 11 0 28 10 8 0 5.0
77 111 75 40 98 107 40 475 1 12 9 16 0 6.0
78 63 28 40 34 111 40 3680 3 16 12 13 0 17 15 7 0 15 15 6 1 6.0
79 68 105 40 101 37 40 20138 3 23 14 13 0 11 11 2 0 22 20 4 0 4.0
80 72 104 40 40 114 40 2620 1 19 12 7 0 5.0
81 74 39 40 108 112 40 36 1 11 8 1 1 6.0
82 101 79 40 32 36 40 9503 1 21 8 12 0 4.0
83 39 71 40 28 35 40 1603 2 9 6 4 0 9 9 7 1 4.0
84 79 103 40 115 34 40 14484 2 22 14 30 0 15 13 13 0 5.0
85 67 111 40 27 103 40 2521 1 8 7 7 0 4.0
86 35 76 40 108 102 40 2992 1 11 11 8 1 4.0
87 106 66 40 102 106 40 2197 3 11 11 11 0 12 10 6 0 10 7 2 0 6.0
88 99 72 40 104 102 40 26760 1 13 8 30 0 4.0
89 31 77 40 38 34 40 21337 3 11 11 11 0 55 22 8 0 17 7 15 1 5.0
90 32 73 40 99 106 40 7047 2 24 15 8 0 18 7 26 0 5.0
91 26 73 40 109 34 40 4790 1 13 13 10 0 4.0
92 72 33 40 41 103 40 2725 2 17 17 7 0 12 10 3 0 5.0
93 74 104 40 105 34 40 9135 2 22 20 20 0 16 16 6 0 6.0
94 78 29 40 100 112 40 4109 3 10 10 6 0 11 11 2 0 10 7 4 1 4.0
95 102 65 40 31 102 40 15861 2 21 21 30 0 24 19 7 0 6.0
96 70 108 40 42 114 40 2162 2 11 7 7 1 17 6 13 1 5.0
97 73 26 40 113 109 40 4188 2 17 11 5 0 12 12 8 0 5.0
98 62 27 40 26 100 40 8963 3 28 17 14 0 9 9 9 0 9 9 11 1 5.0
99 76 33 40 98 31 40 1057 1 16 12 7 0 6.0
100 77 106 40 38 36 40 20322 3 25 25 20 0 10 7 4 0 10 7 2 0 5.0
101 64 101 40 37 38 40 13137 2 20 11 6 0 31 25 5 0 4.0
102 73 27 40 107 31 40 2379 2 12 9 6 0 14 9 4 1 4.0
103 64 100 40 28 36 40 27127 3 22 9 15 0 26 19 6 0 25 20 25 1 5.0
104 62 112 40 30 27 40 4605 3 10 7 11 0 12 12 11 0 9 6 1 1 5.0
105 72 111 40 42 111 40 6773 2 20 17 11 0 25 25 11 0 6.0
106 41 76 40 110 43 40 4289 2 17 11 16 0 25 20 14 0 6.0
