10    106   45000 60    25    30   
0     70    70    0     70    70    1351  0     
1 37 83 40 66 96 40 8475 3 19 9 15 0 9 7 14 1 9 6 3 1 4.0
2 109 65 40 74 95 40 3271 2 19 19 22 0 15 6 2 1 6.0
3 50 35 40 71 71 40 395 1 11 11 8 1 6.0
4 107 67 40 42 30 40 45000 2 22 11 11 0 17 17 17 0 4.0
5 73 114 40 44 23 40 1448 3 25 19 10 0 9 7 2 0 28 17 3 1 6.0
6 48 25 40 107 87 40 90 1 9 7 2 0 6.0
7 100 30 40 99 70 40 45000 3 33 25 30 0 11 11 11 0 11 11 9 1 5.0
8 109 34 40 106 51 40 2947 2 20 13 4 0 12 8 2 1 4.0
9 87 119 40 22 88 40 3407 2 11 11 8 0 11 11 9 1 5.0
10 91 89 40 69 101 40 4071 1 15 11 7 0 4.0
11 71 72 40 89 34 40 1290 1 15 15 4 1 5.0
12 71 39 40 120 55 40 5244 2 14 8 4 1 25 19 8 1 5.0
13 113 80 40 42 43 40 25134 2 20 18 10 0 17 17 17 0 4.0
14 60 77 40 54 112 40 1103 2 14 10 7 0 9 8 6 0 6.0
15 47 79 40 51 62 40 5381 3 9 7 2 0 10 9 6 0 27 20 8 0 5.0
16 100 80 40 97 53 40 4147 2 11 8 6 0 18 7 11 1 4.0
17 47 22 40 105 105 40 8621 3 17 15 10 0 28 25 3 0 17 9 6 0 5.0
18 63 60 40 117 100 40 358 1 11 9 6 0 6.0
19 104 74 40 95 24 40 17324 2 9 6 5 0 17 17 17 0 4.0
20 40 75 40 62 29 40 2593 2 26 19 2 0 13 8 3 1 4.0
21 99 34 40 104 27 40 5067 2 33 17 3 0 24 11 8 0 5.0
22 27 99 40 49 102 40 45000 2 28 19 11 0 46 25 30 0 5.0
23 116 83 40 104 89 40 3671 1 11 11 11 0 4.0
24 48 70 40 108 57 40 7188 2 13 10 11 0 17 12 12 1 5.0
25 114 101 40 115 37 40 39943 2 38 6 6 0 19 11 30 1 4.0
26 77 61 40 76 61 40 907 3 9 6 5 0 11 6 3 0 39 14 8 1 6.0
27 70 73 40 101 114 40 8371 3 20 16 8 0 29 15 24 0 12 8 3 0 6.0
28 37 32 40 86 42 40 45000 2 11 7 3 0 30 17 30 0 4.0
29 45 115 40 87 41 40 6614 2 58 22 6 0 33 25 6 1 6.0
30 106 65 40 104 20 40 511 1 9 7 17 0 6.0
31 48 74 40 34 39 40 28522 3 31 18 6 0 27 11 11 0 23 12 4 0 4.0
32 39 100 40 92 36 40 2038 1 12 12 12 0 5.0
33 98 80 40 96 76 40 9573 3 28 18 4 0 28 7 8 0 11 11 11 1 5.0
34 98 101 40 110 21 40 3965 1 17 8 8 0 4.0
35 101 53 40 51 52 40 4928 3 26 14 10 0 22 11 14 0 14 14 3 0 6.0
36 46 40 40 98 78 40 712 1 24 7 8 0 6.0
37 106 103 40 92 43 40 1871 1 25 18 6 0 6.0
38 43 77 40 76 50 40 2637 3 10 6 4 0 17 12 12 0 11 11 7 1 6.0
39 91 67 40 93 56 40 8281 1 25 12 22 0 5.0
40 63 51 40 71 108 40 3493 2 19 6 7 0 17 17 6 1 5.0
41 100 79 40 112 76 40 12839 3 17 17 11 0 14 9 1 0 15 15 30 1 5.0
42 98 47 40 54 80 40 3011 2 22 17 28 0 28 7 7 1 6.0
43 43 57 40 80 103 40 29494 3 11 9 2 0 23 15 12 0 14 9 9 1 4.0
44 38 70 40 40 101 40 4521 2 20 19 13 0 9 7 7 0 6.0
45 106 57 40 95 103 40 9222 3 21 18 6 0 17 6 10 0 11 8 3 0 4.0
46 39 60 40 97 62 40 37798 2 11 11 8 0 22 17 28 0 4.0
47 52 36 40 119 38 40 1659 2 10 10 7 0 14 13 8 0 6.0
48 108 30 40 51 81 40 1922 2 24 24 9 0 9 6 1 1 6.0
49 116 110 40 45 35 40 4226 2 13 11 8 0 15 15 3 1 4.0
50 72 92 40 102 22 40 1215 1 13 9 8 0 5.0
51 95 111 40 92 108 40 119 1 9 7 2 0 6.0
52 120 26 40 67 54 40 31193 2 23 23 11 0 18 17 18 0 4.0
53 113 72 40 115 51 40 12296 2 25 19 8 0 15 13 12 1 4.0
54 20 96 40 28 98 40 416 3 16 9 13 0 10 9 5 0 9 9 7 1 6.0
55 108 97 40 81 70 40 8448 2 18 12 20 0 9 6 1 0 5.0
56 66 20 40 57 119 40 5410 1 47 25 6 0 6.0
57 57 94 40 24 108 40 449 2 13 8 4 0 14 6 6 1 6.0
58 80 40 40 26 74 40 7742 1 22 15 11 0 4.0
59 62 75 40 66 79 40 1863 2 17 9 9 0 19 14 6 0 6.0
60 103 63 40 37 95 40 5014 1 17 15 9 1 4.0
61 23 59 40 102 46 40 27775 3 28 20 6 0 17 11 30 0 14 14 6 1 4.0
62 47 64 40 38 80 40 3492 2 11 11 11 0 14 14 14 1 6.0
63 113 27 40 55 69 40 2363 2 11 11 8 1 14 11 4 1 5.0
64 71 60 40 91 34 40 16893 3 17 17 17 0 9 9 6 0 12 9 9 0 4.0
65 108 113 40 70 30 40 8029 2 25 19 8 0 11 8 6 0 5.0
66 114 117 40 117 68 40 642 1 10 9 7 1 5.0
67 38 26 40 94 111 40 10694 2 9 9 9 0 23 19 4 1 4.0
68 106 34 40 41 47 40 9218 2 19 19 9 0 19 14 8 0 5.0
69 76 60 40 44 71 40 450 2 13 8 2 0 11 9 3 0 6.0
70 41 20 40 106 54 40 24211 3 38 7 4 0 32 9 9 1 14 12 4 1 4.0
71 52 104 40 109 66 40 3553 1 18 13 14 0 5.0
72 57 55 40 116 108 40 1589 3 11 9 8 0 22 16 17 0 9 6 5 1 6.0
73 94 76 40 78 87 40 10722 1 17 17 20 1 5.0
74 90 109 40 47 48 40 16273 3 11 11 15 0 18 9 30 1 20 20 30 1 6.0
75 115 60 40 27 120 40 4004 1 15 10 6 0 4.0
76 78 55 40 44 81 40 9500 3 10 8 7 0 9 9 3 0 22 19 6 0 4.0
77 89 79 40 117 55 40 5980 1 27 14 20 0 6.0
78 40 98 40 49 43 40 207 3 9 6 1 0 9 8 4 0 11 9 1 1 6.0
79 108 69 40 28 106 40 45000 3 19 6 6 0 8 8 9 0 23 23 17 0 4.0
80 46 107 40 67 27 40 4433 1 26 23 12 0 6.0
81 94 21 40 112 91 40 1089 1 11 9 14 1 6.0
82 63 25 40 70 92 40 2840 1 19 13 8 0 5.0
83 114 115 40 72 111 40 427 2 10 7 11 0 11 9 1 1 6.0
84 42 99 40 62 22 40 5144 2 13 13 13 0 33 11 4 0 5.0
85 27 43 40 31 21 40 4614 1 13 9 7 0 4.0
86 80 28 40 78 39 40 3465 1 12 11 14 1 5.0
87 55 22 40 60 75 40 9219 3 22 17 22 0 24 22 7 0 17 8 8 0 6.0
88 59 65 40 89 60 40 11247 1 23 23 7 0 4.0
89 56 36 40 32 91 40 38096 3 33 20 30 0 9 6 9 0 27 10 19 1 5.0
90 73 85 40 23 56 40 17898 2 23 22 11 0 17 15 3 0 4.0
91 43 28 40 81 65 40 2333 1 11 8 7 0 4.0
92 75 115 40 55 76 40 3929 2 10 7 6 0 22 20 6 0 5.0
93 89 83 40 35 53 40 15113 2 22 15 20 0 22 22 7 0 5.0
94 94 95 40 77 113 40 44779 3 33 8 8 0 20 16 3 0 29 21 15 1 4.0
95 82 35 40 77 53 40 20260 2 17 11 13 0 28 20 19 0 5.0
96 49 114 40 91 42 40 13604 2 11 11 17 1 24 19 15 1 5.0
97 55 99 40 51 104 40 10688 2 9 6 1 0 17 12 18 0 4.0
98 109 28 40 85 59 40 3006 3 9 9 15 0 10 7 2 0 14 9 10 1 5.0
99 83 115 40 98 57 40 2856 1 33 8 8 0 5.0
100 97 71 40 53 88 40 34464 3 33 25 22 0 9 7 4 0 20 14 3 0 5.0
101 118 46 40 120 92 40 650 2 14 7 4 0 14 12 4 0 6.0
102 49 106 40 102 49 40 45000 2 19 19 14 0 20 14 8 1 4.0
103 34 89 40 79 92 40 6510 3 15 9 3 0 9 8 2 0 25 19 8 1 5.0
104 65 74 40 34 97 40 8472 3 16 15 4 0 17 6 17 0 9 8 7 1 4.0
105 67 57 40 98 76 40 12052 2 30 14 7 0 23 22 27 0 6.0
106 100 55 40 25 69 40 2479 2 14 9 9 0 22 16 4 0 5.0
