10    106   45000 60    25    30   
0     70    70    0     70    70    1351  0     
1 37 83 40 66 96 40 45000 3 11 11 11 0 26 20 9 1 50 7 30 1 4.0
2 109 65 40 74 95 40 1293 2 18 10 10 0 13 8 4 1 6.0
3 50 35 40 71 71 40 72 1 13 7 2 1 6.0
4 107 67 40 42 30 40 3282 2 9 6 6 0 12 11 9 0 4.0
5 73 114 40 44 23 40 5443 3 19 12 7 0 9 6 6 0 21 15 16 1 6.0
6 48 25 40 107 87 40 677 1 10 6 3 0 4.0
7 100 30 40 99 70 40 42468 3 9 8 3 0 11 11 11 0 20 20 20 1 4.0
8 109 34 40 106 51 40 809 2 20 8 3 0 12 12 16 1 6.0
9 87 119 40 22 88 40 2126 2 12 12 7 0 9 6 1 1 5.0
10 91 89 40 69 101 40 1492 1 11 9 7 0 4.0
11 71 72 40 89 34 40 5768 1 17 17 17 1 5.0
12 71 39 40 120 55 40 2994 2 10 8 6 1 12 12 14 1 5.0
13 113 80 40 42 43 40 11000 2 14 11 11 0 59 25 2 0 4.0
14 60 77 40 54 112 40 5760 2 17 17 17 0 52 13 7 0 6.0
15 47 79 40 51 62 40 4030 3 13 9 1 0 16 14 11 0 9 9 3 0 5.0
16 100 80 40 97 53 40 2954 2 10 6 4 0 39 6 6 1 5.0
17 47 22 40 105 105 40 1445 3 38 20 5 0 12 6 3 0 11 10 3 0 6.0
18 63 60 40 117 100 40 438 1 15 8 6 0 6.0
19 104 74 40 95 24 40 28203 2 35 25 22 0 11 6 10 0 5.0
20 40 75 40 62 29 40 2363 2 14 5 15 0 28 6 6 1 5.0
21 99 34 40 104 27 40 2431 2 9 9 3 0 12 9 4 0 4.0
22 27 99 40 49 102 40 45000 2 13 13 11 0 25 25 25 0 4.0
23 116 83 40 104 89 40 226 1 10 7 4 0 6.0
24 48 70 40 108 57 40 2571 2 31 22 6 0 9 9 9 1 6.0
25 114 101 40 115 37 40 32991 2 14 8 8 0 31 25 11 1 4.0
26 77 61 40 76 61 40 13284 3 21 16 30 0 11 10 11 0 12 8 5 1 5.0
27 70 73 40 101 114 40 21616 3 34 16 24 0 9 6 1 0 21 8 12 0 5.0
28 37 32 40 86 42 40 20213 2 31 19 11 0 34 22 22 0 6.0
29 45 115 40 87 41 40 17901 2 31 25 10 0 34 25 5 1 5.0
30 106 65 40 104 20 40 35704 1 28 20 19 0 4.0
31 48 74 40 34 39 40 32064 3 34 11 12 0 19 13 13 0 9 6 6 0 4.0
32 39 100 40 92 36 40 1909 1 12 9 12 0 5.0
33 98 80 40 96 76 40 6836 3 27 11 3 0 20 17 17 0 34 16 11 1 6.0
34 98 101 40 110 21 40 870 1 11 9 3 0 4.0
35 101 53 40 51 52 40 26177 3 9 7 2 0 36 25 20 0 13 11 10 0 5.0
36 46 40 40 98 78 40 331 1 9 6 3 0 4.0
37 106 103 40 92 43 40 9479 1 11 11 11 0 4.0
38 43 77 40 76 50 40 7093 3 11 10 7 0 52 22 6 0 11 9 17 1 6.0
39 91 67 40 93 56 40 7170 1 21 21 6 0 4.0
40 63 51 40 71 108 40 45000 2 33 24 12 0 13 8 8 1 4.0
41 100 79 40 112 76 40 1428 3 25 8 6 0 19 13 1 0 10 10 15 1 6.0
42 98 47 40 54 80 40 2627 2 21 11 17 0 10 10 10 1 6.0
43 43 57 40 80 103 40 5911 3 11 11 6 0 11 8 8 0 34 8 8 1 5.0
44 38 70 40 40 101 40 2377 2 11 11 11 0 10 7 9 0 5.0
45 106 57 40 95 103 40 8903 3 19 13 2 0 16 13 7 0 20 11 30 0 6.0
46 39 60 40 97 62 40 6625 2 29 7 7 0 9 9 6 0 4.0
47 52 36 40 119 38 40 43052 2 29 25 3 0 28 11 11 0 4.0
48 108 30 40 51 81 40 2357 2 11 6 3 0 20 20 7 1 6.0
49 116 110 40 45 35 40 2528 2 20 7 2 0 38 7 4 1 5.0
50 72 92 40 102 22 40 1271 1 22 17 3 0 5.0
51 95 111 40 92 108 40 1422 1 14 13 9 0 6.0
52 120 26 40 67 54 40 13368 2 9 9 6 0 19 12 12 0 4.0
53 113 72 40 115 51 40 886 2 12 10 4 0 11 6 3 1 5.0
54 20 96 40 28 98 40 593 3 17 12 7 0 10 9 7 0 14 10 2 1 6.0
55 108 97 40 81 70 40 26491 2 17 12 28 0 9 6 3 0 4.0
56 66 20 40 57 119 40 1522 1 12 11 8 0 5.0
57 57 94 40 24 108 40 697 2 19 19 3 0 10 8 7 1 6.0
58 80 40 40 26 74 40 19049 1 20 11 14 0 4.0
59 62 75 40 66 79 40 2493 2 11 11 6 0 9 6 4 0 4.0
60 103 63 40 37 95 40 2463 1 24 19 16 1 6.0
61 23 59 40 102 46 40 29925 3 10 10 15 0 10 8 7 0 11 11 15 1 4.0
62 47 64 40 38 80 40 33626 2 19 14 12 0 22 22 18 1 4.0
63 113 27 40 55 69 40 3452 2 11 9 6 1 24 8 14 1 5.0
64 71 60 40 91 34 40 5714 3 11 11 1 0 28 7 7 0 22 17 11 0 6.0
65 108 113 40 70 30 40 17586 2 31 9 28 0 19 14 7 0 5.0
66 114 117 40 117 68 40 113 1 10 7 2 1 6.0
67 38 26 40 94 111 40 13303 2 11 6 3 0 21 14 30 1 5.0
68 106 34 40 41 47 40 45000 2 34 25 30 0 9 6 4 0 4.0
69 76 60 40 44 71 40 531 2 15 10 7 0 10 7 5 0 6.0
70 41 20 40 106 54 40 2543 3 10 10 10 0 9 7 10 1 11 9 8 1 6.0
71 52 104 40 109 66 40 18503 1 31 25 21 0 5.0
72 57 55 40 116 108 40 16012 3 9 6 6 0 24 19 6 0 15 8 4 1 4.0
73 94 76 40 78 87 40 215 1 11 6 2 1 5.0
74 90 109 40 47 48 40 1745 3 11 11 20 0 17 17 20 1 11 6 2 1 6.0
75 115 60 40 27 120 40 404 1 10 7 7 0 6.0
76 78 55 40 44 81 40 8969 3 25 15 4 0 11 11 11 0 28 10 8 0 5.0
77 89 79 40 117 55 40 475 1 12 9 16 0 6.0
78 40 98 40 49 43 40 3680 3 16 12 13 0 17 15 7 0 15 15 6 1 6.0
79 108 69 40 28 106 40 20138 3 23 14 13 0 11 11 2 0 22 20 4 0 4.0
80 46 107 40 67 27 40 2620 1 19 12 7 0 5.0
81 94 21 40 112 91 40 36 1 11 8 1 1 6.0
82 63 25 40 70 92 40 9503 1 21 8 12 0 4.0
83 114 115 40 72 111 40 1603 2 9 6 4 0 9 9 7 1 4.0
84 42 99 40 62 22 40 14484 2 22 14 30 0 15 13 13 0 5.0
85 27 43 40 31 21 40 2521 1 8 7 7 0 4.0
86 80 28 40 78 39 40 2992 1 11 11 8 1 4.0
87 55 22 40 60 75 40 2197 3 11 11 11 0 12 10 6 0 10 7 2 0 6.0
88 59 65 40 89 60 40 26760 1 13 8 30 0 4.0
89 56 36 40 32 91 40 21337 3 11 11 11 0 55 22 8 0 17 7 15 1 5.0
90 73 85 40 23 56 40 7047 2 24 15 8 0 18 7 26 0 5.0
91 43 28 40 81 65 40 4790 1 13 13 10 0 4.0
92 75 115 40 55 76 40 2725 2 17 17 7 0 12 10 3 0 5.0
93 89 83 40 35 53 40 9135 2 22 20 20 0 16 16 6 0 6.0
94 94 95 40 77 113 40 4109 3 10 10 6 0 11 11 2 0 10 7 4 1 4.0
95 82 35 40 77 53 40 15861 2 21 21 30 0 24 19 7 0 6.0
96 49 114 40 91 42 40 2162 2 11 7 7 1 17 6 13 1 5.0
97 55 99 40 51 104 40 4188 2 17 11 5 0 12 12 8 0 5.0
98 109 28 40 85 59 40 8963 3 28 17 14 0 9 9 9 0 9 9 11 1 5.0
99 83 115 40 98 57 40 1057 1 16 12 7 0 6.0
100 97 71 40 53 88 40 20322 3 25 25 20 0 10 7 4 0 10 7 2 0 5.0
101 118 46 40 120 92 40 13137 2 20 11 6 0 31 25 5 0 4.0
102 49 106 40 102 49 40 2379 2 12 9 6 0 14 9 4 1 4.0
103 34 89 40 79 92 40 27127 3 22 9 15 0 26 19 6 0 25 20 25 1 5.0
104 65 74 40 34 97 40 4605 3 10 7 11 0 12 12 11 0 9 6 1 1 5.0
105 67 57 40 98 76 40 6773 2 20 17 11 0 25 25 11 0 6.0
106 100 55 40 25 69 40 4289 2 17 11 16 0 25 20 14 0 6.0
